O_station,D_station,distance,O_Station_code,D_Station_code,Total_Flow,Weekend_Flow,Weekday_Flow,Weekday_Peak_Flow,Weekday_Off_Peak_Flow
Donggu Road,Donghai Road,64444.51069,100026,100027,83,57,26,13,13
Donghai Road,Donggu Road,64444.51069,100027,100026,80,65,15,7,8
Exhibition Centre,Donggu Road,64196.72909,100037,100026,6,4,2,1,1
Donggu Road,Exhibition Centre,64196.72909,100026,100037,5,4,1,1,0
Taihu Road,Donggu Road,63744.2252,100130,100026,7,2,5,4,1
Donggu Road,Taihu Road,63744.2252,100026,100130,5,3,2,2,0
Donghai Road,North Beichen Tech Park,62991.03028,100027,100106,28,4,24,13,11
North Beichen Tech Park,Donghai Road,62991.03028,100106,100027,19,6,13,8,5
Exhibition Centre,North Beichen Tech Park,62811.75253,100037,100106,13,4,9,7,2
North Beichen Tech Park,Exhibition Centre,62811.75253,100106,100037,12,5,7,5,2
Donghai Road,Guorui Road,62588.21084,100027,100046,5,0,5,4,1
North Beichen Tech Park,Taihu Road,62397.60773,100106,100130,4,1,3,2,1
Taihu Road,North Beichen Tech Park,62397.60773,100130,100106,4,3,1,1,0
Guorui Road,Exhibition Centre,62340.42924,100046,100037,1,0,1,1,0
Civic Square,Donggu Road,62082.50748,100018,100026,18,7,11,3,8
Donggu Road,Civic Square,62082.50748,100026,100018,15,7,8,3,5
National Exhibition Centre,Donghai Road,61708.0148,100105,100027,5,3,2,1,1
Donghai Road,National Exhibition Centre,61708.0148,100027,100105,3,3,0,0,0
Exhibition Centre,National Exhibition Centre,61460.23319,100037,100105,1,0,1,0,1
South Station,Donghai Road,61248.49769,100122,100027,494,169,325,157,168
Donghai Road,South Station,61248.49769,100027,100122,389,157,232,109,123
National Exhibition Centre,Taihu Road,61007.72931,100105,100130,1,0,1,1,0
South Station,Exhibition Centre,61000.71608,100122,100037,195,58,137,51,86
Exhibition Centre,South Station,61000.71608,100037,100122,150,55,95,52,43
Danhebei Road,Donghai Road,60886.98572,100022,100027,2,0,2,0,2
North Beichen Tech Park,Civic Square,60735.89,100106,100018,22,5,17,10,7
Civic Square,North Beichen Tech Park,60735.89,100018,100106,16,5,11,4,7
Danhebei Road,Exhibition Centre,60707.70797,100022,100037,4,2,2,1,1
Exhibition Centre,Danhebei Road,60707.70797,100037,100022,1,0,1,1,0
South Station,Taihu Road,60548.2122,100122,100130,105,40,65,20,45
Taihu Road,South Station,60548.2122,100130,100122,105,39,66,33,33
Guorui Road,Civic Square,60226.20762,100046,100018,1,0,1,0,1
Donghai Road,Yangwu Zhuang,60134.74185,100027,100169,49,18,31,12,19
Yangwu Zhuang,Donghai Road,60134.74185,100169,100027,44,20,24,15,9
Civic Square,Dongli Liujing Road,59910.99342,100018,100031,1,0,1,0,1
Donggu Road,Taida,59897.82898,100026,100129,21,11,10,6,4
Taida,Donggu Road,59897.82898,100129,100026,12,5,7,3,4
Yangwu Zhuang,Exhibition Centre,59886.96025,100169,100037,10,4,6,6,0
Exhibition Centre,Yangwu Zhuang,59886.96025,100037,100169,7,4,3,3,0
Taihu Road,Yangwu Zhuang,59434.45636,100130,100169,6,1,5,2,3
Yangwu Zhuang,Taihu Road,59434.45636,100169,100130,6,2,4,2,2
Donghai Road,Liuyuan,59361.38681,100027,100091,184,73,111,64,47
Liuyuan,Donghai Road,59361.38681,100091,100027,157,66,91,42,49
National Exhibition Centre,Civic Square,59346.01158,100105,100018,1,1,0,0,0
Donghai Road,Beichen Road,59320.77021,100027,100005,58,18,40,27,13
Beichen Road,Donghai Road,59320.77021,100005,100027,53,13,40,21,19
Donghai Road,Xuefu Industrial Area,59271.47321,100027,100163,36,13,23,10,13
Xuefu Industrial Area,Donghai Road,59271.47321,100163,100027,34,15,19,13,6
Liuyuan,Exhibition Centre,59182.10905,100091,100037,58,25,33,16,17
Exhibition Centre,Liuyuan,59182.10905,100037,100091,46,19,27,12,15
Donghai Road,Gaozhuangzi,59153.32613,100027,100043,47,34,13,8,5
Gaozhuangzi,Donghai Road,59153.32613,100043,100027,44,24,20,4,16
Exhibition Centre,Beichen Road,59141.49246,100037,100005,13,3,10,2,8
Beichen Road,Exhibition Centre,59141.49246,100005,100037,9,3,6,3,3
Exhibition Centre,Xuefu Industrial Area,59023.6916,100037,100163,34,5,29,19,10
Xuefu Industrial Area,Exhibition Centre,59023.6916,100163,100037,30,6,24,23,1
Gaozhuangzi,Exhibition Centre,58905.54452,100043,100037,13,4,9,5,4
Exhibition Centre,Gaozhuangzi,58905.54452,100037,100043,11,2,9,5,4
South Station,Civic Square,58886.49447,100122,100018,626,184,442,190,252
Civic Square,South Station,58886.49447,100018,100122,438,157,281,107,174
Xiaodian,Donghai Road,58819.00026,100155,100027,24,7,17,6,11
Donghai Road,Xiaodian,58819.00026,100027,100155,18,7,11,7,4
Taihu Road,Liuyuan,58797.05184,100130,100091,67,17,50,37,13
Liuyuan,Taihu Road,58797.05184,100091,100130,61,18,43,24,19
Taihu Road,Beichen Road,58756.43524,100130,100005,16,4,12,5,7
Beichen Road,Taihu Road,58756.43524,100005,100130,7,2,5,1,4
Danhebei Road,Civic Square,58683.69296,100022,100018,4,0,4,0,4
Civic Square,Danhebei Road,58683.69296,100018,100022,3,0,3,2,1
Xiaodian,Exhibition Centre,58639.72251,100155,100037,13,2,11,4,7
Exhibition Centre,Xiaodian,58639.72251,100037,100155,8,4,4,2,2
Xuefu Industrial Area,Taihu Road,58571.18772,100163,100130,4,0,4,1,3
Taihu Road,Xuefu Industrial Area,58571.18772,100130,100163,1,0,1,0,1
North Beichen Tech Park,Taida,58551.21151,100106,100129,43,24,19,12,7
Taida,North Beichen Tech Park,58551.21151,100129,100106,27,11,16,12,4
Taihu Road,Gaozhuangzi,58453.04064,100130,100043,2,1,1,0,1
Gaozhuangzi,Taihu Road,58453.04064,100043,100130,1,1,0,0,0
Dongli Sanjing Road,Civic Square,58383.25549,100032,100018,1,1,0,0,0
Ruijing XinYuan,Donghai Road,58360.16467,100114,100027,93,47,46,30,16
Donghai Road,Ruijing XinYuan,58360.16467,100027,100114,69,31,38,27,11
Exhibition Centre,Nansun Zhuang,58357.77612,100037,100103,1,1,0,0,0
Nansun Zhuang,Exhibition Centre,58357.77612,100103,100037,1,0,1,0,1
Xiaodian,Taihu Road,58254.6653,100155,100130,3,0,3,2,1
Taihu Road,Xiaodian,58254.6653,100130,100155,2,0,2,0,2
Donggu Road,Tanggu,58253.18219,100026,100131,44,17,27,9,18
Tanggu,Donggu Road,58253.18219,100131,100026,40,22,18,9,9
Donghai Road,Fengchan River,58198.21945,100027,100039,4,3,1,1,0
Fengchan River,Donghai Road,58198.21945,100039,100027,3,0,3,2,1
Ruijing XinYuan,Exhibition Centre,58180.88692,100114,100037,37,8,29,17,12
Exhibition Centre,Ruijing XinYuan,58180.88692,100037,100114,32,7,25,10,15
Donghai Road,Binhai International Airport,58174.39316,100027,100010,94,40,54,27,27
Binhai International Airport,Donghai Road,58174.39316,100010,100027,71,23,48,15,33
Guorui Road,Taida,58041.52913,100046,100129,1,0,1,1,0
Taida,Guorui Road,58041.52913,100129,100046,1,0,1,1,0
Donghai Road,Professional University,58036.75402,100027,100112,76,49,27,16,11
Professional University,Donghai Road,58036.75402,100112,100027,76,47,29,13,16
Fengchan River,Exhibition Centre,58018.94169,100039,100037,1,1,0,0,0
Exhibition Centre,Fengchan River,58018.94169,100037,100039,1,1,0,0,0
Binhai International Airport,Exhibition Centre,57926.61155,100010,100037,73,21,52,21,31
Exhibition Centre,Binhai International Airport,57926.61155,100037,100010,54,18,36,13,23
Exhibition Centre,Professional University,57857.47627,100037,100112,16,9,7,6,1
Professional University,Exhibition Centre,57857.47627,100112,100037,10,1,9,5,4
Ruijing XinYuan,Taihu Road,57795.82971,100114,100130,14,6,8,4,4
Taihu Road,Ruijing XinYuan,57795.82971,100130,100114,13,6,7,3,4
Civic Square,Yangwu Zhuang,57772.73863,100018,100169,27,8,19,13,6
Yangwu Zhuang,Civic Square,57772.73863,100169,100018,25,7,18,14,4
Nansun Zhuang,Donghai Road,57705.27071,100103,100027,5,0,5,0,5
Donghai Road,Hongni River East,57692.61112,100027,100056,11,8,3,2,1
Hongni River East,Donghai Road,57692.61112,100056,100027,7,7,0,0,0
High-Tech Zone,Donghai Road,57692.58608,100054,100027,163,70,93,38,55
Donghai Road,High-Tech Zone,57692.58608,100027,100054,153,66,87,54,33
Taihu Road,Fengchan River,57633.88448,100130,100039,1,0,1,1,0
Taihu Road,Binhai International Airport,57474.10767,100130,100010,47,15,32,15,17
Binhai International Airport,Taihu Road,57474.10767,100010,100130,43,18,25,10,15
Taihu Road,Professional University,57472.41906,100130,100112,19,3,16,11,5
Professional University,Taihu Road,57472.41906,100112,100130,10,6,4,3,1
Hongni River East,Exhibition Centre,57444.82952,100056,100037,3,2,1,0,1
Exhibition Centre,Hongni River East,57444.82952,100037,100056,2,2,0,0,0
Exhibition Centre,High-Tech Zone,57444.80448,100037,100054,39,12,27,22,5
High-Tech Zone,Exhibition Centre,57444.80448,100054,100037,30,5,25,11,14
Donghai Road,Jiayuan Li,57298.31785,100027,100067,88,28,60,31,29
Jiayuan Li,Donghai Road,57298.31785,100067,100027,67,21,46,29,17
Donghai Road,Cao Zhuang,57199.3578,100027,100011,360,146,214,133,81
Cao Zhuang,Donghai Road,57199.3578,100011,100027,288,114,174,100,74
Civic Square,Liuyuan,57170.06774,100018,100091,177,53,124,66,58
Liuyuan,Civic Square,57170.06774,100091,100018,150,36,114,63,51
Taida,National Exhibition Centre,57161.33309,100129,100105,4,4,0,0,0
National Exhibition Centre,Taida,57161.33309,100105,100129,2,0,2,0,2
Civic Square,Beichen Road,57129.45115,100018,100005,43,10,33,18,15
Beichen Road,Civic Square,57129.45115,100005,100018,40,12,28,22,6
Exhibition Centre,Jiayuan Li,57119.0401,100037,100067,23,5,18,12,6
Jiayuan Li,Exhibition Centre,57119.0401,100067,100037,17,4,13,12,1
Cao Zhuang,Exhibition Centre,57020.08004,100011,100037,106,40,66,29,37
Exhibition Centre,Cao Zhuang,57020.08004,100037,100011,96,38,58,30,28
High-Tech Zone,Taihu Road,56992.3006,100054,100130,27,6,21,13,8
Taihu Road,High-Tech Zone,56992.3006,100130,100054,26,7,19,14,5
North China Group,Donghai Road,56913.178,100107,100027,153,72,81,32,49
Donghai Road,North China Group,56913.178,100027,100107,151,53,98,61,37
Xuefu Industrial Area,Civic Square,56909.46999,100163,100018,36,4,32,20,12
Civic Square,Xuefu Industrial Area,56909.46999,100018,100163,34,5,29,28,1
North Beichen Tech Park,Tanggu,56906.56472,100106,100131,69,23,46,18,28
Tanggu,North Beichen Tech Park,56906.56472,100131,100106,50,25,25,17,8
Gaozhuangzi,Civic Square,56791.32291,100043,100018,15,3,12,4,8
Civic Square,Gaozhuangzi,56791.32291,100018,100043,9,3,6,4,2
Jiayuan Li,Taihu Road,56733.98289,100067,100130,18,3,15,11,4
Taihu Road,Jiayuan Li,56733.98289,100130,100067,16,0,16,13,3
North China Group,Exhibition Centre,56733.90025,100107,100037,59,24,35,20,15
Exhibition Centre,North China Group,56733.90025,100037,100107,51,12,39,19,20
South Station,Taida,56701.81598,100122,100129,447,147,300,112,188
Taida,South Station,56701.81598,100129,100122,307,138,169,88,81
Nanhe Zhuang,Donghai Road,56692.77875,100101,100027,23,16,7,2,5
Donghai Road,Nanhe Zhuang,56692.77875,100027,100101,17,13,4,0,4
University town,Donghai Road,56666.49076,100143,100027,318,146,172,83,89
Donghai Road,University town,56666.49076,100027,100143,297,175,122,75,47
Cao Zhuang,Taihu Road,56635.02283,100011,100130,80,31,49,30,19
Taihu Road,Cao Zhuang,56635.02283,100130,100011,71,18,53,38,15
Xiaodian,Civic Square,56627.6812,100155,100018,14,3,11,8,3
Civic Square,Xiaodian,56627.6812,100018,100155,10,3,7,4,3
Danhebei Road,Taida,56498.09269,100022,100129,5,1,4,2,2
Taida,Danhebei Road,56498.09269,100129,100022,2,0,2,2,0
Exhibition Centre,Nanhe Zhuang,56444.99715,100037,100101,5,2,3,0,3
Nanhe Zhuang,Exhibition Centre,56444.99715,100101,100037,4,2,2,0,2
University town,Exhibition Centre,56418.70916,100143,100037,80,31,49,27,22
Exhibition Centre,University town,56418.70916,100037,100143,69,26,43,17,26
Tanggu,Guorui Road,56396.88234,100131,100046,3,1,2,0,2
Guorui Road,Tanggu,56396.88234,100046,100131,2,2,0,0,0
Donghai Road,Huaihe Road,56384.65941,100027,100058,28,8,20,11,9
Huaihe Road,Donghai Road,56384.65941,100058,100027,23,5,18,11,7
North China Group,Taihu Road,56348.84304,100107,100130,33,11,22,11,11
Taihu Road,North China Group,56348.84304,100130,100107,28,12,16,5,11
Nansun Zhuang,Civic Square,56243.55451,100103,100018,4,1,3,0,3
Civic Square,Nansun Zhuang,56243.55451,100018,100103,3,2,1,0,1
Exhibition Centre,Huaihe Road,56205.38165,100037,100058,11,0,11,7,4
Huaihe Road,Exhibition Centre,56205.38165,100058,100037,11,1,10,9,1
Donghai Road,Benxi Road,56181.89867,100027,100008,157,81,76,49,27
Benxi Road,Donghai Road,56181.89867,100008,100027,138,71,67,33,34
Ruijing XinYuan,Civic Square,56168.84561,100114,100018,63,14,49,32,17
Civic Square,Ruijing XinYuan,56168.84561,100018,100114,47,15,32,15,17
Dongli Liujing Road,Tanggu,56081.66813,100031,100131,1,0,1,1,0
Civic Square,Fengchan River,56006.90039,100018,100039,7,3,4,3,1
Fengchan River,Civic Square,56006.90039,100039,100018,2,0,2,2,0
Exhibition Centre,Benxi Road,56002.62092,100037,100008,35,8,27,20,7
Benxi Road,Exhibition Centre,56002.62092,100008,100037,26,3,23,19,4
Taihu Road,Nanhe Zhuang,55992.49326,100130,100101,1,1,0,0,0
University town,Taihu Road,55966.20528,100143,100130,49,13,36,21,15
Taihu Road,University town,55966.20528,100130,100143,47,15,32,16,16
Airport Economic Zone,Donghai Road,55869.7806,100001,100027,51,31,20,11,9
Donghai Road,Airport Economic Zone,55869.7806,100027,100001,44,21,23,4,19
University of Civil Aviation,Donghai Road,55856.49574,100142,100027,38,27,11,2,9
Donghai Road,University of Civil Aviation,55856.49574,100027,100142,13,9,4,0,4
Civic Square,Professional University,55845.43496,100018,100112,65,28,37,18,19
Professional University,Civic Square,55845.43496,100112,100018,55,10,45,31,14
Taihu Road,Huaihe Road,55820.32444,100130,100058,9,2,7,5,2
Huaihe Road,Taihu Road,55820.32444,100058,100130,6,2,4,4,0
Binhai International Airport,Civic Square,55812.38994,100010,100018,186,62,124,36,88
Civic Square,Binhai International Airport,55812.38994,100018,100010,140,44,96,38,58
Donghai Road,Dabi Zhuang,55675.19058,100027,100021,27,9,18,10,8
Dabi Zhuang,Donghai Road,55675.19058,100021,100027,21,8,13,9,4
Donghai Road,Nanzhu Bridge,55658.21075,100027,100104,1,0,1,0,1
Nanzhu Bridge,Donghai Road,55658.21075,100104,100027,1,1,0,0,0
Bianxing,Donghai Road,55627.62356,100009,100027,51,8,43,30,13
Donghai Road,Bianxing,55627.62356,100027,100009,48,12,36,22,14
Airport Economic Zone,Exhibition Centre,55621.999,100001,100037,20,8,12,4,8
Exhibition Centre,Airport Economic Zone,55621.999,100037,100001,19,7,12,8,4
Benxi Road,Taihu Road,55617.56371,100008,100130,31,6,25,20,5
Taihu Road,Benxi Road,55617.56371,100130,100008,30,8,22,17,5
Taida,Yangwu Zhuang,55588.06014,100129,100169,37,11,26,22,4
Yangwu Zhuang,Taida,55588.06014,100169,100129,36,10,26,19,7
National Exhibition Centre,Tanggu,55516.6863,100105,100131,9,2,7,2,5
Tanggu,National Exhibition Centre,55516.6863,100131,100105,5,2,3,2,1
Xinxing Village,Civic Square,55469.6586,100162,100018,2,0,2,2,0
Exhibition Centre,Bianxing,55448.34581,100037,100009,28,8,20,12,8
Bianxing,Exhibition Centre,55448.34581,100009,100037,15,2,13,8,5
Exhibition Centre,Dabi Zhuang,55427.40897,100037,100021,7,4,3,2,1
Dabi Zhuang,Exhibition Centre,55427.40897,100021,100037,6,1,5,3,2
Exhibition Centre,Nanzhu Bridge,55410.42914,100037,100104,1,1,0,0,0
Nanzhu Bridge,Exhibition Centre,55410.42914,100104,100037,1,0,1,0,1
Civic Square,Hongni River East,55330.60791,100018,100056,3,0,3,1,2
Hongni River East,Civic Square,55330.60791,100056,100018,1,0,1,1,0
High-Tech Zone,Civic Square,55330.58287,100054,100018,88,21,67,35,32
Civic Square,High-Tech Zone,55330.58287,100018,100054,83,25,58,32,26
Lilou,Donghai Road,55292.73203,100086,100027,13,5,8,1,7
Donghai Road,Lilou,55292.73203,100027,100086,9,3,6,4,2
Xueyuan North Road,Taihu Road,55252.08537,100165,100130,1,1,0,0,0
Liaohe North Road,Donghai Road,55210.68674,100084,100027,26,11,15,6,9
Donghai Road,Liaohe North Road,55210.68674,100027,100084,24,10,14,4,10
Taihu Road,Airport Economic Zone,55169.49511,100130,100001,21,7,14,6,8
Airport Economic Zone,Taihu Road,55169.49511,100001,100130,11,8,3,1,2
University of Civil Aviation,Taihu Road,55156.21025,100142,100130,1,0,1,0,1
Jiayuan Li,Civic Square,55106.99879,100067,100018,69,16,53,45,8
Civic Square,Jiayuan Li,55106.99879,100018,100067,68,21,47,32,15
Bianxing,Taihu Road,55063.2886,100009,100130,15,5,10,4,6
Taihu Road,Bianxing,55063.2886,100130,100009,12,6,6,4,2
South Station,Tanggu,55057.16919,100122,100131,1511,426,1085,419,666
Tanggu,South Station,55057.16919,100131,100122,847,395,452,178,274
Exhibition Centre,Lilou,55044.95043,100037,100086,3,0,3,2,1
Lilou,Exhibition Centre,55044.95043,100086,100037,3,1,2,1,1
Liaohe North Road,Exhibition Centre,55031.40899,100084,100037,17,4,13,10,3
Exhibition Centre,Liaohe North Road,55031.40899,100037,100084,13,1,12,12,0
Cao Zhuang,Civic Square,55008.03874,100011,100018,283,59,224,126,98
Civic Square,Cao Zhuang,55008.03874,100018,100011,256,85,171,98,73
Dabi Zhuang,Taihu Road,54974.90509,100021,100130,5,3,2,0,2
Taihu Road,Dabi Zhuang,54974.90509,100130,100021,4,2,2,2,0
Liuyuan,Taida,54972.49377,100091,100129,153,67,86,39,47
Taida,Liuyuan,54972.49377,100129,100091,127,50,77,33,44
Donghai Road,Qinjian Road,54968.41232,100027,100113,79,23,56,27,29
Qinjian Road,Donghai Road,54968.41232,100113,100027,48,8,40,22,18
Taida,Beichen Road,54931.87718,100129,100005,44,23,21,5,16
Beichen Road,Taida,54931.87718,100005,100129,26,13,13,3,10
Donghai Road,Chunhai Road,54856.84826,100027,100017,1,0,1,1,0
Tanggu,Danhebei Road,54852.87935,100131,100022,10,1,9,1,8
Danhebei Road,Tanggu,54852.87935,100022,100131,5,0,5,0,5
Qinjian Road,Exhibition Centre,54789.13457,100113,100037,61,16,45,35,10
Exhibition Centre,Qinjian Road,54789.13457,100037,100113,51,16,35,27,8
Taida,Xuefu Industrial Area,54724.7915,100129,100163,34,8,26,20,6
Xuefu Industrial Area,Taida,54724.7915,100163,100129,18,3,15,11,4
North China Group,Civic Square,54721.85894,100107,100018,146,39,107,47,60
Civic Square,North China Group,54721.85894,100018,100107,126,33,93,48,45
Jieyuan West Road,Donghai Road,54701.21915,100069,100027,80,26,54,30,24
Donghai Road,Jieyuan West Road,54701.21915,100027,100069,77,27,50,27,23
Donghai Road,JinZhong Street,54688.28937,100027,100080,27,12,15,15,0
JinZhong Street,Donghai Road,54688.28937,100080,100027,18,8,10,7,3
Taihu Road,Liaohe North Road,54646.35178,100130,100084,7,2,5,2,3
Liaohe North Road,Taihu Road,54646.35178,100084,100130,4,2,2,0,2
Donghai Road,Huayuan,54609.07128,100027,100061,153,48,105,67,38
Huayuan,Donghai Road,54609.07128,100061,100027,120,32,88,51,37
Taida,Gaozhuangzi,54606.64442,100129,100043,9,2,7,5,2
Gaozhuangzi,Taida,54606.64442,100043,100129,8,7,1,1,0
Lilou,Taihu Road,54592.44655,100086,100130,3,1,2,1,1
Taihu Road,Lilou,54592.44655,100130,100086,2,1,1,0,1
Donghai Road,Youyi South Road,54569.34949,100027,100178,3,3,0,0,0
Jieyuan West Road,Exhibition Centre,54521.94139,100069,100037,52,11,41,24,17
Exhibition Centre,Jieyuan West Road,54521.94139,100037,100069,50,10,40,23,17
Donghai Road,Hangshuang Road,54508.62353,100027,100051,1,0,1,0,1
Hangshuang Road,Donghai Road,54508.62353,100051,100027,1,0,1,0,1
Exhibition Centre,JinZhong Street,54440.50777,100037,100080,14,6,8,5,3
JinZhong Street,Exhibition Centre,54440.50777,100080,100037,3,1,2,1,1
Taida,Xiaodian,54430.10723,100129,100155,15,4,11,2,9
Xiaodian,Taida,54430.10723,100155,100129,12,4,8,0,8
Donghai Road,Tianshili,54404.61967,100027,100136,10,4,6,6,0
Tianshili,Donghai Road,54404.61967,100136,100027,10,3,7,6,1
Taihu Road,Qinjian Road,54404.07736,100130,100113,19,5,14,7,7
Qinjian Road,Taihu Road,54404.07736,100113,100130,18,4,14,8,6
Exhibition Centre,Huayuan,54361.28968,100037,100061,89,22,67,45,22
Huayuan,Exhibition Centre,54361.28968,100061,100037,89,12,77,56,21
Donghai Road,Yixingbu North,54331.5397,100027,100176,69,19,50,29,21
Yixingbu North,Donghai Road,54331.5397,100176,100027,52,13,39,31,8
Nanhe Zhuang,Civic Square,54330.77553,100101,100018,33,12,21,6,15
Civic Square,Nanhe Zhuang,54330.77553,100018,100101,22,8,14,5,9
Youyi South Road,Exhibition Centre,54321.56788,100178,100037,3,2,1,0,1
University town,Civic Square,54304.48755,100143,100018,219,54,165,95,70
Civic Square,University town,54304.48755,100018,100143,174,73,101,53,48
Exhibition Centre,Hangshuang Road,54260.84192,100037,100051,2,0,2,0,2
Hangshuang Road,Exhibition Centre,54260.84192,100051,100037,2,0,2,0,2
Tianshili,Exhibition Centre,54225.34192,100136,100037,5,1,4,4,0
Exhibition Centre,Tianshili,54225.34192,100037,100136,2,0,2,2,0
Huaihe Road,Civic Square,54193.34035,100058,100018,38,6,32,26,6
Civic Square,Huaihe Road,54193.34035,100018,100058,32,5,27,21,6
Liqi Zhuang South,Donghai Road,54164.0506,100088,100027,13,4,9,4,5
Donghai Road,Liqi Zhuang South,54164.0506,100027,100088,11,2,9,3,6
Exhibition Centre,Yixingbu North,54152.26194,100037,100176,21,9,12,4,8
Yixingbu North,Exhibition Centre,54152.26194,100176,100037,15,8,7,5,2
Jieyuan West Road,Taihu Road,54136.88418,100069,100130,32,6,26,19,7
Taihu Road,Jieyuan West Road,54136.88418,100130,100069,26,7,19,11,8
Nansun Zhuang,Taida,54058.87602,100103,100129,3,1,2,0,2
Magangchang,Donghai Road,54024.69653,100094,100027,2,2,0,0,0
Donghai Road,Magangchang,54024.69653,100027,100094,1,0,1,1,0
Civic Square,Benxi Road,53990.57961,100018,100008,104,30,74,36,38
Benxi Road,Civic Square,53990.57961,100008,100018,83,20,63,39,24
JinZhong Street,Taihu Road,53988.00389,100080,100130,6,4,2,0,2
Taihu Road,JinZhong Street,53988.00389,100130,100080,3,1,2,2,0
Honghu Li,Donghai Road,53975.59478,100055,100027,131,58,73,33,40
Donghai Road,Honghu Li,53975.59478,100027,100055,120,60,60,35,25
Taida,Ruijing XinYuan,53971.27164,100129,100114,52,21,31,22,9
Ruijing XinYuan,Taida,53971.27164,100114,100129,43,12,31,18,13
Yangwu Zhuang,Tanggu,53943.41335,100169,100131,52,14,38,15,23
Tanggu,Yangwu Zhuang,53943.41335,100131,100169,50,19,31,11,20
Liqi Zhuang South,Exhibition Centre,53916.269,100088,100037,3,1,2,0,2
Exhibition Centre,Liqi Zhuang South,53916.269,100037,100088,2,1,1,0,1
Taihu Road,Huayuan,53908.7858,100130,100061,93,16,77,58,19
Huayuan,Taihu Road,53908.7858,100061,100130,78,18,60,32,28
Donghai Road,Yutai,53848.29067,100027,100183,5,1,4,3,1
Yutai,Donghai Road,53848.29067,100183,100027,5,3,2,2,0
Tianshili,Taihu Road,53840.2847,100136,100130,8,2,6,2,4
Taihu Road,Tianshili,53840.2847,100130,100136,6,0,6,6,0
Taida,Fengchan River,53809.32642,100129,100039,6,2,4,4,0
Fengchan River,Taida,53809.32642,100039,100129,4,1,3,2,1
Honghu Li,Exhibition Centre,53796.31703,100055,100037,52,25,27,20,7
Exhibition Centre,Honghu Li,53796.31703,100037,100055,48,19,29,21,8
Magangchang,Exhibition Centre,53776.91492,100094,100037,2,1,1,0,1
Exhibition Centre,Magangchang,53776.91492,100037,100094,1,1,0,0,0
Taihu Road,Yixingbu North,53767.20473,100130,100176,22,3,19,10,9
Yixingbu North,Taihu Road,53767.20473,100176,100130,17,6,11,4,7
Donghai Road,Guoshan Road,53677.60668,100027,100047,6,1,5,2,3
Guoshan Road,Donghai Road,53677.60668,100047,100027,5,1,4,2,2
Taida,Professional University,53647.86099,100129,100112,47,11,36,17,19
Professional University,Taida,53647.86099,100112,100129,40,10,30,14,16
Binhai International Airport,Taida,53627.71145,100010,100129,149,53,96,28,68
Taida,Binhai International Airport,53627.71145,100129,100010,122,34,88,35,53
Donghai Road,Jiangwan Erzhi Road,53613.89648,100027,100065,2,2,0,0,0
Jiangwan Erzhi Road,Donghai Road,53613.89648,100065,100027,2,1,1,0,1
Donghai Road,Wangdingdi,53607.47755,100027,100145,44,8,36,28,8
Wangdingdi,Donghai Road,53607.47755,100145,100027,42,11,31,22,9
Yutai,Exhibition Centre,53600.50907,100183,100037,2,0,2,2,0
Exhibition Centre,Yutai,53600.50907,100037,100183,1,0,1,0,1
Donghai Road,Anshan West Road,53550.45238,100027,100003,96,27,69,44,25
Anshan West Road,Donghai Road,53550.45238,100003,100027,66,14,52,25,27
Donghai Road,Yixingbu,53508.98866,100027,100175,38,13,25,14,11
Yixingbu,Donghai Road,53508.98866,100175,100027,25,13,12,9,3
Civic Square,Airport Economic Zone,53507.77738,100018,100001,85,18,67,41,26
Airport Economic Zone,Civic Square,53507.77738,100001,100018,79,23,56,28,28
Civic Square,University of Civil Aviation,53494.49252,100018,100142,6,2,4,2,2
University of Civil Aviation,Civic Square,53494.49252,100142,100018,4,0,4,1,3
Taihu Road,Liqi Zhuang South,53463.76511,100130,100088,1,1,0,0,0
Donggu Road,Hujiayuan,53456.06452,100026,100062,14,3,11,3,8
Hujiayuan,Donggu Road,53456.06452,100062,100026,6,3,3,1,2
Civic Square,Bianxing,53436.3045,100018,100009,37,10,27,15,12
Bianxing,Civic Square,53436.3045,100009,100018,35,10,25,21,4
Exhibition Centre,Guoshan Road,53429.82507,100037,100047,4,1,3,3,0
Guoshan Road,Exhibition Centre,53429.82507,100047,100037,3,1,2,1,1
Dongli Culture and Sports Centre,Taida,53427.24792,100029,100129,2,0,2,2,0
Donghai Road,Weishan Road,53415.79484,100027,100148,1,0,1,1,0
Taihu Road,Honghu Li,53411.25981,100130,100055,22,6,16,10,6
Honghu Li,Taihu Road,53411.25981,100055,100130,19,8,11,5,6
Shuanglin,Donghai Road,53403.22644,100119,100027,34,16,18,1,17
Donghai Road,Shuanglin,53403.22644,100027,100119,28,15,13,10,3
Yibin Road,Donghai Road,53373.96385,100171,100027,52,14,38,22,16
Donghai Road,Yibin Road,53373.96385,100027,100171,39,10,29,12,17
Xuzhuangzi,Donghai Road,53367.47556,100168,100027,4,2,2,2,0
Donghai Road,Xuzhuangzi,53367.47556,100027,100168,2,2,0,0,0
Jiangwan Erzhi Road,Exhibition Centre,53366.11488,100065,100037,2,1,1,0,1
Exhibition Centre,Jiangwan Erzhi Road,53366.11488,100037,100065,1,0,1,0,1
Exhibition Centre,Wangdingdi,53359.69595,100037,100145,23,5,18,16,2
Wangdingdi,Exhibition Centre,53359.69595,100145,100037,22,4,18,14,4
Donghai Road,Xianyang Road,53334.6644,100027,100153,169,49,120,76,44
Xianyang Road,Donghai Road,53334.6644,100153,100027,155,59,96,74,22
Exhibition Centre,Yixingbu,53329.7109,100037,100175,9,2,7,3,4
Yixingbu,Exhibition Centre,53329.7109,100175,100037,9,2,7,4,3
Liuyuan,Tanggu,53327.28044,100091,100131,466,152,314,122,192
Tanggu,Liuyuan,53327.28044,100131,100091,397,120,277,120,157
Civic Square,Dabi Zhuang,53313.18736,100018,100021,33,13,20,9,11
Dabi Zhuang,Civic Square,53313.18736,100021,100018,27,6,21,7,14
Exhibition Centre,Anshan West Road,53302.67078,100037,100003,39,12,27,20,7
Anshan West Road,Exhibition Centre,53302.67078,100003,100037,37,9,28,16,12
Civic Square,Nanzhu Bridge,53296.20753,100018,100104,4,3,1,0,1
Tanggu,Beichen Road,53286.66384,100131,100005,92,30,62,32,30
Beichen Road,Tanggu,53286.66384,100005,100131,86,26,60,37,23
Exhibition Centre,Yibin Road,53194.6861,100037,100171,24,5,19,9,10
Yibin Road,Exhibition Centre,53194.6861,100171,100037,16,3,13,10,3
Donghai Road,Tiantuo,53170.46215,100027,100138,53,19,34,15,19
Tiantuo,Donghai Road,53170.46215,100138,100027,50,12,38,21,17
Yuejin North Road,Donghai Road,53164.21232,100181,100027,4,1,3,2,1
Shuanglin,Exhibition Centre,53155.44484,100119,100037,7,4,3,3,0
Exhibition Centre,Shuanglin,53155.44484,100037,100119,4,0,4,3,1
Exhibition Centre,Xianyang Road,53155.38665,100037,100153,73,7,66,36,30
Xianyang Road,Exhibition Centre,53155.38665,100153,100037,67,16,51,38,13
Taihu Road,Yutai,53148.00518,100130,100183,3,2,1,1,0
Yutai,Taihu Road,53148.00518,100183,100130,1,0,1,1,0
Hongni River East,Taida,53145.92942,100056,100129,4,1,3,1,2
Taida,Hongni River East,53145.92942,100129,100056,3,3,0,0,0
Taida,High-Tech Zone,53145.90438,100129,100054,78,26,52,24,28
High-Tech Zone,Taida,53145.90438,100054,100129,75,28,47,21,26
Xuzhuangzi,Exhibition Centre,53119.69396,100168,100037,8,0,8,5,3
Exhibition Centre,Xuzhuangzi,53119.69396,100037,100168,4,0,4,1,3
Donghai Road,Fuxing Road,53115.65898,100027,100042,44,11,33,18,15
Fuxing Road,Donghai Road,53115.65898,100042,100027,20,8,12,6,6
Xuefu Industrial Area,Tanggu,53080.14471,100163,100131,85,18,67,52,15
Tanggu,Xuefu Industrial Area,53080.14471,100131,100163,73,19,54,32,22
Donghai Road,People's Hospital,53075.38527,100027,100111,55,5,50,33,17
People's Hospital,Donghai Road,53075.38527,100111,100027,46,10,36,20,16
Liulin Road,Donghai Road,53065.06297,100089,100027,20,16,4,1,3
Donghai Road,Liulin Road,53065.06297,100027,100089,14,12,2,2,0
Civic Square,Liaohe North Road,53019.36768,100018,100084,14,3,11,7,4
Liaohe North Road,Civic Square,53019.36768,100084,100018,5,0,5,3,2
Bei Zhulin,Donghai Road,53012.08271,100004,100027,16,6,10,7,3
Donghai Road,Bei Zhulin,53012.08271,100027,100004,5,0,5,1,4
Guoshan Road,Taihu Road,52977.32119,100047,100130,2,1,1,0,1
Taihu Road,Guoshan Road,52977.32119,100130,100047,2,1,1,0,1
Gaozhuangzi,Tanggu,52961.99762,100043,100131,47,10,37,19,18
Tanggu,Gaozhuangzi,52961.99762,100131,100043,34,19,15,3,12
Yixingbu,Taihu Road,52944.65369,100175,100130,10,0,10,6,4
Taihu Road,Yixingbu,52944.65369,100130,100175,7,3,4,1,3
Exhibition Centre,Fuxing Road,52936.38123,100037,100042,11,1,10,7,3
Fuxing Road,Exhibition Centre,52936.38123,100042,100037,11,1,10,8,2
Yizhongxin Hospital,Donghai Road,52935.51203,100177,100027,87,36,51,29,22
Donghai Road,Yizhongxin Hospital,52935.51203,100027,100177,86,30,56,33,23
Civic Square,Lilou,52930.72882,100018,100086,10,0,10,8,2
Lilou,Civic Square,52930.72882,100086,100018,5,0,5,4,1
Exhibition Centre,Tiantuo,52922.68055,100037,100138,26,10,16,11,5
Tiantuo,Exhibition Centre,52922.68055,100138,100037,26,11,15,11,4
Yuejin North Road,Exhibition Centre,52916.43072,100181,100037,2,0,2,0,2
Exhibition Centre,Yuejin North Road,52916.43072,100037,100181,1,0,1,1,0
Jiangwan Erzhi Road,Taihu Road,52913.611,100065,100130,6,5,1,1,0
Taihu Road,Jiangwan Erzhi Road,52913.611,100130,100065,2,0,2,0,2
Jiayuan Li,Taida,52909.42482,100067,100129,49,18,31,22,9
Taida,Jiayuan Li,52909.42482,100129,100067,43,17,26,13,13
Taihu Road,Wangdingdi,52907.19207,100130,100145,22,2,20,17,3
Wangdingdi,Taihu Road,52907.19207,100145,100130,19,2,17,13,4
Exhibition Centre,People's Hospital,52896.10752,100037,100111,29,7,22,15,7
People's Hospital,Exhibition Centre,52896.10752,100111,100037,24,8,16,7,9
Xunhai Road,Tanggu,52891.70612,100166,100131,1,0,1,0,1
Donghai Road,Zhangxing Zhuang,52856.77235,100027,100185,27,7,20,12,8
Zhangxing Zhuang,Donghai Road,52856.77235,100185,100027,20,11,9,7,2
Taihu Road,Anshan West Road,52850.16689,100130,100003,19,5,14,9,5
Anshan West Road,Taihu Road,52850.16689,100003,100130,10,2,8,2,6
Donghai Road,Hongqi South Road,52818.18271,100027,100057,164,59,105,74,31
Hongqi South Road,Donghai Road,52818.18271,100057,100027,131,41,90,59,31
Liulin Road,Exhibition Centre,52817.28137,100089,100037,1,1,0,0,0
Taida,Cao Zhuang,52810.46476,100129,100011,173,65,108,49,59
Cao Zhuang,Taida,52810.46476,100011,100129,156,49,107,60,47
Taihu Road,Yibin Road,52809.62889,100130,100171,13,3,10,7,3
Yibin Road,Taihu Road,52809.62889,100171,100130,9,4,5,2,3
Tanggu,Xiaodian,52784.89389,100131,100155,57,13,44,31,13
Xiaodian,Tanggu,52784.89389,100155,100131,57,24,33,19,14
Qinjian Road,Civic Square,52777.09326,100113,100018,88,15,73,52,21
Civic Square,Qinjian Road,52777.09326,100018,100113,81,33,48,29,19
Taihu Road,Xianyang Road,52770.32944,100130,100153,43,6,37,33,4
Xianyang Road,Taihu Road,52770.32944,100153,100130,36,6,30,25,5
Donghai Road,Zhicheng Road,52770.17541,100027,100187,33,9,24,13,11
Zhicheng Road,Donghai Road,52770.17541,100187,100027,30,12,18,9,9
Taihu Road,Weishan Road,52715.50935,100130,100148,1,0,1,1,0
Taihu Road,Shuanglin,52702.94095,100130,100119,8,7,1,1,0
Donghai Road,Yingfeng Road,52691.66911,100027,100173,55,12,43,26,17
Yingfeng Road,Donghai Road,52691.66911,100173,100027,45,15,30,18,12
Exhibition Centre,Yizhongxin Hospital,52687.73042,100037,100177,27,4,23,15,8
Yizhongxin Hospital,Exhibition Centre,52687.73042,100177,100037,19,4,15,8,7
Lijiang Road,Donghai Road,52678.30304,100085,100027,11,3,8,1,7
Donghai Road,Lijiang Road,52678.30304,100027,100085,7,2,5,5,0
Zhangxing Zhuang,Exhibition Centre,52677.49459,100185,100037,10,3,7,6,1
Exhibition Centre,Zhangxing Zhuang,52677.49459,100037,100185,5,1,4,2,2
Xuzhuangzi,Taihu Road,52667.19008,100168,100130,3,0,3,2,1
Taihu Road,Xuzhuangzi,52667.19008,100130,100168,1,0,1,0,1
Exhibition Centre,Hongqi South Road,52570.4011,100037,100057,70,13,57,38,19
Hongqi South Road,Exhibition Centre,52570.4011,100057,100037,68,16,52,42,10
Fuxing Road,Taihu Road,52551.32402,100042,100130,4,0,4,1,3
Taihu Road,Fuxing Road,52551.32402,100130,100042,1,0,1,0,1
Chinese Medicine First Affiliated Hospital,Donghai Road,52539.22108,100016,100027,89,38,51,24,27
Donghai Road,Chinese Medicine First Affiliated Hospital,52539.22108,100027,100016,72,27,45,27,18
Taida,North China Group,52524.28497,100129,100107,121,37,84,38,46
North China Group,Taida,52524.28497,100107,100129,120,44,76,30,46
Exhibition Centre,Zhicheng Road,52522.3938,100037,100187,10,2,8,3,5
Zhicheng Road,Exhibition Centre,52522.3938,100187,100037,9,3,6,3,3
Taihu Road,People's Hospital,52511.0503,100130,100111,37,4,33,18,15
People's Hospital,Taihu Road,52511.0503,100111,100130,27,3,24,7,17
Jieyuan West Road,Civic Square,52509.90009,100069,100018,101,25,76,56,20
Civic Square,Jieyuan West Road,52509.90009,100018,100069,100,19,81,48,33
Donghai Road,Yaohuan Road,52490.85226,100027,100170,12,6,6,5,1
Yaohuan Road,Donghai Road,52490.85226,100170,100027,6,2,4,1,3
Taihu Road,Tiantuo,52470.17667,100130,100138,28,3,25,22,3
Tiantuo,Taihu Road,52470.17667,100138,100130,13,0,13,8,5
Yuejin North Road,Taihu Road,52463.92684,100181,100130,1,0,1,0,1
Bei Zhulin,Taihu Road,52447.74774,100004,100130,1,0,1,0,1
Exhibition Centre,Yingfeng Road,52443.8875,100037,100173,22,7,15,9,6
Yingfeng Road,Exhibition Centre,52443.8875,100173,100037,19,6,13,11,2
Exhibition Centre,Lijiang Road,52430.52143,100037,100085,8,1,7,7,0
Dengzhou Road,Donghai Road,52427.0363,100024,100027,20,3,17,15,2
Donghai Road,Dengzhou Road,52427.0363,100027,100024,15,4,11,6,5
Nansun Zhuang,Tanggu,52414.22923,100103,100131,3,1,2,0,2
Tanggu,Nansun Zhuang,52414.22923,100131,100103,1,0,1,0,1
Donghai Road,West Station,52378.00134,100027,100149,504,201,303,145,158
West Station,Donghai Road,52378.00134,100149,100027,382,150,232,61,171
Taihu Road,Liulin Road,52364.77749,100130,100089,5,0,5,0,5
Liulin Road,Taihu Road,52364.77749,100089,100130,1,0,1,1,0
JinZhong Street,Civic Square,52326.28616,100080,100018,42,15,27,19,8
Civic Square,JinZhong Street,52326.28616,100018,100080,36,5,31,18,13
Ruijing XinYuan,Tanggu,52326.0583,100114,100131,165,55,110,40,70
Tanggu,Ruijing XinYuan,52326.0583,100131,100114,144,65,79,38,41
Zhangxing Zhuang,Taihu Road,52292.43738,100185,100130,4,3,1,1,0
Taihu Road,Zhangxing Zhuang,52292.43738,100130,100185,3,2,1,0,1
Exhibition Centre,Chinese Medicine First Affiliated Hospital,52291.43947,100037,100016,51,9,42,28,14
Chinese Medicine First Affiliated Hospital,Exhibition Centre,52291.43947,100016,100037,48,11,37,18,19
Donghai Road,Siyuan Road,52280.54461,100027,100121,17,3,14,14,0
Siyuan Road,Donghai Road,52280.54461,100121,100027,13,3,10,6,4
Huayuan,Civic Square,52247.06807,100061,100018,216,23,193,134,59
Civic Square,Huayuan,52247.06807,100018,100061,178,30,148,92,56
Yaohuan Road,Exhibition Centre,52243.07065,100170,100037,4,2,2,1,1
Exhibition Centre,Yaohuan Road,52243.07065,100037,100170,3,1,2,0,2
Yizhongxin Hospital,Taihu Road,52235.22654,100177,100130,21,3,18,7,11
Taihu Road,Yizhongxin Hospital,52235.22654,100130,100177,13,2,11,5,6
Tianshili,Civic Square,52213.30061,100136,100018,15,4,11,9,2
Civic Square,Tianshili,52213.30061,100018,100136,13,4,9,8,1
Youyi South Road,Civic Square,52207.34627,100178,100018,2,0,2,1,1
Civic Square,Youyi South Road,52207.34627,100018,100178,1,0,1,0,1
West Station,Exhibition Centre,52198.72359,100149,100037,213,87,126,39,87
Exhibition Centre,West Station,52198.72359,100037,100149,208,75,133,68,65
Xiangshan Road,Donghai Road,52197.17802,100151,100027,6,1,5,1,4
Donghai Road,Xiangshan Road,52197.17802,100027,100151,4,2,2,0,2
Exhibition Centre,Dengzhou Road,52179.2547,100037,100024,9,0,9,6,3
Dengzhou Road,Exhibition Centre,52179.2547,100024,100037,2,0,2,2,0
Tanggu,Fengchan River,52164.11308,100131,100039,22,14,8,6,2
Fengchan River,Tanggu,52164.11308,100039,100131,21,13,8,6,2
Hangshuang Road,Civic Square,52146.62031,100051,100018,3,0,3,1,2
Civic Square,Hangshuang Road,52146.62031,100018,100051,2,0,2,1,1
Nanhe Zhuang,Taida,52146.09704,100101,100129,15,6,9,5,4
Taida,Nanhe Zhuang,52146.09704,100129,100101,14,6,8,5,3
Zhou and Deng Memorial Museum,Donghai Road,52144.44119,100191,100027,64,27,37,21,16
Donghai Road,Zhou and Deng Memorial Museum,52144.44119,100027,100191,54,18,36,14,22
Civic Square,Yixingbu North,52140.22063,100018,100176,39,11,28,15,13
Yixingbu North,Civic Square,52140.22063,100176,100018,34,4,30,20,10
Donghai Road,Tiantai Road,52135.10747,100027,100137,48,14,34,17,17
Tiantai Road,Donghai Road,52135.10747,100137,100027,40,18,22,13,9
University town,Taida,52119.80906,100143,100129,196,76,120,59,61
Taida,University town,52119.80906,100129,100143,192,95,97,49,48
Taihu Road,Hongqi South Road,52117.89722,100130,100057,40,13,27,16,11
Hongqi South Road,Taihu Road,52117.89722,100057,100130,26,3,23,16,7
Donghai Road,Changhong Park,52109.73984,100027,100012,129,34,95,67,28
Changhong Park,Donghai Road,52109.73984,100012,100027,111,23,88,59,29
North Beichen Tech Park,Hujiayuan,52109.44705,100106,100062,31,9,22,18,4
Hujiayuan,North Beichen Tech Park,52109.44705,100062,100106,18,4,14,12,2
Taihu Road,Zhicheng Road,52069.88992,100130,100187,6,2,4,2,2
Zhicheng Road,Taihu Road,52069.88992,100187,100130,3,1,2,0,2
Siyuan Road,Exhibition Centre,52032.763,100121,100037,5,1,4,2,2
Exhibition Centre,Siyuan Road,52032.763,100037,100121,2,0,2,1,1
Professional University,Tanggu,52002.64766,100112,100131,158,47,111,52,59
Tanggu,Professional University,52002.64766,100131,100112,148,82,66,32,34
Laoshan Road,Donghai Road,51998.38087,100082,100027,3,0,3,2,1
Donghai Road,Laoshan Road,51998.38087,100027,100082,2,0,2,1,1
Taida,Huaihe Road,51995.76638,100129,100058,29,9,20,11,9
Huaihe Road,Taida,51995.76638,100058,100129,28,8,20,13,7
Nancuiping,Donghai Road,51994.62538,100100,100027,37,9,28,22,6
Donghai Road,Nancuiping,51994.62538,100027,100100,36,9,27,19,8
Yingfeng Road,Taihu Road,51991.38362,100173,100130,16,4,12,4,8
Taihu Road,Yingfeng Road,51991.38362,100130,100173,11,2,9,4,5
Binhai International Airport,Tanggu,51983.06465,100010,100131,546,165,381,115,266
Tanggu,Binhai International Airport,51983.06465,100131,100010,370,100,270,88,182
Lijiang Road,Taihu Road,51978.01755,100085,100130,6,0,6,4,2
Taihu Road,Lijiang Road,51978.01755,100130,100085,1,0,1,0,1
Dengzhou South Road,Donghai Road,51977.56642,100025,100027,8,3,5,1,4
Donghai Road,Dengzhou South Road,51977.56642,100027,100025,6,1,5,5,0
Tiantai Road,Exhibition Centre,51955.82971,100137,100037,22,8,14,9,5
Exhibition Centre,Tiantai Road,51955.82971,100037,100137,19,4,15,13,2
Xiangshan Road,Exhibition Centre,51949.39641,100151,100037,3,1,2,0,2
Exhibition Centre,Xiangshan Road,51949.39641,100037,100151,2,1,1,0,1
Changhong Park,Exhibition Centre,51930.46208,100012,100037,94,17,77,50,27
Exhibition Centre,Changhong Park,51930.46208,100037,100012,67,8,59,45,14
The Financial University,Donghai Road,51928.01342,100132,100027,59,36,23,5,18
Donghai Road,The Financial University,51928.01342,100027,100132,58,35,23,13,10
Exhibition Centre,Zhou and Deng Memorial Museum,51896.65958,100037,100191,45,21,24,15,9
Zhou and Deng Memorial Museum,Exhibition Centre,51896.65958,100191,100037,25,8,17,8,9
Donghai Road,Jianchang Road,51844.84098,100027,100063,29,6,23,15,8
Jianchang Road,Donghai Road,51844.84098,100063,100027,19,7,12,5,7
Taihu Road,Chinese Medicine First Affiliated Hospital,51838.93559,100130,100016,52,15,37,27,10
Chinese Medicine First Affiliated Hospital,Taihu Road,51838.93559,100016,100130,32,9,23,11,12
Minquan Gate,Donghai Road,51838.6921,100099,100027,29,11,18,10,8
Donghai Road,Minquan Gate,51838.6921,100027,100099,24,9,15,9,6
West Station,Taihu Road,51813.66637,100149,100130,144,47,97,29,68
Taihu Road,West Station,51813.66637,100130,100149,123,36,87,47,40
Liqi Zhuang South,Civic Square,51802.04738,100088,100018,6,3,3,2,1
Civic Square,Liqi Zhuang South,51802.04738,100018,100088,2,1,1,0,1
Benxi Road,Taida,51793.00564,100008,100129,72,31,41,26,15
Taida,Benxi Road,51793.00564,100129,100008,68,24,44,18,26
Taihu Road,Yaohuan Road,51790.56677,100130,100170,5,1,4,3,1
Yaohuan Road,Taihu Road,51790.56677,100170,100130,5,2,3,2,1
Civic Square,Honghu Li,51784.27572,100018,100055,143,33,110,66,44
Honghu Li,Civic Square,51784.27572,100055,100018,137,37,100,72,28
Dongli Culture and Sports Centre,Tanggu,51782.60112,100029,100131,2,1,1,0,1
Laoshan Road,Exhibition Centre,51750.59926,100082,100037,6,3,3,2,1
Exhibition Centre,Laoshan Road,51750.59926,100037,100082,5,2,3,2,1
Exhibition Centre,Nancuiping,51746.84378,100037,100100,31,5,26,5,21
Nancuiping,Exhibition Centre,51746.84378,100100,100037,13,8,5,2,3
Exhibition Centre,Dengzhou South Road,51729.78482,100037,100025,4,1,3,2,1
Dengzhou South Road,Exhibition Centre,51729.78482,100025,100037,2,1,1,1,0
Taihu Road,Dengzhou Road,51726.75081,100130,100024,6,0,6,4,2
Dengzhou Road,Taihu Road,51726.75081,100024,100130,3,0,3,1,2
Exhibition Centre,The Financial University,51680.23182,100037,100132,8,3,5,2,3
The Financial University,Exhibition Centre,51680.23182,100132,100037,6,0,6,1,5
Tanggu,Xinxing Village,51640.33331,100131,100162,3,3,0,0,0
Donghai Road,Changling Road,51617.28084,100027,100013,85,26,59,37,22
Changling Road,Donghai Road,51617.28084,100013,100027,78,27,51,30,21
Hujiayuan,Guorui Road,51599.76467,100062,100046,2,1,1,1,0
Exhibition Centre,Jianchang Road,51597.05938,100037,100063,12,1,11,8,3
Jianchang Road,Exhibition Centre,51597.05938,100063,100037,10,2,8,8,0
Minquan Gate,Exhibition Centre,51590.9105,100099,100037,12,2,10,8,2
Exhibition Centre,Minquan Gate,51590.9105,100037,100099,11,0,11,7,4
Taihu Road,Siyuan Road,51580.25912,100130,100121,5,0,5,3,2
Siyuan Road,Taihu Road,51580.25912,100121,100130,2,2,0,0,0
Tiantai Road,Taihu Road,51570.7725,100137,100130,20,1,19,12,7
Taihu Road,Tiantai Road,51570.7725,100130,100137,10,1,9,6,3
Taihu Road,Changhong Park,51545.40487,100130,100012,38,5,33,21,12
Changhong Park,Taihu Road,51545.40487,100012,100130,37,5,32,18,14
Donghai Road,Foreign Languages High School,51514.52368,100027,100040,5,1,4,2,2
Foreign Languages High School,Donghai Road,51514.52368,100040,100027,5,0,5,5,0
Donghai Road,Tiedong Road,51508.38747,100027,100139,128,32,96,49,47
Tiedong Road,Donghai Road,51508.38747,100139,100027,100,18,82,51,31
Tanggu,Hongni River East,51501.28262,100131,100056,10,3,7,2,5
Hongni River East,Tanggu,51501.28262,100056,100131,10,2,8,4,4
High-Tech Zone,Tanggu,51501.25758,100054,100131,243,65,178,111,67
Tanggu,High-Tech Zone,51501.25758,100131,100054,204,58,146,94,52
Xiangshan Road,Taihu Road,51496.89253,100151,100130,2,0,2,0,2
Civic Square,Yutai,51486.28746,100018,100183,16,5,11,8,3
Yutai,Civic Square,51486.28746,100183,100018,9,1,8,8,0
Taihu Road,Zhou and Deng Memorial Museum,51444.1557,100130,100191,37,18,19,14,5
Zhou and Deng Memorial Museum,Taihu Road,51444.1557,100191,100130,21,11,10,7,3
Wanshan Road,Donghai Road,51422.66485,100146,100027,1,0,1,0,1
Donghai Road,Wanshan Road,51422.66485,100027,100146,1,0,1,1,0
Donghai Road,Lingbin Road,51413.03457,100027,100087,58,21,37,23,14
Lingbin Road,Donghai Road,51413.03457,100087,100027,42,14,28,11,17
Fangshan Road,Donghai Road,51402.96002,100038,100027,1,0,1,0,1
Donghai Road,Beining Park,51369.5967,100027,100006,39,15,24,21,3
Beining Park,Donghai Road,51369.5967,100006,100027,29,11,18,13,5
Changling Road,Exhibition Centre,51369.49924,100013,100037,55,9,46,35,11
Exhibition Centre,Changling Road,51369.49924,100037,100013,53,9,44,27,17
Foreign Languages High School,Exhibition Centre,51335.24593,100040,100037,4,0,4,4,0
Exhibition Centre,Foreign Languages High School,51335.24593,100037,100040,2,0,2,2,0
Tiedong Road,Exhibition Centre,51329.10971,100139,100037,47,9,38,28,10
Exhibition Centre,Tiedong Road,51329.10971,100037,100139,40,12,28,22,6
Airport Economic Zone,Taida,51323.09889,100001,100129,48,9,39,18,21
Taida,Airport Economic Zone,51323.09889,100129,100001,42,7,35,20,15
Civic Square,Yixingbu,51317.6696,100018,100175,52,5,47,28,19
Yixingbu,Civic Square,51317.6696,100175,100018,48,7,41,32,9
Guoshan Road,Civic Square,51315.60346,100047,100018,7,2,5,4,1
Civic Square,Guoshan Road,51315.60346,100018,100047,4,1,3,2,1
University of Civil Aviation,Taida,51309.81403,100142,100129,2,1,1,0,1
Taida,University of Civil Aviation,51309.81403,100129,100142,2,2,0,0,0
Laoshan Road,Taihu Road,51298.09538,100082,100130,2,0,2,2,0
Taihu Road,Laoshan Road,51298.09538,100130,100082,1,0,1,0,1
Taihu Road,Nancuiping,51294.33989,100130,100100,17,7,10,2,8
Nancuiping,Taihu Road,51294.33989,100100,100130,7,2,5,3,2
Tanggu,Jiayuan Li,51264.21148,100131,100067,125,43,82,39,43
Jiayuan Li,Tanggu,51264.21148,100067,100131,118,35,83,41,42
Jiangwan Erzhi Road,Civic Square,51251.89327,100065,100018,6,2,4,1,3
Civic Square,Jiangwan Erzhi Road,51251.89327,100018,100065,4,1,3,2,1
Wangdingdi,Civic Square,51245.47434,100145,100018,50,5,45,41,4
Civic Square,Wangdingdi,51245.47434,100018,100145,49,2,47,29,18
Bianxing,Taida,51238.73053,100009,100129,39,11,28,16,12
Taida,Bianxing,51238.73053,100129,100009,38,16,22,13,9
Taihu Road,The Financial University,51227.72793,100130,100132,12,4,8,6,2
The Financial University,Taihu Road,51227.72793,100132,100130,10,2,8,0,8
Beining Park,Exhibition Centre,51190.31895,100006,100037,12,1,11,9,2
Exhibition Centre,Beining Park,51190.31895,100037,100006,9,0,9,8,1
Civic Square,Anshan West Road,51188.44917,100018,100003,102,18,84,41,43
Anshan West Road,Civic Square,51188.44917,100003,100018,99,26,73,35,38
Yibin Road,Civic Square,51182.64479,100171,100018,62,13,49,36,13
Civic Square,Yibin Road,51182.64479,100018,100171,54,13,41,22,19
Donghai Road,Northwest Corner,51179.38608,100027,100109,300,131,169,101,68
Northwest Corner,Donghai Road,51179.38608,100109,100027,249,100,149,66,83
Wanshan Road,Exhibition Centre,51174.88324,100146,100037,1,0,1,0,1
Exhibition Centre,Lingbin Road,51165.25296,100037,100087,31,10,21,14,7
Lingbin Road,Exhibition Centre,51165.25296,100087,100037,25,9,16,9,7
Cao Zhuang,Tanggu,51165.25143,100011,100131,596,190,406,176,230
Tanggu,Cao Zhuang,51165.25143,100131,100011,534,252,282,128,154
Taihu Road,Jianchang Road,51144.55549,100130,100063,8,0,8,5,3
Jianchang Road,Taihu Road,51144.55549,100063,100130,8,0,8,4,4
Xianyang Road,Civic Square,51143.34534,100153,100018,167,30,137,103,34
Civic Square,Xianyang Road,51143.34534,100018,100153,134,23,111,59,52
Taihu Road,Minquan Gate,51138.40661,100130,100099,17,4,13,6,7
Minquan Gate,Taihu Road,51138.40661,100099,100130,5,1,4,2,2
Dabi Zhuang,Taida,51128.50887,100021,100129,19,8,11,3,8
Taida,Dabi Zhuang,51128.50887,100129,100021,16,3,13,7,6
Nanzhu Bridge,Taida,51111.52904,100104,100129,1,0,1,1,0
Taida,Nanzhu Bridge,51111.52904,100129,100104,1,0,1,0,1
Tian Tower,Donghai Road,51089.81402,100133,100027,152,78,74,35,39
Donghai Road,Tian Tower,51089.81402,100027,100133,143,55,88,52,36
Weishan Road,Civic Square,51053.79162,100148,100018,1,0,1,1,0
Donghai Road,Guangkaisima Road,51045.19962,100027,100044,156,35,121,81,40
Guangkaisima Road,Donghai Road,51045.19962,100044,100027,140,40,100,73,27
Shuanglin,Civic Square,51041.22323,100119,100018,26,10,16,9,7
Civic Square,Shuanglin,51041.22323,100018,100119,26,5,21,16,5
Civic Square,Xuzhuangzi,51005.47235,100018,100168,11,0,11,5,6
Xuzhuangzi,Civic Square,51005.47235,100168,100018,11,2,9,4,5
Donghai Road,JinZhong River Street,51005.37056,100027,100079,68,14,54,30,24
JinZhong River Street,Donghai Road,51005.37056,100079,100027,56,19,37,26,11
Exhibition Centre,Northwest Corner,51000.10832,100037,100109,121,44,77,45,32
Northwest Corner,Exhibition Centre,51000.10832,100109,100037,111,35,76,33,43
Donghai Road,Yudongcheng,50999.70745,100027,100180,65,18,47,23,24
Yudongcheng,Donghai Road,50999.70745,100180,100027,59,17,42,20,22
Foreign Languages High School,Taihu Road,50950.18872,100040,100130,2,0,2,2,0
Taihu Road,Foreign Languages High School,50950.18872,100130,100040,2,0,2,1,1
Taihu Road,Tiedong Road,50944.0525,100130,100139,26,5,21,13,8
Tiedong Road,Taihu Road,50944.0525,100139,100130,16,4,12,4,8
Fuxing Road,Civic Square,50924.33992,100042,100018,43,7,36,25,11
Civic Square,Fuxing Road,50924.33992,100018,100042,23,2,21,14,7
Changling Road,Taihu Road,50916.99535,100013,100130,31,9,22,11,11
Taihu Road,Changling Road,50916.99535,100130,100013,26,2,24,12,12
Donghai Road,Sports Centre,50912.39412,100027,100126,91,36,55,32,23
Sports Centre,Donghai Road,50912.39412,100126,100027,57,27,30,7,23
Civic Square,People's Hospital,50884.06621,100018,100111,104,19,85,45,40
People's Hospital,Civic Square,50884.06621,100111,100018,91,14,77,21,56
North China Group,Tanggu,50879.07164,100107,100131,355,110,245,101,144
Tanggu,North China Group,50879.07164,100131,100107,314,119,195,80,115
Donghai Road,Huashan Li,50877.031,100027,100060,29,9,20,11,9
Huashan Li,Donghai Road,50877.031,100060,100027,11,2,9,7,2
Guangkaisima Road,Exhibition Centre,50865.92187,100044,100037,63,7,56,38,18
Exhibition Centre,Guangkaisima Road,50865.92187,100037,100044,53,6,47,31,16
Exhibition Centre,Tian Tower,50842.03241,100037,100133,57,18,39,15,24
Tian Tower,Exhibition Centre,50842.03241,100133,100037,57,19,38,12,26
Liaohe North Road,Taida,50821.79371,100084,100129,33,5,28,23,5
Taida,Liaohe North Road,50821.79371,100129,100084,23,5,18,16,2
Bei Zhulin,Civic Square,50820.76365,100004,100018,8,5,3,0,3
Civic Square,Bei Zhulin,50820.76365,100018,100004,3,3,0,0,0
Civic Square,Tiantuo,50808.45894,100018,100138,66,14,52,30,22
Tiantuo,Civic Square,50808.45894,100138,100018,65,8,57,36,21
Beining Park,Taihu Road,50805.26174,100006,100130,7,4,3,2,1
Taihu Road,Beining Park,50805.26174,100130,100006,3,1,2,0,2
Civic Square,Yuejin North Road,50802.20911,100018,100181,4,0,4,4,0
Yuejin North Road,Civic Square,50802.20911,100181,100018,4,0,4,4,0
Donghai Road,Water Park Road East,50785.29427,100027,100147,50,25,25,11,14
Water Park Road East,Donghai Road,50785.29427,100147,100027,39,18,21,6,15
Exhibition Centre,JinZhong River Street,50757.58896,100037,100079,25,8,17,13,4
JinZhong River Street,Exhibition Centre,50757.58896,100079,100037,17,3,14,7,7
Exhibition Centre,Yudongcheng,50751.92585,100037,100180,25,10,15,10,5
Yudongcheng,Exhibition Centre,50751.92585,100180,100037,20,5,15,9,6
Taida,Lilou,50746.05033,100129,100086,13,5,8,1,7
Lilou,Taida,50746.05033,100086,100129,12,5,7,5,2
Hujiayuan,National Exhibition Centre,50719.56863,100062,100105,5,5,0,0,0
National Exhibition Centre,Hujiayuan,50719.56863,100105,100062,1,0,1,0,1
Taihu Road,Lingbin Road,50712.74908,100130,100087,28,3,25,14,11
Lingbin Road,Taihu Road,50712.74908,100087,100130,27,10,17,12,5
Liulin Road,Civic Square,50703.05976,100089,100018,12,4,8,1,7
Civic Square,Liulin Road,50703.05976,100018,100089,7,0,7,3,4
Civic Square,Zhangxing Zhuang,50665.45329,100018,100185,36,8,28,20,8
Zhangxing Zhuang,Civic Square,50665.45329,100185,100018,36,3,33,30,3
Exhibition Centre,Sports Centre,50664.61251,100037,100126,36,10,26,15,11
Sports Centre,Exhibition Centre,50664.61251,100126,100037,31,13,18,13,5
Huashan Li,Exhibition Centre,50629.24939,100060,100037,20,4,16,11,5
Exhibition Centre,Huashan Li,50629.24939,100037,100060,12,1,11,3,8
Taihu Road,Northwest Corner,50615.05111,100130,100109,50,18,32,23,9
Northwest Corner,Taihu Road,50615.05111,100109,100130,48,24,24,7,17
Donghai Road,Shaliu South Road,50597.83545,100027,100116,3,0,3,3,0
Shaliu South Road,Donghai Road,50597.83545,100116,100027,3,0,3,0,3
Taida,Qinjian Road,50579.51929,100129,100113,65,20,45,19,26
Qinjian Road,Taida,50579.51929,100113,100129,56,20,36,24,12
Civic Square,Yizhongxin Hospital,50573.50881,100018,100177,89,29,60,43,17
Yizhongxin Hospital,Civic Square,50573.50881,100177,100018,63,10,53,32,21
Exhibition Centre,Water Park Road East,50537.51266,100037,100147,31,15,16,8,8
Water Park Road East,Exhibition Centre,50537.51266,100147,100037,29,13,16,9,7
Xinkai River,Donghai Road,50527.37743,100160,100027,7,0,7,5,2
Donghai Road,Xinkai River,50527.37743,100027,100160,3,0,3,3,0
Nanhe Zhuang,Tanggu,50501.45025,100101,100131,64,22,42,20,22
Tanggu,Nanhe Zhuang,50501.45025,100131,100101,45,22,23,9,14
Taihu Road,Guangkaisima Road,50480.86465,100130,100044,61,6,55,36,19
Guangkaisima Road,Taihu Road,50480.86465,100044,100130,52,6,46,41,5
University town,Tanggu,50475.16226,100143,100131,603,152,451,223,228
Tanggu,University town,50475.16226,100131,100143,512,264,248,102,146
Taihu Road,Meijiang Park,50457.49252,100130,100096,7,3,4,0,4
Meijiang Park,Taihu Road,50457.49252,100096,100130,4,1,3,1,2
Civic Square,Hongqi South Road,50456.17949,100018,100057,143,29,114,68,46
Hongqi South Road,Civic Square,50456.17949,100057,100018,128,26,102,63,39
Zhaoyuan Road,Tanggu,50426.30407,100186,100131,1,0,1,0,1
Civic Square,Zhicheng Road,50408.17219,100018,100187,30,8,22,11,11
Zhicheng Road,Civic Square,50408.17219,100187,100018,27,3,24,19,5
Donghai Road,Erwei Road,50390.49303,100027,100036,57,16,41,27,14
Erwei Road,Donghai Road,50390.49303,100036,100027,52,19,33,11,22
Tian Tower,Taihu Road,50389.52853,100133,100130,56,11,45,19,26
Taihu Road,Tian Tower,50389.52853,100130,100133,50,12,38,28,10
Huaihe Road,Tanggu,50350.55304,100058,100131,91,25,66,44,22
Tanggu,Huaihe Road,50350.55304,100131,100058,59,19,40,26,14
Exhibition Centre,Shaliu South Road,50350.05385,100037,100116,1,1,0,0,0
Shaliu South Road,Exhibition Centre,50350.05385,100116,100037,1,0,1,0,1
Xinkai River,Exhibition Centre,50348.09968,100160,100037,3,0,3,1,2
Exhibition Centre,Xinkai River,50348.09968,100037,100160,2,1,1,1,0
Donghai Road,Wujiayao,50339.20141,100027,100150,159,44,115,84,31
Wujiayao,Donghai Road,50339.20141,100150,100027,147,38,109,84,25
Yingfeng Road,Civic Square,50329.66589,100173,100018,63,11,52,41,11
Civic Square,Yingfeng Road,50329.66589,100018,100173,44,10,34,26,8
Lijiang Road,Civic Square,50316.29982,100085,100018,5,0,5,3,2
Civic Square,Lijiang Road,50316.29982,100018,100085,4,2,2,0,2
Taida,Jieyuan West Road,50312.32612,100129,100069,70,31,39,25,14
Jieyuan West Road,Taida,50312.32612,100069,100129,67,28,39,22,17
Taihu Road,JinZhong River Street,50305.08507,100130,100079,27,5,22,11,11
JinZhong River Street,Taihu Road,50305.08507,100079,100130,25,3,22,15,7
Taihu Road,Yudongcheng,50299.42196,100130,100180,13,4,9,7,2
Yudongcheng,Taihu Road,50299.42196,100180,100130,11,7,4,2,2
Donghai Road,Yueya River,50287.05073,100027,100182,116,39,77,40,37
Yueya River,Donghai Road,50287.05073,100182,100027,75,25,50,32,18
South Station,Hujiayuan,50260.05152,100122,100062,291,119,172,61,111
Hujiayuan,South Station,50260.05152,100062,100122,179,59,120,56,64
Taihu Road,Sports Centre,50212.10863,100130,100126,36,5,31,24,7
Sports Centre,Taihu Road,50212.10863,100126,100130,22,3,19,9,10
West Station,Civic Square,50186.68228,100149,100018,647,244,403,102,301
Civic Square,West Station,50186.68228,100018,100149,472,159,313,119,194
Civic Square,Chinese Medicine First Affiliated Hospital,50177.21786,100018,100016,101,28,73,36,37
Chinese Medicine First Affiliated Hospital,Civic Square,50177.21786,100016,100018,85,28,57,30,27
Huashan Li,Taihu Road,50176.74551,100060,100130,15,8,7,5,2
Taihu Road,Huashan Li,50176.74551,100130,100060,14,4,10,4,6
Donghai Road,Southwest corner,50158.24982,100027,100124,280,79,201,108,93
Southwest corner,Donghai Road,50158.24982,100124,100027,249,91,158,93,65
Benxi Road,Tanggu,50147.7923,100008,100131,231,68,163,76,87
Tanggu,Benxi Road,50147.7923,100131,100008,214,76,138,81,57
Meijiang Exhibition Centre,Civic Square,50147.04221,100095,100018,46,19,27,17,10
Civic Square,Meijiang Exhibition Centre,50147.04221,100018,100095,39,22,17,9,8
Exhibition Centre,Erwei Road,50142.71143,100037,100036,74,20,54,44,10
Erwei Road,Exhibition Centre,50142.71143,100036,100037,63,12,51,30,21
JinZhong Street,Taida,50141.60767,100080,100129,22,11,11,9,2
Taida,JinZhong Street,50141.60767,100129,100080,17,13,4,2,2
Civic Square,Yaohuan Road,50128.84904,100018,100170,18,1,17,12,5
Yaohuan Road,Civic Square,50128.84904,100170,100018,11,1,10,5,5
Wujiayao,Exhibition Centre,50091.41981,100150,100037,80,8,72,50,22
Exhibition Centre,Wujiayao,50091.41981,100037,100150,75,6,69,48,21
Taihu Road,Water Park Road East,50085.00878,100130,100147,11,10,1,1,0
Water Park Road East,Taihu Road,50085.00878,100147,100130,5,2,3,3,0
Taihu Road,Zuojiang Road,50078.15016,100130,100192,11,2,9,5,4
Zuojiang Road,Taihu Road,50078.15016,100192,100130,5,3,2,2,0
Civic Square,Dengzhou Road,50065.03309,100018,100024,31,5,26,21,5
Dengzhou Road,Civic Square,50065.03309,100024,100018,22,4,18,12,6
Taida,Huayuan,50062.38958,100129,100061,180,46,134,82,52
Huayuan,Taida,50062.38958,100061,100129,153,22,131,76,55
Danhebei Road,Hujiayuan,50057.25,100022,100062,2,0,2,0,2
Hujiayuan,Danhebei Road,50057.25,100062,100022,1,0,1,0,1
Donghai Road,North Station,50042.98268,100027,100108,50,16,34,17,17
North Station,Donghai Road,50042.98268,100108,100027,46,20,26,12,14
Exhibition Centre,Yueya River,50039.26912,100037,100182,41,7,34,24,10
Yueya River,Exhibition Centre,50039.26912,100182,100037,37,8,29,22,7
Youyi South Road,Taida,50022.66778,100178,100129,4,2,2,0,2
Taida,Youyi South Road,50022.66778,100129,100178,3,1,2,2,0
Tianshili,Taida,50015.72664,100136,100129,12,7,5,4,1
Taida,Tianshili,50015.72664,100129,100136,3,0,3,1,2
Taihu Road,Meijiang Exhibition Centre,50012.47782,100130,100095,20,11,9,5,4
Meijiang Exhibition Centre,Taihu Road,50012.47782,100095,100130,14,4,10,4,6
Exhibition Centre,Southwest corner,49978.97207,100037,100124,117,28,89,66,23
Southwest corner,Exhibition Centre,49978.97207,100124,100037,116,27,89,58,31
Taihu Road,Xinkai River,49963.04247,100130,100160,4,0,4,3,1
Taida,Hangshuang Road,49961.94182,100129,100051,4,0,4,4,0
Hangshuang Road,Taida,49961.94182,100051,100129,1,0,1,1,0
Civic Square,Tiantai Road,49943.78841,100018,100137,57,5,52,31,21
Tiantai Road,Civic Square,49943.78841,100137,100018,43,5,38,28,10
Taida,Yixingbu North,49942.64666,100129,100176,46,15,31,9,22
Yixingbu North,Taida,49942.64666,100176,100129,40,9,31,22,9
Civic Square,Siyuan Road,49918.54139,100018,100121,18,3,15,11,4
Siyuan Road,Civic Square,49918.54139,100121,100018,17,3,14,10,4
Civic Square,Changhong Park,49918.42078,100018,100012,125,22,103,71,32
Changhong Park,Civic Square,49918.42078,100012,100018,125,21,104,68,36
Taihu Road,Shaliu South Road,49897.54997,100130,100116,2,1,1,1,0
Shaliu South Road,Taihu Road,49897.54997,100116,100130,1,0,1,0,1
Donghai Road,Fuxing Gate,49864.55542,100027,100041,36,10,26,22,4
Fuxing Gate,Donghai Road,49864.55542,100041,100027,27,3,24,20,4
North Station,Exhibition Centre,49863.70493,100108,100037,38,14,24,19,5
Exhibition Centre,North Station,49863.70493,100037,100108,18,7,11,7,4
Jiefang South Road,Civic Square,49856.7872,100068,100018,41,13,28,13,15
Civic Square,Jiefang South Road,49856.7872,100018,100068,32,10,22,8,14
Xiangshan Road,Civic Square,49835.1748,100151,100018,4,2,2,2,0
Civic Square,Xiangshan Road,49835.1748,100018,100151,1,1,0,0,0
Donghai Road,Tumour Hospital,49801.42043,100027,100141,401,125,276,178,98
Tumour Hospital,Donghai Road,49801.42043,100141,100027,388,106,282,78,204
Civic Square,Zhou and Deng Memorial Museum,49782.43797,100018,100191,90,42,48,33,15
Zhou and Deng Memorial Museum,Civic Square,49782.43797,100191,100018,84,22,62,40,22
Donghai Road,Haiguang Temple,49741.50186,100027,100048,208,71,137,93,44
Haiguang Temple,Donghai Road,49741.50186,100048,100027,164,53,111,63,48
Taihu Road,Erwei Road,49690.20754,100130,100036,23,8,15,13,2
Erwei Road,Taihu Road,49690.20754,100036,100130,18,4,14,3,11
Airport Economic Zone,Tanggu,49678.4521,100001,100131,164,52,112,57,55
Tanggu,Airport Economic Zone,49678.4521,100131,100001,142,56,86,30,56
University of Civil Aviation,Tanggu,49665.16723,100142,100131,21,10,11,3,8
Tanggu,University of Civil Aviation,49665.16723,100131,100142,12,10,2,2,0
Taihu Road,Wujiayao,49638.91592,100130,100150,49,11,38,27,11
Wujiayao,Taihu Road,49638.91592,100150,100130,47,11,36,15,21
Civic Square,Laoshan Road,49636.37765,100018,100082,7,4,3,2,1
Laoshan Road,Civic Square,49636.37765,100082,100018,6,1,5,2,3
Nancuiping,Civic Square,49632.62217,100100,100018,51,6,45,40,5
Civic Square,Nancuiping,49632.62217,100018,100100,44,4,40,30,10
Liqi Zhuang South,Taida,49617.36889,100088,100129,5,1,4,1,3
Taida,Liqi Zhuang South,49617.36889,100129,100088,4,1,3,1,2
Fuxing Gate,Exhibition Centre,49616.77382,100041,100037,18,5,13,8,5
Exhibition Centre,Fuxing Gate,49616.77382,100037,100041,16,3,13,11,2
Civic Square,Dengzhou South Road,49615.5632,100018,100025,6,1,5,0,5
Dengzhou South Road,Civic Square,49615.5632,100025,100018,2,0,2,1,1
Exhibition Centre,Zuojiang Road,49613.17839,100037,100192,5,0,5,3,2
Zuojiang Road,Exhibition Centre,49613.17839,100192,100037,5,2,3,3,0
Taihu Road,Southwest corner,49593.91486,100130,100124,83,20,63,43,20
Southwest corner,Taihu Road,49593.91486,100124,100130,72,12,60,49,11
Bianxing,Tanggu,49593.51719,100009,100131,87,33,54,31,23
Tanggu,Bianxing,49593.51719,100131,100009,65,27,38,12,26
Taihu Road,Yueya River,49586.76524,100130,100182,32,2,30,18,12
Yueya River,Taihu Road,49586.76524,100182,100130,23,3,20,14,6
Taida,Honghu Li,49586.70175,100129,100055,93,42,51,17,34
Honghu Li,Taida,49586.70175,100055,100129,81,42,39,21,18
Exhibition Centre,Meijiang Road,49582.37402,100037,100097,8,2,6,3,3
Meijiang Road,Exhibition Centre,49582.37402,100097,100037,3,3,0,0,0
The Financial University,Civic Square,49566.0102,100132,100018,36,13,23,14,9
Civic Square,The Financial University,49566.0102,100018,100132,27,8,19,7,12
Tumour Hospital,Exhibition Centre,49553.63883,100141,100037,172,26,146,56,90
Exhibition Centre,Tumour Hospital,49553.63883,100037,100141,159,25,134,74,60
Donghai Road,Zhongshan Road,49529.46249,100027,100190,211,78,133,88,45
Zhongshan Road,Donghai Road,49529.46249,100190,100027,148,47,101,71,30
Donghai Road,Xuzhou Road,49499.78345,100027,100167,7,0,7,5,2
Xuzhou Road,Donghai Road,49499.78345,100167,100027,5,2,3,0,3
Haiguang Temple,Exhibition Centre,49493.72026,100048,100037,107,25,82,53,29
Exhibition Centre,Haiguang Temple,49493.72026,100037,100048,106,21,85,62,23
Dabi Zhuang,Tanggu,49483.86207,100021,100131,90,35,55,19,36
Tanggu,Dabi Zhuang,49483.86207,100131,100021,68,37,31,12,19
Jianchang Road,Civic Square,49482.83776,100063,100018,43,6,37,22,15
Civic Square,Jianchang Road,49482.83776,100018,100063,39,13,26,16,10
Taihu Road,North Station,49478.64772,100130,100108,31,7,24,19,5
North Station,Taihu Road,49478.64772,100108,100130,15,6,9,7,2
Magangchang,Taida,49478.01482,100094,100129,1,1,0,0,0
Minquan Gate,Civic Square,49476.68888,100099,100018,45,8,37,33,4
Civic Square,Minquan Gate,49476.68888,100018,100099,38,4,34,16,18
Meijiang Road,Taihu Road,49471.09952,100097,100130,14,3,11,10,1
Taihu Road,Meijiang Road,49471.09952,100130,100097,11,1,10,8,2
Tanggu,Nanzhu Bridge,49466.88225,100131,100104,7,4,3,0,3
Nanzhu Bridge,Tanggu,49466.88225,100104,100131,5,3,2,1,1
Donghai Road,Gulou,49360.29779,100027,100045,351,150,201,122,79
Gulou,Donghai Road,49360.29779,100045,100027,285,125,160,83,77
Exhibition Centre,Zhongshan Road,49350.18474,100037,100190,65,27,38,25,13
Zhongshan Road,Exhibition Centre,49350.18474,100190,100037,62,23,39,24,15
Foreign Languages High School,Civic Square,49323.20462,100040,100018,12,1,11,5,6
Civic Square,Foreign Languages High School,49323.20462,100018,100040,8,0,8,8,0
Civic Square,Tiedong Road,49317.06841,100018,100139,147,18,129,90,39
Tiedong Road,Civic Square,49317.06841,100139,100018,111,16,95,75,20
Yutai,Taida,49301.60897,100183,100129,9,3,6,3,3
Taida,Yutai,49301.60897,100129,100183,4,2,2,0,2
Taida,Meilin Road,49268.85943,100129,100098,10,3,7,2,5
Meilin Road,Taida,49268.85943,100098,100129,8,4,4,1,3
Civic Square,Meijiang Park,49268.21881,100018,100096,21,6,15,7,8
Meijiang Park,Civic Square,49268.21881,100096,100018,18,8,10,5,5
Changling Road,Civic Square,49255.27762,100013,100018,137,21,116,94,22
Civic Square,Changling Road,49255.27762,100018,100013,101,23,78,48,30
Exhibition Centre,Xuzhou Road,49252.00185,100037,100167,12,3,9,6,3
Xuzhou Road,Exhibition Centre,49252.00185,100167,100037,1,1,0,0,0
Hujiayuan,Beiyangyuan Campus of Tianjin University,49208.87227,100062,100007,3,2,1,1,0
Beiyangyuan Campus of Tianjin University,Hujiayuan,49208.87227,100007,100062,2,1,1,1,0
Gulou,Exhibition Centre,49181.02004,100045,100037,201,105,96,45,51
Exhibition Centre,Gulou,49181.02004,100037,100045,189,95,94,56,38
Civic Square,Beining Park,49178.27764,100018,100006,56,9,47,23,24
Beining Park,Civic Square,49178.27764,100006,100018,44,5,39,28,11
Tanggu,Liaohe North Road,49176.58038,100131,100084,48,11,37,16,21
Liaohe North Road,Tanggu,49176.58038,100084,100131,35,13,22,8,14
Taihu Road,Fuxing Gate,49164.26994,100130,100041,7,2,5,3,2
Fuxing Gate,Taihu Road,49164.26994,100041,100130,3,1,2,0,2
Hujiayuan,Yangwu Zhuang,49146.29568,100062,100169,21,5,16,9,7
Yangwu Zhuang,Hujiayuan,49146.29568,100169,100062,17,5,12,10,2
Exhibition Centre,Meijiang Park,49139.1146,100037,100096,7,0,7,4,3
Meijiang Park,Exhibition Centre,49139.1146,100096,100037,5,0,5,3,2
Civic Square,Dongting Road,49133.75023,100018,100034,8,0,8,5,3
Dongting Road,Civic Square,49133.75023,100034,100018,8,1,7,5,2
Guoshan Road,Taida,49130.92497,100047,100129,9,4,5,4,1
Taida,Guoshan Road,49130.92497,100129,100047,8,2,6,4,2
Taida,Yixingbu,49120.09562,100129,100175,45,8,37,12,25
Yixingbu,Taida,49120.09562,100175,100129,41,13,28,20,8
Donghai Road,Xikang Road,49112.33603,100027,100158,238,100,138,94,44
Xikang Road,Donghai Road,49112.33603,100158,100027,197,63,134,92,42
Donghai Road,Jin Street,49104.80895,100027,100070,68,30,38,26,12
Jin Street,Donghai Road,49104.80895,100070,100027,48,30,18,6,12
Lilou,Tanggu,49101.40353,100086,100131,43,18,25,9,16
Tanggu,Lilou,49101.40353,100131,100086,40,11,29,20,9
Taihu Road,Tumour Hospital,49101.13495,100130,100141,145,20,125,76,49
Tumour Hospital,Taihu Road,49101.13495,100141,100130,108,11,97,25,72
Donghai Road,Xingfu Park,49097.89981,100027,100159,119,47,72,44,28
Xingfu Park,Donghai Road,49097.89981,100159,100027,85,20,65,36,29
Donghai Road,Second hospital of the Medical University,49095.38053,100027,100115,38,14,24,19,5
Second hospital of the Medical University,Donghai Road,49095.38053,100115,100027,29,8,21,17,4
Jiangwan Erzhi Road,Taida,49067.21478,100065,100129,8,2,6,3,3
Taida,Jiangwan Erzhi Road,49067.21478,100129,100065,7,2,5,2,3
Taida,Wangdingdi,49060.79585,100129,100145,23,3,20,11,9
Wangdingdi,Taida,49060.79585,100145,100129,23,6,17,11,6
Cuifu New Village,Donghai Road,49051.77661,100019,100027,33,13,20,14,6
Donghai Road,Cuifu New Village,49051.77661,100027,100019,15,6,9,6,3
Civic Square,Lingbin Road,49051.03135,100018,100087,67,16,51,34,17
Lingbin Road,Civic Square,49051.03135,100087,100018,53,13,40,25,15
Haiguang Temple,Taihu Road,49041.21638,100048,100130,62,19,43,21,22
Taihu Road,Haiguang Temple,49041.21638,100130,100048,60,9,51,27,24
Lushui Road,Taida,49023.81959,100093,100129,14,7,7,4,3
Taida,Lushui Road,49023.81959,100129,100093,12,3,9,4,5
Anshan West Road,Taida,49003.77067,100003,100129,76,21,55,32,23
Taida,Anshan West Road,49003.77067,100129,100003,65,13,52,33,19
Civic Square,Northwest Corner,48988.06702,100018,100109,225,49,176,105,71
Northwest Corner,Civic Square,48988.06702,100109,100018,196,44,152,89,63
Yibin Road,Taida,48985.07082,100171,100129,37,13,24,12,12
Taida,Yibin Road,48985.07082,100129,100171,26,6,20,12,8
Zhongshan Road,Taihu Road,48965.12753,100190,100130,62,13,49,32,17
Taihu Road,Zhongshan Road,48965.12753,100130,100190,58,13,45,36,9
Xianyang Road,Taida,48945.77137,100153,100129,108,26,82,50,32
Taida,Xianyang Road,48945.77137,100129,100153,104,30,74,44,30
Qinjian Road,Tanggu,48934.30595,100113,100131,237,24,213,68,145
Tanggu,Qinjian Road,48934.30595,100131,100113,227,91,136,81,55
Jin Street,Exhibition Centre,48925.5312,100070,100037,28,4,24,17,7
Exhibition Centre,Jin Street,48925.5312,100037,100070,23,4,19,12,7
Dongting Road,Taida,48924.8279,100034,100129,12,2,10,8,2
Taida,Dongting Road,48924.8279,100129,100034,8,3,5,3,2
Donghai Road,Liuwei Road,48905.87918,100027,100090,4,1,3,2,1
Liuwei Road,Donghai Road,48905.87918,100090,100027,2,1,1,0,1
Anshan Road,Donghai Road,48885.60797,100002,100027,267,57,210,83,127
Donghai Road,Anshan Road,48885.60797,100027,100002,251,43,208,127,81
Donghai Road,Jianshan Road,48869.6632,100027,100066,14,3,11,6,5
Jianshan Road,Donghai Road,48869.6632,100066,100027,12,4,8,3,5
Weishan Road,Taida,48869.11313,100148,100129,1,0,1,1,0
Shuanggang,Tanggu,48866.31349,100118,100131,24,7,17,8,9
Tanggu,Shuanggang,48866.31349,100131,100118,20,8,12,3,9
Xikang Road,Exhibition Centre,48864.55442,100158,100037,113,27,86,52,34
Exhibition Centre,Xikang Road,48864.55442,100037,100158,109,20,89,53,36
Shuanglin,Taida,48856.54473,100119,100129,12,2,10,6,4
Taida,Shuanglin,48856.54473,100129,100119,11,1,10,6,4
Civic Square,Guangkaisima Road,48853.88056,100018,100044,182,29,153,102,51
Guangkaisima Road,Civic Square,48853.88056,100044,100018,182,18,164,122,42
Exhibition Centre,Xingfu Park,48850.11821,100037,100159,74,20,54,40,14
Xingfu Park,Exhibition Centre,48850.11821,100159,100037,56,16,40,25,15
Exhibition Centre,Second hospital of the Medical University,48847.59893,100037,100115,12,3,9,6,3
Second hospital of the Medical University,Exhibition Centre,48847.59893,100115,100037,5,1,4,2,2
Donghai Road,Wandong Road,48826.69241,100027,100144,25,8,17,14,3
Wandong Road,Donghai Road,48826.69241,100144,100027,24,8,16,11,5
Donghai Road,Shunchi Bridge,48821.57145,100027,100120,95,27,68,39,29
Shunchi Bridge,Donghai Road,48821.57145,100120,100027,91,22,69,48,21
Taida,Xuzhuangzi,48820.79386,100129,100168,10,1,9,5,4
Xuzhuangzi,Taida,48820.79386,100168,100129,8,4,4,2,2
Cuifu New Village,Exhibition Centre,48803.995,100019,100037,25,2,23,13,10
Exhibition Centre,Cuifu New Village,48803.995,100037,100019,18,2,16,12,4
Taihu Road,Xuzhou Road,48799.49796,100130,100167,4,1,3,0,3
Xuzhou Road,Taihu Road,48799.49796,100167,100130,3,1,2,1,1
Gulou,Taihu Road,48795.96283,100045,100130,122,65,57,23,34
Taihu Road,Gulou,48795.96283,100130,100045,107,31,76,59,17
Taida,Jiefang South Road,48728.05452,100129,100068,50,12,38,18,20
Jiefang South Road,Taida,48728.05452,100068,100129,48,14,34,19,15
Tian Tower,Civic Square,48727.8108,100133,100018,172,63,109,63,46
Civic Square,Tian Tower,48727.8108,100018,100133,115,35,80,41,39
Fuxing Road,Taida,48726.76595,100042,100129,26,16,10,4,6
Taida,Fuxing Road,48726.76595,100129,100042,20,9,11,10,1
Exhibition Centre,Meijiang Exhibition Centre,48694.09989,100037,100095,29,7,22,15,7
Meijiang Exhibition Centre,Exhibition Centre,48694.09989,100095,100037,20,8,12,9,3
Taida,People's Hospital,48686.49224,100129,100111,85,16,69,48,21
People's Hospital,Taida,48686.49224,100111,100129,54,9,45,23,22
Tanggu,Jieyuan West Road,48667.11278,100131,100069,165,43,122,61,61
Jieyuan West Road,Tanggu,48667.11278,100069,100131,161,45,116,61,55
Tanggu,Chunhai Road,48665.51975,100131,100017,8,1,7,5,2
Chunhai Road,Tanggu,48665.51975,100017,100131,2,0,2,1,1
Donghai Road,Chentang Zhuang,48658.43443,100027,100015,42,9,33,22,11
Chentang Zhuang,Donghai Road,48658.43443,100015,100027,37,2,35,22,13
Liuwei Road,Exhibition Centre,48658.09758,100090,100037,3,3,0,0,0
JinZhong River Street,Civic Square,48643.36735,100079,100018,102,16,86,62,24
Civic Square,JinZhong River Street,48643.36735,100018,100079,100,22,78,50,28
Exhibition Centre,Anshan Road,48637.82637,100037,100002,197,51,146,106,40
Anshan Road,Exhibition Centre,48637.82637,100002,100037,175,52,123,36,87
Yudongcheng,Civic Square,48637.70423,100180,100018,81,15,66,52,14
Civic Square,Yudongcheng,48637.70423,100018,100180,71,18,53,37,16
Tiantuo,Taida,48623.78045,100138,100129,36,18,18,8,10
Taida,Tiantuo,48623.78045,100129,100138,32,11,21,11,10
Bei Zhulin,Taida,48623.18968,100004,100129,2,1,1,1,0
Taida,Bei Zhulin,48623.18968,100129,100004,2,2,0,0,0
Exhibition Centre,Jianshan Road,48621.8816,100037,100066,10,4,6,4,2
Jianshan Road,Exhibition Centre,48621.8816,100066,100037,5,1,4,1,3
Yuejin North Road,Taida,48617.53062,100181,100129,4,1,3,0,3
Taida,Yuejin North Road,48617.53062,100129,100181,2,0,2,2,0
Taihu Road,Jiefang South Road,48583.67746,100130,100068,28,2,26,21,5
Jiefang South Road,Taihu Road,48583.67746,100068,100130,20,6,14,6,8
Exhibition Centre,Wandong Road,48578.91081,100037,100144,5,1,4,2,2
Wandong Road,Exhibition Centre,48578.91081,100144,100037,4,0,4,1,3
Shunchi Bridge,Exhibition Centre,48573.78985,100120,100037,42,5,37,30,7
Exhibition Centre,Shunchi Bridge,48573.78985,100037,100120,35,5,30,24,6
Civic Square,Meilin Road,48566.94667,100018,100098,16,1,15,5,10
Meilin Road,Civic Square,48566.94667,100098,100018,8,1,7,3,4
Southeast Corner,Donghai Road,48566.73898,100123,100027,308,110,198,100,98
Donghai Road,Southeast Corner,48566.73898,100027,100123,275,129,146,90,56
Civic Square,Sports Centre,48550.3909,100018,100126,97,20,77,43,34
Sports Centre,Civic Square,48550.3909,100126,100018,90,19,71,48,23
Taihu Road,Jin Street,48540.47398,100130,100070,19,2,17,16,1
Jin Street,Taihu Road,48540.47398,100070,100130,17,4,13,10,3
Hujiayuan,Liuyuan,48534.45725,100062,100091,104,36,68,44,24
Liuyuan,Hujiayuan,48534.45725,100091,100062,98,33,65,33,32
Liulin Road,Taida,48518.38127,100089,100129,6,4,2,0,2
Taida,Liulin Road,48518.38127,100129,100089,5,3,2,2,0
Civic Square,Huashan Li,48515.02778,100018,100060,53,11,42,26,16
Huashan Li,Civic Square,48515.02778,100060,100018,48,9,39,27,12
Tianjin Hotel,Donghai Road,48501.09458,100134,100027,112,31,81,65,16
Donghai Road,Tianjin Hotel,48501.09458,100027,100134,105,27,78,60,18
Tanggu,JinZhong Street,48496.96087,100131,100080,55,19,36,16,20
JinZhong Street,Tanggu,48496.96087,100080,100131,54,25,29,14,15
Beichen Road,Hujiayuan,48493.84065,100005,100062,36,9,27,24,3
Hujiayuan,Beichen Road,48493.84065,100062,100005,34,10,24,17,7
Zhangxing Zhuang,Taida,48467.87931,100185,100129,20,12,8,2,6
Taida,Zhangxing Zhuang,48467.87931,100129,100185,16,2,14,10,4
Lushui Road,Tanggu,48431.95327,100093,100131,14,4,10,4,6
Tanggu,Lushui Road,48431.95327,100131,100093,10,5,5,2,3
Civic Square,Water Park Road East,48423.29105,100018,100147,72,33,39,24,15
Water Park Road East,Civic Square,48423.29105,100147,100018,48,23,25,15,10
Tanggu,Huayuan,48417.74278,100131,100061,384,83,301,180,121
Huayuan,Tanggu,48417.74278,100061,100131,359,68,291,152,139
Civic Square,Zuojiang Road,48416.43243,100018,100192,30,5,25,13,12
Zuojiang Road,Civic Square,48416.43243,100192,100018,24,4,20,14,6
Taihu Road,Xikang Road,48412.05054,100130,100158,83,21,62,40,22
Xikang Road,Taihu Road,48412.05054,100158,100130,59,14,45,28,17
Exhibition Centre,Chentang Zhuang,48410.65283,100037,100015,38,3,35,22,13
Chentang Zhuang,Exhibition Centre,48410.65283,100015,100037,29,4,25,17,8
Taihu Road,Xingfu Park,48397.61433,100130,100159,41,6,35,17,18
Xingfu Park,Taihu Road,48397.61433,100159,100130,24,7,17,9,8
Taihu Road,Second hospital of the Medical University,48395.09504,100130,100115,12,2,10,6,4
Second hospital of the Medical University,Taihu Road,48395.09504,100115,100130,7,1,6,3,3
Taida,Yizhongxin Hospital,48388.83032,100129,100177,77,26,51,31,20
Yizhongxin Hospital,Taida,48388.83032,100177,100129,61,24,37,16,21
Southeast Corner,Exhibition Centre,48387.46123,100123,100037,150,48,102,55,47
Exhibition Centre,Southeast Corner,48387.46123,100037,100123,113,43,70,38,32
Youyi South Road,Tanggu,48378.02099,100178,100131,8,4,4,0,4
Tanggu,Youyi South Road,48378.02099,100131,100178,2,1,1,1,0
Tanggu,Tianshili,48370.5133,100131,100136,51,9,42,20,22
Tianshili,Tanggu,48370.5133,100136,100131,43,13,30,22,8
Leyuan Road,Donghai Road,48358.10567,100083,100027,7,3,4,2,2
Donghai Road,Leyuan Road,48358.10567,100027,100083,5,1,4,2,2
Taihu Road,Cuifu New Village,48351.49112,100130,100019,14,7,7,6,1
Cuifu New Village,Taihu Road,48351.49112,100019,100130,11,5,6,3,3
Zuojiang Road,Donghai Road,48344.19495,100192,100027,5,3,2,1,1
Donghai Road,Zuojiang Road,48344.19495,100027,100192,1,0,1,0,1
Civic Square,Xinkai River,48336.05837,100018,100160,18,1,17,10,7
Xinkai River,Civic Square,48336.05837,100160,100018,18,1,17,17,0
Donghai Road,Jinshi Bridge,48320.77812,100027,100076,232,63,169,123,46
Jinshi Bridge,Donghai Road,48320.77812,100076,100027,189,45,144,108,36
Hangshuang Road,Tanggu,48317.29503,100051,100131,6,0,6,5,1
Tanggu,Hangshuang Road,48317.29503,100131,100051,2,0,2,2,0
Donghai Road,Meijiang Road,48313.39058,100027,100097,33,9,24,15,9
Meijiang Road,Donghai Road,48313.39058,100097,100027,30,8,22,15,7
Tanggu,Yixingbu North,48297.43333,100131,100176,104,33,71,38,33
Yixingbu North,Tanggu,48297.43333,100176,100131,96,33,63,31,32
Hujiayuan,Xuefu Industrial Area,48283.02704,100062,100163,30,5,25,21,4
Xuefu Industrial Area,Hujiayuan,48283.02704,100163,100062,27,3,24,21,3
Taida,Hongqi South Road,48271.501,100129,100057,111,34,77,44,33
Hongqi South Road,Taida,48271.501,100057,100129,95,28,67,43,24
Tianjin Hotel,Exhibition Centre,48253.31297,100134,100037,69,11,58,49,9
Exhibition Centre,Tianjin Hotel,48253.31297,100037,100134,57,12,45,36,9
Shaliu South Road,Civic Square,48235.83224,100116,100018,6,1,5,4,1
Civic Square,Shaliu South Road,48235.83224,100018,100116,2,0,2,0,2
Taida,Zhicheng Road,48223.4937,100129,100187,40,17,23,12,11
Zhicheng Road,Taida,48223.4937,100187,100129,23,7,16,10,6
Taihu Road,Liuwei Road,48205.59369,100130,100090,2,1,1,0,1
Donghai Road,Heping Road,48200.41693,100027,100053,446,263,183,100,83
Heping Road,Donghai Road,48200.41693,100053,100027,437,209,228,84,144
Taihu Road,Anshan Road,48185.32248,100130,100002,111,18,93,69,24
Anshan Road,Taihu Road,48185.32248,100002,100130,108,20,88,29,59
Jianshan Road,Taihu Road,48169.37772,100066,100130,2,2,0,0,0
Taihu Road,Jianshan Road,48169.37772,100130,100066,1,0,1,0,1
Gaozhuangzi,Hujiayuan,48164.87995,100043,100062,10,0,10,3,7
Hujiayuan,Gaozhuangzi,48164.87995,100062,100043,4,2,2,1,1
Taida,Yingfeng Road,48144.9874,100129,100173,39,10,29,15,14
Yingfeng Road,Taida,48144.9874,100173,100129,32,8,24,17,7
Exhibition Centre,Jinshi Bridge,48141.50037,100037,100076,82,14,68,47,21
Jinshi Bridge,Exhibition Centre,48141.50037,100076,100037,77,17,60,43,17
Taida,Lijiang Road,48131.62133,100129,100085,6,4,2,0,2
Lijiang Road,Taida,48131.62133,100085,100129,2,1,1,0,1
Wandong Road,Taihu Road,48126.40692,100144,100130,9,1,8,2,6
Taihu Road,Wandong Road,48126.40692,100130,100144,6,1,5,2,3
Shunchi Bridge,Taihu Road,48121.28596,100120,100130,19,6,13,8,5
Taihu Road,Shunchi Bridge,48121.28596,100130,100120,18,5,13,7,6
Leyuan Road,Exhibition Centre,48110.32406,100083,100037,8,1,7,3,4
Exhibition Centre,Leyuan Road,48110.32406,100037,100083,5,0,5,1,4
Erwei Road,Civic Square,48028.48981,100036,100018,95,11,84,51,33
Civic Square,Erwei Road,48028.48981,100018,100036,91,19,72,46,26
Heping Road,Exhibition Centre,48021.13918,100053,100037,331,158,173,63,110
Exhibition Centre,Heping Road,48021.13918,100037,100053,243,106,137,66,71
Donghai Road,Yingkou Road,48020.37278,100027,100174,846,414,432,255,177
Yingkou Road,Donghai Road,48020.37278,100174,100027,669,296,373,152,221
Taihu Road,Southeast Corner,48002.40401,100130,100123,107,26,81,54,27
Southeast Corner,Taihu Road,48002.40401,100123,100130,81,24,57,29,28
Chinese Medicine First Affiliated Hospital,Taida,47992.53937,100016,100129,75,30,45,17,28
Taida,Chinese Medicine First Affiliated Hospital,47992.53937,100129,100016,70,31,39,27,12
Hujiayuan,Xiaodian,47992.07071,100062,100155,13,5,8,7,1
Xiaodian,Hujiayuan,47992.07071,100155,100062,8,4,4,1,3
West Station,Taida,47989.10831,100149,100129,418,156,262,83,179
Taida,West Station,47989.10831,100129,100149,336,118,218,104,114
Wujiayao,Civic Square,47977.1982,100150,100018,182,37,145,104,41
Civic Square,Wujiayao,47977.1982,100018,100150,169,20,149,88,61
Tanggu,Liqi Zhuang South,47972.7221,100131,100088,22,9,13,7,6
Liqi Zhuang South,Tanggu,47972.7221,100088,100131,14,3,11,5,6
Civic Square,Southwest corner,47966.93076,100018,100124,332,49,283,176,107
Southwest corner,Civic Square,47966.93076,100124,100018,318,49,269,192,77
Taida,Meijiang Exhibition Centre,47962.36371,100129,100095,50,23,27,21,6
Meijiang Exhibition Centre,Taida,47962.36371,100095,100129,30,16,14,3,11
Taihu Road,Chentang Zhuang,47958.14894,100130,100015,18,1,17,11,6
Chentang Zhuang,Taihu Road,47958.14894,100015,100130,17,3,14,7,7
Taida,Yaohuan Road,47944.17055,100129,100170,5,4,1,0,1
Yaohuan Road,Taida,47944.17055,100170,100129,4,2,2,0,2
Honghu Li,Tanggu,47941.48841,100055,100131,201,96,105,41,64
Tanggu,Honghu Li,47941.48841,100131,100055,166,91,75,39,36
Civic Square,Yueya River,47925.04751,100018,100182,116,33,83,51,32
Yueya River,Civic Square,47925.04751,100182,100018,106,21,85,51,34
Donghai Road,Taichang Road,47900.02449,100027,100128,95,43,52,32,20
Taichang Road,Donghai Road,47900.02449,100128,100027,60,30,30,17,13
Donghai Road,Jingjiang Road,47888.81042,100027,100072,93,16,77,49,28
Jingjiang Road,Donghai Road,47888.81042,100072,100027,79,16,63,37,26
Dengzhou Road,Taida,47880.35459,100024,100129,22,3,19,14,5
Taida,Dengzhou Road,47880.35459,100129,100024,19,5,14,8,6
Donghai Road,Meijiang Park,47870.13116,100027,100096,19,6,13,11,2
Meijiang Park,Donghai Road,47870.13116,100096,100027,7,4,3,3,0
Donghai Road,Yuanyang International Centre,47869.74979,100027,100179,244,90,154,101,53
Yuanyang International Centre,Donghai Road,47869.74979,100179,100027,204,77,127,79,48
Taihu Road,Dongting Road,47860.6405,100130,100034,3,0,3,0,3
Dongting Road,Taihu Road,47860.6405,100034,100130,3,0,3,2,1
North Station,Civic Square,47851.66362,100108,100018,67,16,51,33,18
Civic Square,North Station,47851.66362,100018,100108,65,15,50,29,21
Tanggu,Magangchang,47833.36802,100131,100094,5,1,4,1,3
Magangchang,Tanggu,47833.36802,100094,100131,2,0,2,0,2
Civic Square,Meijiang Road,47809.3818,100018,100097,41,7,34,16,18
Meijiang Road,Civic Square,47809.3818,100097,100018,30,10,20,11,9
Taihu Road,Tianjin Hotel,47800.80909,100130,100134,55,1,54,38,16
Tianjin Hotel,Taihu Road,47800.80909,100134,100130,35,4,31,22,9
Yingkou Road,Exhibition Centre,47772.59118,100174,100037,419,194,225,131,94
Exhibition Centre,Yingkou Road,47772.59118,100037,100174,408,154,254,147,107
Taihu Road,Jinshi Bridge,47756.44316,100130,100076,55,14,41,25,16
Jinshi Bridge,Taihu Road,47756.44316,100076,100130,51,10,41,28,13
Tiantai Road,Taida,47746.21444,100137,100129,56,18,38,27,11
Taida,Tiantai Road,47746.21444,100129,100137,38,5,33,24,9
Tanggu,Jinghe Road,47738.08974,100131,100071,7,2,5,4,1
Jinghe Road,Tanggu,47738.08974,100071,100131,7,5,2,0,2
Siyuan Road,Taida,47733.8629,100121,100129,8,4,4,3,1
Taida,Siyuan Road,47733.8629,100129,100121,5,2,3,0,3
Changhong Park,Taida,47720.84681,100012,100129,82,26,56,39,17
Taida,Changhong Park,47720.84681,100129,100012,79,30,49,24,25
Exhibition Centre,Yuanyang International Centre,47690.47204,100037,100179,63,3,60,31,29
Yuanyang International Centre,Exhibition Centre,47690.47204,100179,100037,57,7,50,43,7
Donghai Road,Jianguo Road,47661.45732,100027,100064,318,132,186,121,65
Jianguo Road,Donghai Road,47661.45732,100064,100027,226,104,122,50,72
Leyuan Road,Taihu Road,47657.82018,100083,100130,10,2,8,3,5
Tanggu,Yutai,47656.96217,100131,100183,21,3,18,8,10
Yutai,Tanggu,47656.96217,100183,100131,19,6,13,6,7
Taichang Road,Exhibition Centre,47652.24289,100128,100037,45,12,33,19,14
Exhibition Centre,Taichang Road,47652.24289,100037,100128,43,8,35,20,15
Taida,Xiangshan Road,47650.49631,100129,100151,4,2,2,0,2
Xiangshan Road,Taida,47650.49631,100151,100129,3,3,0,0,0
Jingjiang Road,Exhibition Centre,47641.02881,100072,100037,73,14,59,42,17
Exhibition Centre,Jingjiang Road,47641.02881,100037,100072,71,12,59,32,27
Heping Road,Taihu Road,47636.08197,100053,100130,134,72,62,32,30
Taihu Road,Heping Road,47636.08197,100130,100053,99,39,60,35,25
Tanggu,Meilin Road,47624.21264,100131,100098,21,7,14,1,13
Meilin Road,Tanggu,47624.21264,100098,100131,21,8,13,5,8
Nansun Zhuang,Hujiayuan,47617.11156,100103,100062,2,1,1,0,1
Lushui Road,Civic Square,47610.65351,100093,100018,9,1,8,5,3
Civic Square,Lushui Road,47610.65351,100018,100093,8,3,5,3,2
Jingli Road,Hujiayuan,47607.75584,100073,100062,6,1,5,2,3
Hujiayuan,Jingli Road,47607.75584,100062,100073,3,1,2,1,1
Taida,Zhou and Deng Memorial Museum,47597.75948,100129,100191,68,24,44,25,19
Zhou and Deng Memorial Museum,Taida,47597.75948,100191,100129,59,20,39,23,16
Donghai Road,Jinwan Square,47594.15143,100027,100078,223,105,118,76,42
Jinwan Square,Donghai Road,47594.15143,100078,100027,211,90,121,49,72
Donghai Road,Cultural centre,47545.06326,100027,100020,174,63,111,71,40
Cultural centre,Donghai Road,47545.06326,100020,100027,119,51,68,34,34
Hujiayuan,Ruijing XinYuan,47533.23511,100062,100114,33,13,20,5,15
Ruijing XinYuan,Hujiayuan,47533.23511,100114,100062,23,7,16,2,14
Fuxing Gate,Civic Square,47502.55221,100041,100018,44,8,36,19,17
Civic Square,Fuxing Gate,47502.55221,100018,100041,41,7,34,25,9
Tanggu,Guoshan Road,47486.27818,100131,100047,29,9,20,12,8
Guoshan Road,Tanggu,47486.27818,100047,100131,26,11,15,10,5
Jianguo Road,Exhibition Centre,47482.17957,100064,100037,94,27,67,38,29
Exhibition Centre,Jianguo Road,47482.17957,100037,100064,74,27,47,29,18
Tanggu,Yixingbu,47474.88229,100131,100175,65,30,35,21,14
Yixingbu,Tanggu,47474.88229,100175,100131,63,30,33,24,9
Laoshan Road,Taida,47451.69916,100082,100129,5,2,3,0,3
Taida,Laoshan Road,47451.69916,100129,100082,5,3,2,2,0
Taida,Nancuiping,47447.94367,100129,100100,24,5,19,7,12
Nancuiping,Taida,47447.94367,100100,100129,13,2,11,4,7
Taida,Shuanggang,47442.14388,100129,100118,6,0,6,4,2
Shuanggang,Taida,47442.14388,100118,100129,5,4,1,0,1
Civic Square,Tumour Hospital,47439.41722,100018,100141,477,64,413,256,157
Tumour Hospital,Civic Square,47439.41722,100141,100018,461,52,409,152,257
Taida,Dengzhou South Road,47430.88471,100129,100025,2,1,1,1,0
Dengzhou South Road,Taida,47430.88471,100025,100129,2,1,1,1,0
Meijiang Exhibition Centre,Donghai Road,47425.11646,100095,100027,74,28,46,30,16
Donghai Road,Meijiang Exhibition Centre,47425.11646,100027,100095,73,36,37,30,7
Jiangwan Erzhi Road,Tanggu,47422.56798,100065,100131,8,1,7,2,5
Tanggu,Jiangwan Erzhi Road,47422.56798,100131,100065,6,1,5,4,1
Tanggu,Wangdingdi,47416.14905,100131,100145,46,19,27,13,14
Wangdingdi,Tanggu,47416.14905,100145,100131,42,19,23,15,8
Exhibition Centre,Jinwan Square,47414.87368,100037,100078,84,24,60,31,29
Jinwan Square,Exhibition Centre,47414.87368,100078,100037,71,24,47,25,22
Taida,The Financial University,47381.33171,100129,100132,33,23,10,3,7
The Financial University,Taida,47381.33171,100132,100129,21,6,15,5,10
Civic Square,Haiguang Temple,47379.49865,100018,100048,298,53,245,152,93
Haiguang Temple,Civic Square,47379.49865,100048,100018,286,49,237,136,101
Hujiayuan,Fengchan River,47371.28989,100062,100039,7,3,4,1,3
Fengchan River,Hujiayuan,47371.28989,100039,100062,3,2,1,1,0
Anshan West Road,Tanggu,47359.12388,100003,100131,229,56,173,93,80
Tanggu,Anshan West Road,47359.12388,100131,100003,206,51,155,84,71
Yibin Road,Tanggu,47339.85748,100171,100131,92,27,65,18,47
Tanggu,Yibin Road,47339.85748,100131,100171,65,27,38,16,22
Donghai Road,Tucheng,47339.03791,100027,100140,67,13,54,38,16
Tucheng,Donghai Road,47339.03791,100140,100027,58,12,46,29,17
Zhongshan Road,Civic Square,47338.14343,100190,100018,236,44,192,141,51
Civic Square,Zhongshan Road,47338.14343,100018,100190,223,49,174,98,76
Yingkou Road,Taihu Road,47320.08729,100174,100130,197,75,122,66,56
Taihu Road,Yingkou Road,47320.08729,100130,100174,190,79,111,67,44
Taihu Road,Yuanyang International Centre,47305.41483,100130,100179,76,11,65,52,13
Yuanyang International Centre,Taihu Road,47305.41483,100179,100130,58,11,47,39,8
Xianyang Road,Tanggu,47300.55803,100153,100131,298,84,214,113,101
Tanggu,Xianyang Road,47300.55803,100131,100153,294,89,205,112,93
Jianchang Road,Taida,47298.15927,100063,100129,30,7,23,15,8
Taida,Jianchang Road,47298.15927,100129,100063,30,9,21,12,9
Exhibition Centre,Cultural centre,47297.28166,100037,100020,94,34,60,44,16
Cultural centre,Exhibition Centre,47297.28166,100020,100037,91,43,48,23,25
Taihu Road,Meilin Road,47293.83693,100130,100098,17,5,12,5,7
Meilin Road,Taihu Road,47293.83693,100098,100130,4,2,2,1,1
Taida,Minquan Gate,47292.01039,100129,100099,28,6,22,15,7
Minquan Gate,Taida,47292.01039,100099,100129,27,5,22,19,3
Dongting Road,Tanggu,47280.18111,100034,100131,9,3,6,1,5
Tanggu,Dongting Road,47280.18111,100131,100034,8,3,5,2,3
Jiefang South Road,Exhibition Centre,47265.29954,100068,100037,35,17,18,12,6
Exhibition Centre,Jiefang South Road,47265.29954,100037,100068,20,4,16,9,7
Weishan Road,Tanggu,47224.46633,100148,100131,2,0,2,1,1
Shuanglin,Tanggu,47211.89794,100119,100131,36,10,26,14,12
Tanggu,Shuanglin,47211.89794,100131,100119,36,21,15,3,12
Hujiayuan,Professional University,47209.82447,100062,100112,39,19,20,7,13
Professional University,Hujiayuan,47209.82447,100112,100062,25,3,22,11,11
Taihu Road,Taichang Road,47199.739,100130,100128,29,7,22,11,11
Taichang Road,Taihu Road,47199.739,100128,100130,17,6,11,6,5
Jingjiang Road,Taihu Road,47188.52493,100072,100130,44,9,35,26,9
Taihu Road,Jingjiang Road,47188.52493,100130,100072,42,5,37,26,11
Binhai International Airport,Hujiayuan,47185.94698,100010,100062,72,19,53,16,37
Hujiayuan,Binhai International Airport,47185.94698,100062,100010,48,16,32,16,16
Xuzhuangzi,Tanggu,47176.14706,100168,100131,43,8,35,18,17
Tanggu,Xuzhuangzi,47176.14706,100131,100168,29,5,24,12,12
Gulou,Civic Square,47168.97873,100045,100018,360,130,230,127,103
Civic Square,Gulou,47168.97873,100018,100045,282,83,199,115,84
Xuzhou Road,Civic Square,47137.78023,100167,100018,10,1,9,1,8
Civic Square,Xuzhou Road,47137.78023,100018,100167,8,1,7,4,3
Foreign Languages High School,Taida,47125.63065,100040,100129,8,1,7,4,3
Taida,Foreign Languages High School,47125.63065,100129,100040,8,3,5,3,2
Taida,Tiedong Road,47119.49443,100129,100139,95,22,73,47,26
Tiedong Road,Taida,47119.49443,100139,100129,67,12,55,39,16
Taihu Road,Jianguo Road,47097.12236,100130,100064,69,20,49,33,16
Jianguo Road,Taihu Road,47097.12236,100064,100130,58,18,40,22,18
Exhibition Centre,Tucheng,47091.25631,100037,100140,39,3,36,23,13
Tucheng,Exhibition Centre,47091.25631,100140,100037,35,7,28,12,16
Meijiang Park,Taida,47083.54032,100096,100129,16,4,12,8,4
Taida,Meijiang Park,47083.54032,100129,100096,16,2,14,8,6
Jiefang South Road,Tanggu,47083.40772,100068,100131,97,41,56,21,35
Tanggu,Jiefang South Road,47083.40772,100131,100068,91,34,57,28,29
Fuxing Road,Tanggu,47081.55262,100042,100131,77,23,54,17,37
Tanggu,Fuxing Road,47081.55262,100131,100042,40,14,26,7,19
Taida,Changling Road,47070.59913,100129,100013,54,17,37,22,15
Changling Road,Taida,47070.59913,100013,100129,50,14,36,14,22
People's Hospital,Tanggu,47041.2789,100111,100131,195,39,156,51,105
Tanggu,People's Hospital,47041.2789,100131,100111,171,40,131,66,65
Taihu Road,Jinwan Square,47029.81647,100130,100078,71,16,55,35,20
Jinwan Square,Taihu Road,47029.81647,100078,100130,44,10,34,18,16
Taida,Beining Park,46980.70367,100129,100006,34,7,27,19,8
Beining Park,Taida,46980.70367,100006,100129,32,12,20,10,10
Tiantuo,Tanggu,46979.13365,100138,100131,121,31,90,45,45
Tanggu,Tiantuo,46979.13365,100131,100138,100,22,78,42,36
Bei Zhulin,Tanggu,46977.97634,100004,100131,14,4,10,8,2
Tanggu,Bei Zhulin,46977.97634,100131,100004,6,3,3,1,2
Tanggu,Yuejin North Road,46972.88382,100131,100181,3,2,1,0,1
Yuejin North Road,Tanggu,46972.88382,100181,100131,2,1,1,1,0
Longhan Road,Tanggu,46954.23151,100092,100131,2,0,2,0,2
Jingli Road,Tanggu,46924.26652,100073,100131,23,7,16,4,12
Tanggu,Jingli Road,46924.26652,100131,100073,16,6,10,6,4
Jin Street,Civic Square,46913.48989,100070,100018,55,17,38,18,20
Civic Square,Jin Street,46913.48989,100018,100070,47,10,37,14,23
Wanshan Road,Taida,46875.98314,100146,100129,2,1,1,1,0
Taida,Wanshan Road,46875.98314,100129,100146,1,1,0,0,0
Liulin Road,Tanggu,46873.73447,100089,100131,21,10,11,3,8
Tanggu,Liulin Road,46873.73447,100131,100089,11,8,3,1,2
Donghai Road,Tianjin Station,46873.65714,100027,100135,3077,1289,1788,816,972
Tianjin Station,Donghai Road,46873.65714,100135,100027,2740,1108,1632,575,1057
Taida,Lingbin Road,46866.35286,100129,100087,58,17,41,31,10
Lingbin Road,Taida,46866.35286,100087,100129,47,12,35,23,12
Taihu Road,Cultural centre,46844.77777,100130,100020,83,27,56,37,19
Cultural centre,Taihu Road,46844.77777,100020,100130,70,24,46,23,23
Zhangxing Zhuang,Tanggu,46822.66598,100185,100131,59,9,50,31,19
Tanggu,Zhangxing Zhuang,46822.66598,100131,100185,52,13,39,22,17
Taida,Northwest Corner,46790.49305,100129,100109,161,56,105,70,35
Northwest Corner,Taida,46790.49305,100109,100129,157,46,111,41,70
Xikang Road,Civic Square,46750.33281,100158,100018,268,47,221,150,71
Civic Square,Xikang Road,46750.33281,100018,100158,225,45,180,113,67
Yizhongxin Hospital,Tanggu,46744.18353,100177,100131,148,34,114,52,62
Tanggu,Yizhongxin Hospital,46744.18353,100131,100177,148,42,106,58,48
Civic Square,Xingfu Park,46735.8966,100018,100159,141,26,115,77,38
Xingfu Park,Civic Square,46735.8966,100159,100018,85,23,62,39,23
Civic Square,Second hospital of the Medical University,46733.37732,100018,100115,49,7,42,31,11
Second hospital of the Medical University,Civic Square,46733.37732,100115,100018,47,5,42,32,10
Hujiayuan,Hongni River East,46704.16495,100062,100056,6,0,6,5,1
Hongni River East,Hujiayuan,46704.16495,100056,100062,5,0,5,5,0
Hujiayuan,High-Tech Zone,46704.13991,100062,100054,97,20,77,59,18
High-Tech Zone,Hujiayuan,46704.13991,100054,100062,89,14,75,56,19
Tianjin Station,Exhibition Centre,46694.37938,100135,100037,1035,409,626,295,331
Exhibition Centre,Tianjin Station,46694.37938,100037,100135,832,280,552,251,301
Cuifu New Village,Civic Square,46689.77339,100019,100018,60,6,54,42,12
Civic Square,Cuifu New Village,46689.77339,100018,100019,53,12,41,32,9
Guangkaisima Road,Taida,46656.30659,100044,100129,131,37,94,71,23
Taida,Guangkaisima Road,46656.30659,100129,100044,126,45,81,55,26
Taihu Road,Tucheng,46638.75242,100130,100140,22,0,22,12,10
Tucheng,Taihu Road,46638.75242,100140,100130,19,1,18,4,14
Jinghe Road,Hujiayuan,46628.44048,100071,100062,4,1,3,1,2
Hujiayuan,Jinghe Road,46628.44048,100062,100071,2,0,2,1,1
Hongqi South Road,Tanggu,46626.85421,100057,100131,254,67,187,87,100
Tanggu,Hongqi South Road,46626.85421,100131,100057,235,80,155,78,77
Donghai Road,Xiaobailou,46625.67602,100027,100154,208,85,123,83,40
Xiaobailou,Donghai Road,46625.67602,100154,100027,187,92,95,35,60
Donghai Road,Chenglin Road,46611.309,100027,100014,145,30,115,89,26
Chenglin Road,Donghai Road,46611.309,100014,100027,111,17,94,82,12
Steel Tube Company,Xianshuigu West,46590.01314,100127,100152,13,7,6,3,3
Xianshuigu West,Steel Tube Company,46590.01314,100152,100127,12,5,7,1,6
Zhicheng Road,Tanggu,46578.8469,100187,100131,69,25,44,24,20
Tanggu,Zhicheng Road,46578.8469,100131,100187,54,23,31,20,11
Donghai Road,Southwest Tower,46574.99908,100027,100125,215,59,156,109,47
Southwest Tower,Donghai Road,46574.99908,100125,100027,180,49,131,95,36
Liuwei Road,Civic Square,46543.87596,100090,100018,1,0,1,0,1
Tian Tower,Taida,46543.13231,100133,100129,105,56,49,15,34
Taida,Tian Tower,46543.13231,100129,100133,94,33,61,27,34
Exhibition Centre,Dongting Road,46542.26257,100037,100034,2,0,2,1,1
Dongting Road,Exhibition Centre,46542.26257,100034,100037,2,1,1,0,1
Civic Square,Anshan Road,46523.60476,100018,100002,344,57,287,184,103
Anshan Road,Civic Square,46523.60476,100002,100018,321,38,283,141,142
Civic Square,Jianshan Road,46507.65999,100018,100066,18,10,8,4,4
Jianshan Road,Civic Square,46507.65999,100066,100018,13,6,7,1,6
Yingfeng Road,Tanggu,46500.3406,100173,100131,100,28,72,37,35
Tanggu,Yingfeng Road,46500.3406,100131,100173,66,29,37,16,21
Lijiang Road,Tanggu,46486.97453,100085,100131,36,8,28,9,19
Tanggu,Lijiang Road,46486.97453,100131,100085,29,17,12,7,5
Jiayuan Li,Hujiayuan,46471.38829,100067,100062,30,10,20,12,8
Hujiayuan,Jiayuan Li,46471.38829,100062,100067,15,5,10,3,7
Civic Square,Wandong Road,46464.6892,100018,100144,26,2,24,16,8
Wandong Road,Civic Square,46464.6892,100144,100018,22,2,20,16,4
Civic Square,Shunchi Bridge,46459.56824,100018,100120,129,27,102,67,35
Shunchi Bridge,Civic Square,46459.56824,100120,100018,123,13,110,80,30
Taida,JinZhong River Street,46458.68886,100129,100079,62,17,45,25,20
JinZhong River Street,Taida,46458.68886,100079,100129,44,20,24,19,5
Taida,Yudongcheng,46453.02574,100129,100180,57,20,37,17,20
Yudongcheng,Taida,46453.02574,100180,100129,44,15,29,17,12
Donghai Road,Nanlou,46413.86147,100027,100102,65,21,44,32,12
Nanlou,Donghai Road,46413.86147,100102,100027,47,19,28,16,12
Xiaobailou,Exhibition Centre,46377.89442,100154,100037,118,49,69,31,38
Exhibition Centre,Xiaobailou,46377.89442,100037,100154,117,38,79,50,29
Southeast Corner,Civic Square,46375.41992,100123,100018,298,94,204,126,78
Civic Square,Southeast Corner,46375.41992,100018,100123,269,79,190,94,96
Cao Zhuang,Hujiayuan,46372.42824,100011,100062,152,45,107,53,54
Hujiayuan,Cao Zhuang,46372.42824,100062,100011,136,67,69,42,27
Taida,Sports Centre,46365.71241,100129,100126,92,34,58,33,25
Sports Centre,Taida,46365.71241,100126,100129,70,29,41,26,15
Exhibition Centre,Chenglin Road,46363.52739,100037,100014,52,10,42,33,9
Chenglin Road,Exhibition Centre,46363.52739,100014,100037,50,5,45,35,10
Chinese Medicine First Affiliated Hospital,Tanggu,46347.89258,100016,100131,285,73,212,72,140
Tanggu,Chinese Medicine First Affiliated Hospital,46347.89258,100131,100016,271,73,198,106,92
West Station,Tanggu,46343.89497,100149,100131,1386,480,906,252,654
Tanggu,West Station,46343.89497,100131,100149,827,304,523,218,305
Taihu Road,Lushui Road,46337.54378,100130,100093,2,1,1,1,0
Taida,Huashan Li,46330.34929,100129,100060,33,8,25,10,15
Huashan Li,Taida,46330.34929,100060,100129,30,8,22,12,10
Southwest Tower,Exhibition Centre,46327.21748,100125,100037,122,22,100,67,33
Exhibition Centre,Southwest Tower,46327.21748,100037,100125,111,18,93,69,24
Tanggu,Meijiang Exhibition Centre,46317.71692,100131,100095,131,72,59,36,23
Meijiang Exhibition Centre,Tanggu,46317.71692,100095,100131,131,70,61,33,28
Taida,Jinghe Road,46313.92013,100129,100071,8,2,6,2,4
Jinghe Road,Taida,46313.92013,100071,100129,2,2,0,0,0
Tianjin Station,Taihu Road,46309.32217,100135,100130,752,219,533,236,297
Taihu Road,Tianjin Station,46309.32217,100130,100135,587,149,438,214,224
Yaohuan Road,Tanggu,46299.52376,100170,100131,22,8,14,6,8
Tanggu,Yaohuan Road,46299.52376,100131,100170,16,7,9,4,5
Civic Square,Chentang Zhuang,46296.43122,100018,100015,67,4,63,31,32
Chentang Zhuang,Civic Square,46296.43122,100015,100018,66,14,52,30,22
Taida,Water Park Road East,46238.61256,100129,100147,48,28,20,12,8
Water Park Road East,Taida,46238.61256,100147,100129,37,19,18,9,9
Dengzhou Road,Tanggu,46235.7078,100024,100131,64,17,47,18,29
Tanggu,Dengzhou Road,46235.7078,100131,100024,57,12,45,21,24
Jinnan Campus of Nankai University,Hujiayuan,46232.23644,100075,100062,1,0,1,1,0
Hujiayuan,Jinnan Campus of Nankai University,46232.23644,100062,100075,1,0,1,0,1
Zuojiang Road,Taida,46231.75394,100192,100129,16,5,11,5,6
Taida,Zuojiang Road,46231.75394,100129,100192,9,6,3,1,2
Nanlou,Exhibition Centre,46166.07986,100102,100037,36,4,32,25,7
Exhibition Centre,Nanlou,46166.07986,100037,100102,28,3,25,19,6
Tianjin Hotel,Civic Square,46139.09136,100134,100018,163,23,140,106,34
Civic Square,Tianjin Hotel,46139.09136,100018,100134,162,32,130,75,55
Xinkai River,Taida,46138.4844,100160,100129,7,3,4,1,3
Taida,Xinkai River,46138.4844,100129,100160,2,0,2,2,0
Civic Square,Jinshi Bridge,46129.45906,100018,100076,246,35,211,130,81
Jinshi Bridge,Civic Square,46129.45906,100076,100018,241,34,207,176,31
Tiantai Road,Tanggu,46101.0011,100137,100131,102,36,66,29,37
Tanggu,Tiantai Road,46101.0011,100131,100137,84,27,57,14,43
Tanggu,Siyuan Road,46089.2161,100131,100121,17,3,14,4,10
Siyuan Road,Tanggu,46089.2161,100121,100131,14,3,11,6,5
North China Group,Hujiayuan,46086.24845,100107,100062,83,21,62,23,39
Hujiayuan,North China Group,46086.24845,100062,100107,70,25,45,19,26
Changhong Park,Tanggu,46075.63347,100012,100131,249,67,182,87,95
Tanggu,Changhong Park,46075.63347,100131,100012,206,62,144,83,61
Taida,Shaliu South Road,46051.15375,100129,100116,6,4,2,1,1
Shaliu South Road,Taida,46051.15375,100116,100129,5,3,2,1,1
Civic Square,Shuanggang,46028.9778,100018,100118,7,5,2,1,1
Shuanggang,Civic Square,46028.9778,100118,100018,5,2,3,0,3
Heping Road,Civic Square,46009.09787,100053,100018,456,164,292,106,186
Civic Square,Heping Road,46009.09787,100018,100053,384,119,265,131,134
Tanggu,Xiangshan Road,46005.84951,100131,100151,13,5,8,3,5
Xiangshan Road,Tanggu,46005.84951,100151,100131,13,3,10,4,6
Jiefang South Road,Donghai Road,45996.3161,100068,100027,77,30,47,15,32
Donghai Road,Jiefang South Road,45996.3161,100027,100068,56,17,39,19,20
Civic Square,Leyuan Road,45996.10245,100018,100083,8,4,4,3,1
Leyuan Road,Civic Square,45996.10245,100083,100018,5,1,4,0,4
Exhibition Centre,Meilin Road,45975.45901,100037,100098,10,0,10,8,2
Meilin Road,Exhibition Centre,45975.45901,100098,100037,6,0,6,4,2
Zhou and Deng Memorial Museum,Tanggu,45953.11269,100191,100131,160,56,104,46,58
Tanggu,Zhou and Deng Memorial Museum,45953.11269,100131,100191,134,56,78,33,45
Taihu Road,Xiaobailou,45925.39054,100130,100154,69,15,54,42,12
Xiaobailou,Taihu Road,45925.39054,100154,100130,55,12,43,23,20
Chenglin Road,Taihu Road,45911.02351,100014,100130,43,6,37,32,5
Taihu Road,Chenglin Road,45911.02351,100130,100014,37,6,31,25,6
Donghai Road,Dawang Zhuang,45889.14824,100027,100023,347,107,240,160,80
Dawang Zhuang,Donghai Road,45889.14824,100023,100027,289,87,202,97,105
Taihu Road,Southwest Tower,45874.7136,100130,100125,116,13,103,83,20
Southwest Tower,Taihu Road,45874.7136,100125,100130,76,8,68,43,25
Erwei Road,Taida,45843.81132,100036,100129,51,15,36,12,24
Taida,Erwei Road,45843.81132,100129,100036,48,13,35,26,9
Laoshan Road,Tanggu,45807.05236,100082,100131,15,4,11,5,6
Tanggu,Laoshan Road,45807.05236,100131,100082,7,4,3,1,2
Nancuiping,Tanggu,45803.29688,100100,100131,60,32,28,13,15
Tanggu,Nancuiping,45803.29688,100131,100100,41,16,25,8,17
Wujiayao,Taida,45792.5197,100150,100129,126,31,95,59,36
Taida,Wujiayao,45792.5197,100129,100150,116,23,93,59,34
Tanggu,Dengzhou South Road,45786.23792,100131,100025,8,4,4,1,3
Dengzhou South Road,Tanggu,45786.23792,100025,100131,6,2,4,1,3
Southwest corner,Taida,45769.35679,100124,100129,190,50,140,92,48
Taida,Southwest corner,45769.35679,100129,100124,175,48,127,75,52
Taida,Yueya River,45740.36902,100129,100182,126,34,92,52,40
Yueya River,Taida,45740.36902,100182,100129,82,25,57,36,21
The Financial University,Tanggu,45736.68492,100132,100131,74,26,48,13,35
Tanggu,The Financial University,45736.68492,100131,100132,70,38,32,10,22
Taihu Road,Nanlou,45713.57598,100130,100102,12,0,12,11,1
Nanlou,Taihu Road,45713.57598,100102,100130,11,2,9,6,3
Hujiayuan,Nanhe Zhuang,45704.33258,100062,100101,21,7,14,12,2
Nanhe Zhuang,Hujiayuan,45704.33258,100101,100062,20,3,17,9,8
Exhibition Centre,Dawang Zhuang,45682.65091,100037,100023,163,26,137,100,37
Dawang Zhuang,Exhibition Centre,45682.65091,100023,100037,146,29,117,72,45
Civic Square,Yuanyang International Centre,45678.43073,100018,100179,164,32,132,84,48
Yuanyang International Centre,Civic Square,45678.43073,100179,100018,155,26,129,81,48
University town,Hujiayuan,45678.04459,100143,100062,104,28,76,41,35
Hujiayuan,University town,45678.04459,100062,100143,100,65,35,19,16
Steel Tube Company,Hehui South Road,45660.85541,100127,100052,1,1,0,0,0
Yingkou Road,Civic Square,45658.36956,100174,100018,699,237,462,240,222
Civic Square,Yingkou Road,45658.36956,100018,100174,651,202,449,239,210
Taida,North Station,45654.08965,100129,100108,96,24,72,36,36
North Station,Taida,45654.08965,100108,100129,90,35,55,24,31
Tanggu,Jianchang Road,45653.51248,100131,100063,61,23,38,11,27
Jianchang Road,Tanggu,45653.51248,100063,100131,56,19,37,19,18
Minquan Gate,Tanggu,45647.3636,100099,100131,34,15,19,4,15
Tanggu,Minquan Gate,45647.3636,100131,100099,33,12,21,13,8
Meijiang Road,Taida,45624.70331,100097,100129,17,6,11,8,3
Taida,Meijiang Road,45624.70331,100129,100097,17,4,13,7,6
Huaihe Road,Hujiayuan,45557.72985,100058,100062,9,0,9,7,2
Hujiayuan,Huaihe Road,45557.72985,100062,100058,4,1,3,2,1
Civic Square,Taichang Road,45538.02128,100018,100128,97,14,83,47,36
Taichang Road,Civic Square,45538.02128,100128,100018,80,21,59,38,21
Civic Square,Jingjiang Road,45526.8072,100018,100072,173,23,150,93,57
Jingjiang Road,Civic Square,45526.8072,100072,100018,168,17,151,116,35
Jingli Road,Taida,45500.09691,100073,100129,8,3,5,5,0
Taida,Jingli Road,45500.09691,100129,100073,6,0,6,6,0
Foreign Languages High School,Tanggu,45480.41731,100040,100131,16,1,15,9,6
Tanggu,Foreign Languages High School,45480.41731,100131,100040,14,1,13,3,10
Tiedong Road,Tanggu,45474.2811,100139,100131,162,40,122,70,52
Tanggu,Tiedong Road,45474.2811,100131,100139,149,48,101,64,37
Civic Square,Jianguo Road,45470.13826,100018,100064,171,44,127,74,53
Jianguo Road,Civic Square,45470.13826,100064,100018,149,47,102,59,43
Meijiang Park,Tanggu,45438.89353,100096,100131,35,7,28,13,15
Tanggu,Meijiang Park,45438.89353,100131,100096,27,8,19,10,9
Changling Road,Tanggu,45425.95234,100013,100131,160,59,101,35,66
Tanggu,Changling Road,45425.95234,100131,100013,148,79,69,33,36
Jinwan Square,Civic Square,45402.83237,100078,100018,150,34,116,61,55
Civic Square,Jinwan Square,45402.83237,100018,100078,136,35,101,53,48
Donghai Road,Xiawafang,45384.36292,100027,100157,285,69,216,145,71
Xiawafang,Donghai Road,45384.36292,100157,100027,236,56,180,120,60
Benxi Road,Hujiayuan,45354.96911,100008,100062,42,12,30,20,10
Hujiayuan,Benxi Road,45354.96911,100062,100008,38,13,25,15,10
Hujiayuan,Shuanggang,45340.09904,100062,100118,5,1,4,2,2
Shuanggang,Hujiayuan,45340.09904,100118,100062,3,1,2,0,2
Tanggu,Beining Park,45335.49033,100131,100006,69,12,57,28,29
Beining Park,Tanggu,45335.49033,100006,100131,66,19,47,28,19
Taida,Fuxing Gate,45317.87372,100129,100041,23,10,13,8,5
Fuxing Gate,Taida,45317.87372,100041,100129,18,7,11,8,3
Donghai Road,Shiyijing Road,45294.49884,100027,100117,611,170,441,282,159
Shiyijing Road,Donghai Road,45294.49884,100117,100027,610,191,419,226,193
Donghai Road,Dongting Road,45273.27914,100027,100034,4,1,3,0,3
Dongting Road,Donghai Road,45273.27914,100034,100027,2,0,2,2,0
Taihu Road,Dawang Zhuang,45270.66855,100130,100023,151,25,126,92,34
Dawang Zhuang,Taihu Road,45270.66855,100023,100130,117,19,98,66,32
Taida,Tumour Hospital,45254.73873,100129,100141,332,67,265,162,103
Tumour Hospital,Taida,45254.73873,100141,100129,298,51,247,83,164
Tanggu,Wanshan Road,45231.33635,100131,100146,2,2,0,0,0
Wanshan Road,Tanggu,45231.33635,100146,100131,1,0,1,1,0
Tanggu,Lingbin Road,45221.70607,100131,100087,109,32,77,43,34
Lingbin Road,Tanggu,45221.70607,100087,100131,107,25,82,57,25
Fangshan Road,Tanggu,45211.63152,100038,100131,2,1,1,0,1
Haiguang Temple,Taida,45194.82016,100048,100129,134,44,90,57,33
Taida,Haiguang Temple,45194.82016,100129,100048,116,28,88,57,31
Civic Square,Cultural centre,45183.06005,100018,100020,235,67,168,105,63
Cultural centre,Civic Square,45183.06005,100020,100018,170,52,118,77,41
Northwest Corner,Tanggu,45145.27971,100109,100131,448,148,300,99,201
Tanggu,Northwest Corner,45145.27971,100131,100109,385,131,254,143,111
Zhongshan Road,Taida,45140.56946,100190,100129,161,42,119,74,45
Taida,Zhongshan Road,45140.56946,100129,100190,161,30,131,71,60
Exhibition Centre,Xiawafang,45136.58131,100037,100157,152,23,129,103,26
Xiawafang,Exhibition Centre,45136.58131,100157,100037,139,24,115,81,34
Donghai Road,Jintang Road,45124.76705,100027,100077,31,12,19,12,7
Jintang Road,Donghai Road,45124.76705,100077,100027,22,7,15,9,6
Shiyijing Road,Exhibition Centre,45073.39066,100117,100037,482,65,417,285,132
Exhibition Centre,Shiyijing Road,45073.39066,100037,100117,455,73,382,264,118
Exhibition Centre,Lushui Road,45019.16585,100037,100093,7,1,6,3,3
Lushui Road,Exhibition Centre,45019.16585,100093,100037,2,0,2,0,2
Guangkaisima Road,Tanggu,45011.09325,100044,100131,248,49,199,91,108
Tanggu,Guangkaisima Road,45011.09325,100131,100044,211,64,147,73,74
Civic Square,Tucheng,44977.03469,100018,100140,89,11,78,42,36
Tucheng,Civic Square,44977.03469,100140,100018,86,19,67,41,26
Gulou,Taida,44971.40476,100045,100129,301,156,145,57,88
Taida,Gulou,44971.40476,100129,100045,235,99,136,52,84
Xuzhou Road,Taida,44953.10174,100167,100129,5,3,2,0,2
Taida,Xuzhou Road,44953.10174,100129,100167,2,0,2,2,0
Civic Square,Jinghe Road,44900.75405,100018,100071,6,0,6,3,3
Jinghe Road,Civic Square,44900.75405,100071,100018,3,1,2,0,2
Tian Tower,Tanggu,44898.48552,100133,100131,334,133,201,86,115
Tanggu,Tian Tower,44898.48552,100131,100133,238,93,145,80,65
Airport Economic Zone,Hujiayuan,44881.33443,100001,100062,42,7,35,22,13
Hujiayuan,Airport Economic Zone,44881.33443,100062,100001,33,8,25,10,15
Jintang Road,Exhibition Centre,44876.98544,100077,100037,12,1,11,10,1
Exhibition Centre,Jintang Road,44876.98544,100037,100077,8,1,7,7,0
University of Civil Aviation,Hujiayuan,44868.04957,100142,100062,3,0,3,0,3
Hujiayuan,University of Civil Aviation,44868.04957,100062,100142,1,1,0,0,0
Donggu Road,Steel Tube Company,44858.53418,100026,100127,15,4,11,1,10
Steel Tube Company,Donggu Road,44858.53418,100127,100026,11,10,1,0,1
Tanggu,JinZhong River Street,44814.04206,100131,100079,151,63,88,44,44
JinZhong River Street,Tanggu,44814.04206,100079,100131,141,38,103,40,63
Yudongcheng,Tanggu,44808.37895,100180,100131,178,43,135,51,84
Tanggu,Yudongcheng,44808.37895,100131,100180,159,61,98,43,55
Hujiayuan,Bianxing,44800.69401,100062,100009,30,8,22,9,13
Bianxing,Hujiayuan,44800.69401,100009,100062,29,7,22,18,4
Taihu Road,Shuanggang,44755.86806,100130,100118,2,0,2,0,2
Shuanggang,Taihu Road,44755.86806,100118,100130,1,0,1,0,1
Tanggu,Sports Centre,44721.06561,100131,100126,232,87,145,76,69
Sports Centre,Tanggu,44721.06561,100126,100131,188,50,138,83,55
Taida,Jin Street,44715.91592,100129,100070,55,15,40,31,9
Jin Street,Taida,44715.91592,100070,100129,48,19,29,14,15
Meilin Road,Donghai Road,44706.47557,100098,100027,22,3,19,13,6
Donghai Road,Meilin Road,44706.47557,100027,100098,19,3,16,12,4
Dabi Zhuang,Hujiayuan,44686.7444,100021,100062,25,3,22,16,6
Hujiayuan,Dabi Zhuang,44686.7444,100062,100021,20,6,14,11,3
Tanggu,Huashan Li,44685.70249,100131,100060,56,23,33,7,26
Huashan Li,Tanggu,44685.70249,100060,100131,47,11,36,11,25
Xiawafang,Taihu Road,44684.07743,100157,100130,103,12,91,53,38
Taihu Road,Xiawafang,44684.07743,100130,100157,102,11,91,69,22
Tianjin Station,Civic Square,44682.33808,100135,100018,2775,826,1949,824,1125
Civic Square,Tianjin Station,44682.33808,100018,100135,2561,753,1808,705,1103
Beiyangyuan Campus of Tianjin University,Tanggu,44680.70017,100007,100131,29,10,19,8,11
Tanggu,Beiyangyuan Campus of Tianjin University,44680.70017,100131,100007,20,11,9,3,6
Nanzhu Bridge,Hujiayuan,44669.76458,100104,100062,4,1,3,0,3
Hujiayuan,Nanzhu Bridge,44669.76458,100062,100104,1,0,1,0,1
Taihu Road,Shiyijing Road,44647.04723,100130,100117,331,71,260,173,87
Shiyijing Road,Taihu Road,44647.04723,100117,100130,261,54,207,126,81
Water Park Road East,Tanggu,44593.96577,100147,100131,135,87,48,19,29
Tanggu,Water Park Road East,44593.96577,100131,100147,119,67,52,26,26
Zuojiang Road,Tanggu,44587.10714,100192,100131,26,10,16,8,8
Tanggu,Zuojiang Road,44587.10714,100131,100192,23,10,13,3,10
Hujiayuan,Hehui South Road,44580.18644,100062,100052,2,0,2,2,0
Hehui South Road,Hujiayuan,44580.18644,100052,100062,1,1,0,0,0
Taida,Xikang Road,44565.65432,100129,100158,163,48,115,74,41
Xikang Road,Taida,44565.65432,100158,100129,141,45,96,65,31
Taida,Xingfu Park,44551.21811,100129,100159,123,29,94,52,42
Xingfu Park,Taida,44551.21811,100159,100129,110,41,69,49,20
Taida,Second hospital of the Medical University,44548.69882,100129,100115,27,6,21,10,11
Second hospital of the Medical University,Taida,44548.69882,100115,100129,23,7,16,10,6
Taida,Cuifu New Village,44505.0949,100129,100019,36,9,27,16,11
Cuifu New Village,Taida,44505.0949,100019,100129,19,6,13,10,3
Tanggu,Xinkai River,44493.27106,100131,100160,21,2,19,11,8
Xinkai River,Tanggu,44493.27106,100160,100131,20,3,17,6,11
Jintang Road,Taihu Road,44424.48156,100077,100130,17,6,11,8,3
Taihu Road,Jintang Road,44424.48156,100130,100077,10,3,7,5,2
Tanggu,Shaliu South Road,44406.50695,100131,100116,11,5,6,1,5
Shaliu South Road,Tanggu,44406.50695,100116,100131,11,2,9,5,4
Liaohe North Road,Hujiayuan,44383.75719,100084,100062,13,3,10,7,3
Hujiayuan,Liaohe North Road,44383.75719,100062,100084,9,2,7,7,0
Taida,Liuwei Road,44359.19747,100129,100090,5,0,5,5,0
Liuwei Road,Taida,44359.19747,100090,100129,1,0,1,0,1
Steel Tube Company,Jinnan Campus of Nankai University,44357.52132,100127,100075,2,2,0,0,0
Jinnan Campus of Nankai University,Steel Tube Company,44357.52132,100075,100127,1,1,0,0,0
Taida,Anshan Road,44338.92627,100129,100002,202,49,153,93,60
Anshan Road,Taida,44338.92627,100002,100129,182,32,150,64,86
Jianshan Road,Taida,44322.9815,100066,100129,12,4,8,5,3
Taida,Jianshan Road,44322.9815,100129,100066,12,3,9,4,5
Hujiayuan,Lilou,44304.28586,100062,100086,6,0,6,2,4
Lilou,Hujiayuan,44304.28586,100086,100062,2,1,1,0,1
Wandong Road,Taida,44280.0107,100144,100129,9,4,5,3,2
Taida,Wandong Road,44280.0107,100129,100144,8,5,3,1,2
Taida,Shunchi Bridge,44274.88974,100129,100120,86,19,67,47,20
Shunchi Bridge,Taida,44274.88974,100120,100129,74,17,57,37,20
Xiaobailou,Civic Square,44263.67281,100154,100018,167,50,117,58,59
Civic Square,Xiaobailou,44263.67281,100018,100154,165,27,138,82,56
Civic Square,Chenglin Road,44249.30578,100018,100014,170,28,142,82,60
Chenglin Road,Civic Square,44249.30578,100014,100018,141,30,111,87,24
Donghai Road,Zhigu,44234.49643,100027,100188,521,165,356,221,135
Zhigu,Donghai Road,44234.49643,100188,100027,409,138,271,151,120
Southwest Tower,Civic Square,44212.99587,100125,100018,283,33,250,185,65
Civic Square,Southwest Tower,44212.99587,100018,100125,257,38,219,157,62
Erwei Road,Tanggu,44199.16453,100036,100131,158,33,125,47,78
Tanggu,Erwei Road,44199.16453,100131,100036,141,28,113,69,44
Southeast Corner,Taida,44177.84595,100123,100129,250,107,143,83,60
Taida,Southeast Corner,44177.84595,100129,100123,220,97,123,71,52
Wujiayao,Tanggu,44147.87291,100150,100131,277,51,226,115,111
Tanggu,Wujiayao,44147.87291,100131,100150,248,65,183,125,58
Hujiayuan,Qinjian Road,44141.48276,100062,100113,105,51,54,38,16
Qinjian Road,Hujiayuan,44141.48276,100113,100062,85,14,71,23,48
Southwest corner,Tanggu,44124.14345,100124,100131,402,108,294,140,154
Tanggu,Southwest corner,44124.14345,100131,100124,389,107,282,163,119
Taida,Chentang Zhuang,44111.75272,100129,100015,34,5,29,16,13
Chentang Zhuang,Taida,44111.75272,100015,100129,30,5,25,13,12
Tanggu,Yueya River,44095.72223,100131,100182,287,89,198,99,99
Yueya River,Tanggu,44095.72223,100182,100131,279,60,219,148,71
Jingli Road,Civic Square,44086.93083,100073,100018,9,3,6,3,3
Civic Square,Jingli Road,44086.93083,100018,100073,5,1,4,0,4
Civic Square,Nanlou,44051.85825,100018,100102,78,10,68,47,21
Nanlou,Civic Square,44051.85825,100102,100018,71,11,60,50,10
North Station,Tanggu,44008.87631,100108,100131,164,77,87,34,53
Tanggu,North Station,44008.87631,100131,100108,142,61,81,38,43
Exhibition Centre,Zhigu,43986.71482,100037,100188,260,47,213,142,71
Zhigu,Exhibition Centre,43986.71482,100188,100037,254,34,220,156,64
Tanggu,Meijiang Road,43980.05651,100131,100097,72,22,50,34,16
Meijiang Road,Tanggu,43980.05651,100097,100131,68,17,51,23,28
Taida,Tianjin Hotel,43954.41287,100129,100134,116,29,87,49,38
Tianjin Hotel,Taida,43954.41287,100134,100129,98,30,68,48,20
Taida,Jinshi Bridge,43931.88509,100129,100076,172,48,124,69,55
Jinshi Bridge,Taida,43931.88509,100076,100129,172,46,126,87,39
Hujiayuan,Jieyuan West Road,43874.28959,100062,100069,35,7,28,17,11
Jieyuan West Road,Hujiayuan,43874.28959,100069,100062,32,4,28,21,7
Chunhai Road,Hujiayuan,43868.40208,100017,100062,3,0,3,2,1
Heping Road,Taida,43811.5239,100053,100129,477,230,247,93,154
Taida,Heping Road,43811.5239,100129,100053,360,159,201,97,104
Leyuan Road,Taida,43811.42396,100083,100129,28,15,13,6,7
Taida,Leyuan Road,43811.42396,100129,100083,6,3,3,1,2
Donghai Road,Lushui Road,43750.18242,100027,100093,13,11,2,1,1
Lushui Road,Donghai Road,43750.18242,100093,100027,13,9,4,2,2
Hujiayuan,JinZhong Street,43699.8432,100062,100080,20,5,15,11,4
JinZhong Street,Hujiayuan,43699.8432,100080,100062,10,2,8,5,3
Tanggu,Fuxing Gate,43673.22692,100131,100041,58,17,41,29,12
Fuxing Gate,Tanggu,43673.22692,100041,100131,58,10,48,25,23
Lushui Road,Hujiayuan,43634.8356,100093,100062,5,0,5,3,2
Hujiayuan,Lushui Road,43634.8356,100062,100093,5,1,4,1,3
Civic Square,Dawang Zhuang,43629.31491,100018,100023,387,61,326,183,143
Dawang Zhuang,Civic Square,43629.31491,100023,100018,349,58,291,186,105
Jinghe Road,Taihu Road,43627.64432,100071,100130,3,1,2,2,0
Taihu Road,Jinghe Road,43627.64432,100130,100071,2,1,1,0,1
Hujiayuan,Huayuan,43620.62511,100062,100061,159,23,136,113,23
Huayuan,Hujiayuan,43620.62511,100061,100062,143,13,130,79,51
Tumour Hospital,Tanggu,43610.09193,100141,100131,1038,143,895,273,622
Tanggu,Tumour Hospital,43610.09193,100131,100141,976,167,809,434,375
Hujiayuan,Youyi South Road,43580.90332,100062,100178,4,1,3,2,1
Youyi South Road,Hujiayuan,43580.90332,100178,100062,2,1,1,0,1
Tianshili,Hujiayuan,43577.69011,100136,100062,13,7,6,2,4
Hujiayuan,Tianshili,43577.69011,100062,100136,9,6,3,2,1
Haiguang Temple,Tanggu,43550.17336,100048,100131,501,87,414,226,188
Tanggu,Haiguang Temple,43550.17336,100131,100048,489,140,349,222,127
Taihu Road,Zhigu,43534.21094,100130,100188,221,32,189,146,43
Zhigu,Taihu Road,43534.21094,100188,100130,208,29,179,96,83
Hangshuang Road,Hujiayuan,43520.17736,100051,100062,3,0,3,1,2
Hujiayuan,Hangshuang Road,43520.17736,100062,100051,2,1,1,1,0
Steel Tube Company,North Beichen Tech Park,43511.91671,100127,100106,34,12,22,10,12
North Beichen Tech Park,Steel Tube Company,43511.91671,100106,100127,25,9,16,5,11
Hujiayuan,Yixingbu North,43504.61014,100062,100176,31,6,25,18,7
Yixingbu North,Hujiayuan,43504.61014,100176,100062,26,7,19,12,7
Zhongshan Road,Tanggu,43495.35612,100190,100131,432,112,320,167,153
Tanggu,Zhongshan Road,43495.35612,100131,100190,370,131,239,123,116
Taida,Yuanyang International Centre,43480.85676,100129,100179,102,30,72,45,27
Yuanyang International Centre,Taida,43480.85676,100179,100129,99,34,65,43,22
Yingkou Road,Taida,43473.69107,100174,100129,671,327,344,164,180
Taida,Yingkou Road,43473.69107,100129,100174,591,246,345,176,169
Tanggu,Haihe Education Zone,43443.03679,100131,100050,9,6,3,0,3
Haihe Education Zone,Tanggu,43443.03679,100050,100131,3,2,1,0,1
Exhibition Centre,Shuanggang,43437.49014,100037,100118,7,2,5,1,4
Shuanggang,Exhibition Centre,43437.49014,100118,100037,4,2,2,1,1
Hujiayuan,Xianshuigu West,43411.96173,100062,100152,19,9,10,6,4
Xianshuigu West,Hujiayuan,43411.96173,100152,100062,14,5,9,2,7
Donghai Road,Dongxing Road,43357.55267,100027,100035,458,100,358,224,134
Dongxing Road,Donghai Road,43357.55267,100035,100027,365,71,294,196,98
Taida,Taichang Road,43353.34278,100129,100128,78,22,56,35,21
Taichang Road,Taida,43353.34278,100128,100129,69,24,45,26,19
Taida,Jingjiang Road,43342.12871,100129,100072,115,23,92,57,35
Jingjiang Road,Taida,43342.12871,100072,100129,93,26,67,41,26
Gulou,Tanggu,43326.19142,100045,100131,843,341,502,213,289
Tanggu,Gulou,43326.19142,100131,100045,684,292,392,184,208
Tanggu,Xuzhou Road,43308.45495,100131,100167,30,4,26,21,5
Xuzhou Road,Tanggu,43308.45495,100167,100131,23,3,20,14,6
Taida,Jianguo Road,43272.56429,100129,100064,123,45,78,45,33
Jianguo Road,Taida,43272.56429,100064,100129,119,40,79,42,37
Beiyangyuan Campus of Tianjin University,Taida,43256.53056,100007,100129,18,7,11,1,10
Taida,Beiyangyuan Campus of Tianjin University,43256.53056,100129,100007,12,6,6,3,3
Taida,Jinwan Square,43205.2584,100129,100078,103,53,50,35,15
Jinwan Square,Taida,43205.2584,100078,100129,96,37,59,16,43
Hujiayuan,Liqi Zhuang South,43175.60443,100062,100088,2,0,2,0,2
Liqi Zhuang South,Hujiayuan,43175.60443,100088,100062,1,0,1,0,1
Hujiayuan,Honghu Li,43148.66522,100062,100055,49,24,25,14,11
Honghu Li,Hujiayuan,43148.66522,100055,100062,29,12,17,7,10
Exhibition Centre,Dongxing Road,43090.05042,100037,100035,310,36,274,202,72
Dongxing Road,Exhibition Centre,43090.05042,100035,100037,309,37,272,160,112
Jin Street,Tanggu,43070.70258,100070,100131,183,74,109,53,56
Tanggu,Jin Street,43070.70258,100131,100070,118,40,78,48,30
Magangchang,Hujiayuan,43036.25036,100094,100062,3,2,1,1,0
Civic Square,Xiawafang,43022.3597,100018,100157,360,58,302,196,106
Xiawafang,Civic Square,43022.3597,100157,100018,288,52,236,172,64
Guorui Road,Steel Tube Company,43002.23433,100046,100127,1,0,1,1,0
Taida,Cultural centre,42998.38155,100129,100020,193,76,117,64,53
Cultural centre,Taida,42998.38155,100020,100129,139,50,89,47,42
Shiyijing Road,Civic Square,42998.31141,100117,100018,839,135,704,413,291
Civic Square,Shiyijing Road,42998.31141,100018,100117,838,126,712,454,258
Tanggu,Xikang Road,42921.00753,100131,100158,420,119,301,184,117
Xikang Road,Tanggu,42921.00753,100158,100131,418,106,312,165,147
Xingfu Park,Tanggu,42906.57131,100159,100131,245,64,181,83,98
Tanggu,Xingfu Park,42906.57131,100131,100159,213,71,142,91,51
Tanggu,Second hospital of the Medical University,42904.05203,100131,100115,89,26,63,25,38
Second hospital of the Medical University,Tanggu,42904.05203,100115,100131,74,19,55,21,34
Cuifu New Village,Tanggu,42860.44811,100019,100131,72,22,50,26,24
Tanggu,Cuifu New Village,42860.44811,100131,100019,51,18,33,12,21
Hujiayuan,Yutai,42859.8445,100062,100183,3,1,2,1,1
Yutai,Hujiayuan,42859.8445,100183,100062,2,0,2,0,2
Hujiayuan,Meilin Road,42827.09497,100062,100098,8,2,6,5,1
Meilin Road,Hujiayuan,42827.09497,100098,100062,3,1,2,0,2
Jingli Road,Taihu Road,42813.8211,100073,100130,5,1,4,2,2
Taihu Road,Jingli Road,42813.8211,100130,100073,3,2,1,0,1
Taida,Tucheng,42792.3562,100129,100140,65,15,50,20,30
Tucheng,Taida,42792.3562,100140,100129,50,9,41,26,15
Civic Square,Jintang Road,42762.76383,100018,100077,49,12,37,14,23
Jintang Road,Civic Square,42762.76383,100077,100018,48,10,38,20,18
Haihe Education Zone,Steel Tube Company,42732.0148,100050,100127,4,4,0,0,0
Steel Tube Company,Haihe Education Zone,42732.0148,100127,100050,2,1,1,0,1
Liuwei Road,Tanggu,42714.55068,100090,100131,7,4,3,2,1
Tanggu,Liuwei Road,42714.55068,100131,100090,2,2,0,0,0
Anshan Road,Tanggu,42694.27947,100002,100131,768,137,631,201,430
Tanggu,Anshan Road,42694.27947,100131,100002,754,157,597,338,259
Guoshan Road,Hujiayuan,42689.16051,100047,100062,8,1,7,7,0
Hujiayuan,Guoshan Road,42689.16051,100062,100047,4,0,4,0,4
Hujiayuan,Yixingbu,42682.0591,100062,100175,33,10,23,15,8
Yixingbu,Hujiayuan,42682.0591,100175,100062,20,6,14,8,6
Jianshan Road,Tanggu,42678.3347,100066,100131,51,19,32,14,18
Tanggu,Jianshan Road,42678.3347,100131,100066,50,17,33,19,14
Wandong Road,Tanggu,42635.36391,100144,100131,24,10,14,5,9
Tanggu,Wandong Road,42635.36391,100131,100144,19,4,15,8,7
Shunchi Bridge,Tanggu,42630.24295,100120,100131,226,63,163,90,73
Tanggu,Shunchi Bridge,42630.24295,100131,100120,176,70,106,51,55
Jiangwan Erzhi Road,Hujiayuan,42625.45031,100065,100062,1,0,1,1,0
Hujiayuan,Jiangwan Erzhi Road,42625.45031,100062,100065,1,0,1,0,1
Hujiayuan,Wangdingdi,42619.03138,100062,100145,17,2,15,11,4
Wangdingdi,Hujiayuan,42619.03138,100145,100062,11,0,11,8,3
Taihu Road,Dongxing Road,42618.34693,100130,100035,210,24,186,137,49
Dongxing Road,Taihu Road,42618.34693,100035,100130,144,27,117,72,45
Anshan West Road,Hujiayuan,42562.00621,100003,100062,105,29,76,43,33
Hujiayuan,Anshan West Road,42562.00621,100062,100003,91,26,65,46,19
Hujiayuan,Yibin Road,42547.0343,100062,100171,39,8,31,24,7
Yibin Road,Hujiayuan,42547.0343,100171,100062,14,3,11,10,1
Southeast Corner,Tanggu,42532.63261,100123,100131,717,262,455,203,252
Tanggu,Southeast Corner,42532.63261,100131,100123,592,203,389,226,163
Hujiayuan,Xianyang Road,42507.73485,100062,100153,63,19,44,25,19
Xianyang Road,Hujiayuan,42507.73485,100153,100062,60,16,44,24,20
Tianjin Station,Taida,42484.76411,100135,100129,1957,762,1195,459,736
Taida,Tianjin Station,42484.76411,100129,100135,1739,654,1085,426,659
Dongting Road,Hujiayuan,42483.06344,100034,100062,6,3,3,3,0
Hujiayuan,Dongting Road,42483.06344,100062,100034,1,0,1,1,0
Tanggu,Chentang Zhuang,42467.10593,100131,100015,96,19,77,52,25
Chentang Zhuang,Tanggu,42467.10593,100015,100131,96,25,71,32,39
Shuanglin,Hujiayuan,42414.78027,100119,100062,8,2,6,1,5
Hujiayuan,Shuanglin,42414.78027,100062,100119,6,4,2,1,1
Xuzhuangzi,Hujiayuan,42379.02939,100168,100062,5,1,4,4,0
Hujiayuan,Xuzhuangzi,42379.02939,100062,100168,4,3,1,0,1
Junliangcheng,Xianshuigu West,42375.5675,100081,100152,24,13,11,2,9
Xianshuigu West,Junliangcheng,42375.5675,100152,100081,14,7,7,2,5
Tianjin Hotel,Tanggu,42309.76607,100134,100131,228,62,166,99,67
Tanggu,Tianjin Hotel,42309.76607,100131,100134,202,51,151,74,77
Jinghe Road,Exhibition Centre,42309.26639,100071,100037,3,1,2,0,2
Exhibition Centre,Jinghe Road,42309.26639,100037,100071,1,1,0,0,0
Fuxing Road,Hujiayuan,42288.72943,100042,100062,16,5,11,6,5
Hujiayuan,Fuxing Road,42288.72943,100062,100042,15,4,11,3,8
Jinshi Bridge,Tanggu,42286.67175,100076,100131,314,95,219,123,96
Tanggu,Jinshi Bridge,42286.67175,100131,100076,283,78,205,103,102
Jiefang South Road,Hujiayuan,42286.29005,100068,100062,45,12,33,21,12
Hujiayuan,Jiefang South Road,42286.29005,100062,100068,36,14,22,10,12
Hujiayuan,People's Hospital,42248.45571,100062,100111,44,11,33,17,16
People's Hospital,Hujiayuan,42248.45571,100111,100062,30,7,23,5,18
Bei Zhulin,Hujiayuan,42185.15315,100004,100062,2,0,2,1,1
Hujiayuan,Bei Zhulin,42185.15315,100062,100004,2,0,2,1,1
Tiantuo,Hujiayuan,42182.01598,100138,100062,31,3,28,17,11
Hujiayuan,Tiantuo,42182.01598,100062,100138,31,4,27,19,8
Donghai Road,Shuanggang,42168.5067,100027,100118,11,7,4,2,2
Shuanggang,Donghai Road,42168.5067,100118,100027,11,4,7,6,1
Leyuan Road,Tanggu,42166.77716,100083,100131,32,18,14,9,5
Tanggu,Leyuan Road,42166.77716,100131,100083,10,4,6,3,3
Heping Road,Tanggu,42166.31056,100053,100131,1221,474,747,258,489
Tanggu,Heping Road,42166.31056,100131,100053,738,342,396,195,201
Steel Tube Company,National Exhibition Centre,42122.03829,100127,100105,5,0,5,5,0
Xiaobailou,Taida,42078.99432,100154,100129,138,52,86,48,38
Taida,Xiaobailou,42078.99432,100129,100154,128,44,84,46,38
Liulin Road,Hujiayuan,42076.6168,100089,100062,3,0,3,0,3
Hujiayuan,Liulin Road,42076.6168,100062,100089,2,0,2,1,1
Chenglin Road,Taida,42064.62729,100014,100129,123,31,92,75,17
Taida,Chenglin Road,42064.62729,100129,100014,96,20,76,47,29
Zhangxing Zhuang,Hujiayuan,42029.84279,100185,100062,9,2,7,3,4
Hujiayuan,Zhangxing Zhuang,42029.84279,100062,100185,5,3,2,1,1
Taida,Southwest Tower,42028.31738,100129,100125,213,34,179,120,59
Southwest Tower,Taida,42028.31738,100125,100129,188,34,154,96,58
Hujiayuan,Yizhongxin Hospital,41947.06586,100062,100177,49,5,44,34,10
Yizhongxin Hospital,Hujiayuan,41947.06586,100177,100062,27,6,21,12,9
Zhigu,Civic Square,41872.49321,100188,100018,711,126,585,363,222
Civic Square,Zhigu,41872.49321,100018,100188,668,113,555,342,213
Nanlou,Taida,41867.17976,100102,100129,52,9,43,30,13
Taida,Nanlou,41867.17976,100129,100102,40,5,35,20,15
Beiyangyuan Campus of Tianjin University,Civic Square,41843.36448,100007,100018,12,2,10,4,6
Civic Square,Beiyangyuan Campus of Tianjin University,41843.36448,100018,100007,7,2,5,1,4
Yuanyang International Centre,Tanggu,41835.64343,100179,100131,278,81,197,89,108
Tanggu,Yuanyang International Centre,41835.64343,100131,100179,243,76,167,95,72
Hongqi South Road,Hujiayuan,41829.73654,100057,100062,52,17,35,15,20
Hujiayuan,Hongqi South Road,41829.73654,100062,100057,47,14,33,17,16
Yingkou Road,Tanggu,41829.04428,100174,100131,1713,718,995,415,580
Tanggu,Yingkou Road,41829.04428,100131,100174,1468,612,856,387,469
Hujiayuan,Zhicheng Road,41781.72923,100062,100187,15,6,9,2,7
Zhicheng Road,Hujiayuan,41781.72923,100187,100062,8,4,4,1,3
Taichang Road,Tanggu,41708.69599,100128,100131,184,51,133,53,80
Tanggu,Taichang Road,41708.69599,100131,100128,145,39,106,53,53
Jinnan Campus of Nankai University,Tanggu,41704.06434,100075,100131,13,4,9,4,5
Tanggu,Jinnan Campus of Nankai University,41704.06434,100131,100075,8,5,3,2,1
Hujiayuan,Yingfeng Road,41703.22293,100062,100173,16,5,11,2,9
Yingfeng Road,Hujiayuan,41703.22293,100173,100062,14,4,10,6,4
Tanggu,Jingjiang Road,41697.48191,100131,100072,215,67,148,78,70
Jingjiang Road,Tanggu,41697.48191,100072,100131,195,59,136,66,70
Hujiayuan,Lijiang Road,41689.85687,100062,100085,16,6,10,2,8
Lijiang Road,Hujiayuan,41689.85687,100085,100062,11,0,11,4,7
South Station,Steel Tube Company,41662.52118,100122,100127,331,117,214,69,145
Steel Tube Company,South Station,41662.52118,100127,100122,250,79,171,74,97
Beiyangyuan Campus of Tianjin University,Steel Tube Company,41655.31338,100007,100127,6,5,1,0,1
Steel Tube Company,Beiyangyuan Campus of Tianjin University,41655.31338,100127,100007,5,4,1,1,0
Jianguo Road,Tanggu,41627.35095,100064,100131,317,130,187,92,95
Tanggu,Jianguo Road,41627.35095,100131,100064,304,138,166,78,88
Jinwan Square,Tanggu,41560.04507,100078,100131,361,110,251,112,139
Tanggu,Jinwan Square,41560.04507,100131,100078,322,112,210,114,96
West Station,Hujiayuan,41551.07178,100149,100062,258,91,167,41,126
Hujiayuan,West Station,41551.07178,100062,100149,201,74,127,51,76
Hujiayuan,Chinese Medicine First Affiliated Hospital,41550.77491,100062,100016,94,22,72,44,28
Chinese Medicine First Affiliated Hospital,Hujiayuan,41550.77491,100016,100062,67,11,56,19,37
Hujiayuan,Meijiang Exhibition Centre,41520.59925,100062,100095,31,15,16,9,7
Meijiang Exhibition Centre,Hujiayuan,41520.59925,100095,100062,29,13,16,9,7
Hujiayuan,Yaohuan Road,41502.40609,100062,100170,7,2,5,1,4
Yaohuan Road,Hujiayuan,41502.40609,100170,100062,6,1,5,1,4
Exhibition Centre,Jingli Road,41495.44317,100037,100073,1,0,1,1,0
Jingli Road,Exhibition Centre,41495.44317,100073,100037,1,0,1,0,1
Donghai Road,Zhongshan Gate,41456.66932,100027,100189,1080,235,845,486,359
Zhongshan Gate,Donghai Road,41456.66932,100189,100027,830,209,621,418,203
Junliangcheng,Hehui South Road,41446.40976,100081,100052,1,1,0,0,0
Dengzhou Road,Hujiayuan,41438.59013,100024,100062,16,6,10,7,3
Hujiayuan,Dengzhou Road,41438.59013,100062,100024,14,2,12,7,5
Taida,Dawang Zhuang,41436.0512,100129,100023,316,64,252,162,90
Dawang Zhuang,Taida,41436.0512,100023,100129,268,66,202,116,86
Tanggu,Cultural centre,41353.73476,100131,100020,404,177,227,133,94
Cultural centre,Tanggu,41353.73476,100020,100131,389,154,235,101,134
Hujiayuan,Tiantai Road,41308.17791,100062,100137,21,8,13,6,7
Tiantai Road,Hujiayuan,41308.17791,100137,100062,17,2,15,2,13
Hujiayuan,Siyuan Road,41292.09843,100062,100121,1,0,1,0,1
Hujiayuan,Changhong Park,41282.81028,100062,100012,63,7,56,39,17
Changhong Park,Hujiayuan,41282.81028,100012,100062,60,4,56,41,15
Xiangshan Road,Hujiayuan,41208.73184,100151,100062,10,0,10,3,7
Hujiayuan,Xiangshan Road,41208.73184,100062,100151,7,4,3,2,1
Zhongshan Gate,Exhibition Centre,41190.56111,100189,100037,401,77,324,234,90
Exhibition Centre,Zhongshan Gate,41190.56111,100037,100189,384,72,312,210,102
Hujiayuan,Zhou and Deng Memorial Museum,41155.99502,100062,100191,52,9,43,31,12
Zhou and Deng Memorial Museum,Hujiayuan,41155.99502,100191,100062,48,8,40,23,17
Tucheng,Tanggu,41147.70941,100140,100131,222,36,186,96,90
Tanggu,Tucheng,41147.70941,100131,100140,162,35,127,75,52
Donghai Road,Jinghe Road,41040.28296,100027,100071,14,2,12,7,5
Jinghe Road,Donghai Road,41040.28296,100071,100027,9,4,5,4,1
Laoshan Road,Hujiayuan,41009.93469,100082,100062,4,0,4,1,3
Nancuiping,Hujiayuan,41006.17921,100100,100062,20,11,9,5,4
Hujiayuan,Nancuiping,41006.17921,100062,100100,11,5,6,5,1
Civic Square,Dongxing Road,40947.52645,100018,100035,627,98,529,348,181
Dongxing Road,Civic Square,40947.52645,100035,100018,623,118,505,380,125
The Financial University,Hujiayuan,40939.56725,100132,100062,25,5,20,8,12
Hujiayuan,The Financial University,40939.56725,100062,100132,18,8,10,6,4
Jianchang Road,Hujiayuan,40856.39481,100063,100062,23,4,19,17,2
Hujiayuan,Jianchang Road,40856.39481,100062,100063,17,5,12,8,4
Hujiayuan,Minquan Gate,40850.24593,100062,100099,15,7,8,7,1
Minquan Gate,Hujiayuan,40850.24593,100099,100062,12,2,10,7,3
Tianjin Station,Tanggu,40839.55077,100135,100131,6228,2159,4069,1458,2611
Tanggu,Tianjin Station,40839.55077,100131,100135,4854,1820,3034,1074,1960
Xiawafang,Taida,40837.68121,100157,100129,264,47,217,147,70
Taida,Xiawafang,40837.68121,100129,100157,263,50,213,152,61
Taida,Shiyijing Road,40807.79367,100129,100117,716,132,584,394,190
Shiyijing Road,Taida,40807.79367,100117,100129,643,95,548,364,184
Taihu Road,Zhongshan Gate,40721.92944,100130,100189,432,73,359,214,145
Zhongshan Gate,Taihu Road,40721.92944,100189,100130,363,66,297,185,112
Hujiayuan,Foreign Languages High School,40687.59412,100062,100040,3,2,1,1,0
Foreign Languages High School,Hujiayuan,40687.59412,100040,100062,2,0,2,2,0
Tiedong Road,Hujiayuan,40681.45791,100139,100062,49,13,36,18,18
Hujiayuan,Tiedong Road,40681.45791,100062,100139,47,18,29,26,3
Donggu Road,Junliangcheng,40644.08854,100026,100081,5,1,4,1,3
Junliangcheng,Donggu Road,40644.08854,100081,100026,4,1,3,3,0
Meijiang Park,Hujiayuan,40641.77586,100096,100062,7,3,4,2,2
Hujiayuan,Meijiang Park,40641.77586,100062,100096,2,0,2,1,1
Hujiayuan,Changling Road,40628.83467,100062,100013,54,25,29,15,14
Changling Road,Hujiayuan,40628.83467,100013,100062,27,8,19,12,7
Haihe Education Zone,Civic Square,40605.7011,100050,100018,2,0,2,1,1
Civic Square,Haihe Education Zone,40605.7011,100018,100050,1,0,1,0,1
Taida,Jintang Road,40578.08534,100129,100077,56,14,42,24,18
Jintang Road,Taida,40578.08534,100077,100129,43,11,32,25,7
Beiyangyuan Campus of Tianjin University,Taihu Road,40570.25475,100007,100130,1,1,0,0,0
Taihu Road,Beiyangyuan Campus of Tianjin University,40570.25475,100130,100007,1,0,1,0,1
Steel Tube Company,Yangwu Zhuang,40548.76534,100127,100169,20,6,14,6,8
Yangwu Zhuang,Steel Tube Company,40548.76534,100169,100127,18,11,7,5,2
Beining Park,Hujiayuan,40542.66714,100006,100062,14,2,12,6,6
Hujiayuan,Beining Park,40542.66714,100062,100006,12,6,6,1,5
Xiaobailou,Tanggu,40434.34752,100154,100131,413,149,264,128,136
Tanggu,Xiaobailou,40434.34752,100131,100154,393,119,274,166,108
Wanshan Road,Hujiayuan,40434.21868,100146,100062,1,1,0,0,0
Hujiayuan,Lingbin Road,40424.5884,100062,100087,42,10,32,22,10
Lingbin Road,Hujiayuan,40424.5884,100087,100062,32,3,29,8,21
Tanggu,Chenglin Road,40419.9805,100131,100014,244,51,193,116,77
Chenglin Road,Tanggu,40419.9805,100014,100131,217,41,176,117,59
Tanggu,Southwest Tower,40383.67058,100131,100125,468,119,349,243,106
Southwest Tower,Tanggu,40383.67058,100125,100131,438,120,318,204,114
Hujiayuan,Northwest Corner,40352.45652,100062,100109,110,35,75,55,20
Northwest Corner,Hujiayuan,40352.45652,100109,100062,106,37,69,32,37
Taida,Jinnan Campus of Nankai University,40279.89473,100129,100075,7,4,3,3,0
Jinnan Campus of Nankai University,Taida,40279.89473,100075,100129,5,0,5,2,3
Donghai Road,Jingli Road,40226.45974,100027,100073,7,4,3,0,3
Jingli Road,Donghai Road,40226.45974,100073,100027,2,2,0,0,0
Tanggu,Nanlou,40222.53296,100131,100102,119,31,88,48,40
Nanlou,Tanggu,40222.53296,100102,100131,113,26,87,41,46
Guangkaisima Road,Hujiayuan,40218.27006,100044,100062,61,8,53,37,16
Hujiayuan,Guangkaisima Road,40218.27006,100062,100044,54,12,42,32,10
Liuyuan,Steel Tube Company,40149.1227,100091,100127,173,79,94,34,60
Steel Tube Company,Liuyuan,40149.1227,100127,100091,164,52,112,44,68
Junliangcheng,Jinnan Campus of Nankai University,40143.07568,100081,100075,1,1,0,0,0
Jinnan Campus of Nankai University,Junliangcheng,40143.07568,100075,100081,1,1,0,0,0
Tian Tower,Hujiayuan,40101.36785,100133,100062,86,26,60,29,31
Hujiayuan,Tian Tower,40101.36785,100062,100133,65,15,50,32,18
Hehui South Road,Tanggu,40052.01434,100052,100131,24,8,16,8,8
Tanggu,Hehui South Road,40052.01434,100131,100052,18,10,8,7,1
JinZhong River Street,Hujiayuan,40016.92439,100079,100062,42,5,37,18,19
Hujiayuan,JinZhong River Street,40016.92439,100062,100079,34,10,24,15,9
Yudongcheng,Hujiayuan,40011.26128,100180,100062,38,6,32,17,15
Hujiayuan,Yudongcheng,40011.26128,100062,100180,37,10,27,20,7
Steel Tube Company,Beichen Road,39933.1504,100127,100005,34,7,27,15,12
Beichen Road,Steel Tube Company,39933.1504,100005,100127,17,7,10,6,4
Sports Centre,Hujiayuan,39923.94794,100126,100062,60,19,41,22,19
Hujiayuan,Sports Centre,39923.94794,100062,100126,52,12,40,25,15
Donggu Road,Xianshuigu West,39911.73939,100026,100152,6,2,4,0,4
Xianshuigu West,Donggu Road,39911.73939,100152,100026,6,3,3,1,2
Huashan Li,Hujiayuan,39888.58482,100060,100062,16,9,7,2,5
Hujiayuan,Huashan Li,39888.58482,100062,100060,9,3,6,5,1
Hujiayuan,Water Park Road East,39796.8481,100062,100147,45,24,21,11,10
Water Park Road East,Hujiayuan,39796.8481,100147,100062,32,12,20,11,9
Tanggu,Dawang Zhuang,39790.3913,100131,100023,623,151,472,301,171
Dawang Zhuang,Tanggu,39790.3913,100023,100131,577,128,449,242,207
Hujiayuan,Zuojiang Road,39789.98947,100062,100192,9,6,3,3,0
Zuojiang Road,Hujiayuan,39789.98947,100192,100062,5,1,4,0,4
Donghai Road,Yihao Bridge,39785.05105,100027,100172,902,237,665,438,227
Yihao Bridge,Donghai Road,39785.05105,100172,100027,755,196,559,401,158
Hujiayuan,Xinkai River,39700.44787,100062,100160,7,2,5,3,2
Xinkai River,Hujiayuan,39700.44787,100160,100062,3,2,1,1,0
Zhigu,Taida,39687.81472,100188,100129,424,114,310,168,142
Taida,Zhigu,39687.81472,100129,100188,388,91,297,172,125
Steel Tube Company,Xuefu Industrial Area,39685.4967,100127,100163,22,0,22,18,4
Xuefu Industrial Area,Steel Tube Company,39685.4967,100163,100127,21,2,19,15,4
Shaliu South Road,Hujiayuan,39609.38928,100116,100062,4,2,2,0,2
Hujiayuan,Shaliu South Road,39609.38928,100062,100116,1,1,0,0,0
Xiaodian,Steel Tube Company,39606.73615,100155,100127,17,5,12,7,5
Steel Tube Company,Xiaodian,39606.73615,100127,100155,15,3,12,10,2
Gaozhuangzi,Steel Tube Company,39567.34962,100043,100127,11,2,9,3,6
Steel Tube Company,Gaozhuangzi,39567.34962,100127,100043,4,3,1,0,1
Yihao Bridge,Exhibition Centre,39511.12887,100172,100037,514,96,418,302,116
Exhibition Centre,Yihao Bridge,39511.12887,100037,100172,503,73,430,311,119
Xunhai Road,Steel Tube Company,39497.05811,100166,100127,3,0,3,1,2
Hujiayuan,Erwei Road,39402.04686,100062,100036,59,7,52,37,15
Erwei Road,Hujiayuan,39402.04686,100036,100062,56,11,45,19,26
Hujiayuan,Wujiayao,39350.75524,100062,100150,84,18,66,49,17
Wujiayao,Hujiayuan,39350.75524,100150,100062,70,14,56,25,31
Haihe Education Zone,Taihu Road,39332.59137,100050,100130,1,1,0,0,0
Southwest corner,Hujiayuan,39331.32026,100124,100062,136,30,106,61,45
Hujiayuan,Southwest corner,39331.32026,100062,100124,132,34,98,66,32
Hujiayuan,Yueya River,39298.60456,100062,100182,66,18,48,27,21
Yueya River,Hujiayuan,39298.60456,100182,100062,48,7,41,24,17
Junliangcheng,North Beichen Tech Park,39297.47107,100081,100106,18,6,12,5,7
North Beichen Tech Park,Junliangcheng,39297.47107,100106,100081,15,2,13,4,9
Exhibition Centre,Beiyangyuan Campus of Tianjin University,39251.87682,100037,100007,5,1,4,2,2
Beiyangyuan Campus of Tianjin University,Exhibition Centre,39251.87682,100007,100037,1,0,1,0,1
North Station,Hujiayuan,39216.05312,100108,100062,41,14,27,17,10
Hujiayuan,North Station,39216.05312,100062,100108,35,12,23,14,9
Tanggu,Xiawafang,39193.03441,100131,100157,573,144,429,268,161
Xiawafang,Tanggu,39193.03441,100157,100131,571,133,438,251,187
Hujiayuan,Meijiang Road,39182.93884,100062,100097,22,4,18,17,1
Meijiang Road,Hujiayuan,39182.93884,100097,100062,19,3,16,14,2
Shiyijing Road,Tanggu,39162.25715,100117,100131,1608,275,1333,709,624
Tanggu,Shiyijing Road,39162.25715,100131,100117,1567,327,1240,830,410
Ruijing XinYuan,Steel Tube Company,39147.90056,100114,100127,39,20,19,7,12
Steel Tube Company,Ruijing XinYuan,39147.90056,100127,100114,35,14,21,9,12
Civic Square,Zhongshan Gate,39053.1858,100018,100189,1292,249,1043,625,418
Zhongshan Gate,Civic Square,39053.1858,100189,100018,1256,211,1045,697,348
Taihu Road,Yihao Bridge,39036.19851,100130,100172,406,62,344,233,111
Yihao Bridge,Taihu Road,39036.19851,100172,100130,359,61,298,210,88
Steel Tube Company,Nansun Zhuang,39019.58122,100127,100103,1,0,1,1,0
Jingli Road,Steel Tube Company,39010.22551,100073,100127,4,1,3,2,1
Steel Tube Company,Jingli Road,39010.22551,100127,100073,2,0,2,2,0
Steel Tube Company,Fengchan River,38985.95534,100127,100039,11,1,10,8,2
Fengchan River,Steel Tube Company,38985.95534,100039,100127,9,0,9,9,0
Hehui South Road,Donggu Road,38982.58165,100052,100026,2,2,0,0,0
Jintang Road,Tanggu,38933.43854,100077,100131,108,26,82,40,42
Tanggu,Jintang Road,38933.43854,100131,100077,79,25,54,27,27
Donghai Road,Number Two Bridge,38899.57043,100027,100110,420,96,324,205,119
Number Two Bridge,Donghai Road,38899.57043,100110,100027,343,84,259,196,63
Xianshuigu West,Tanggu,38883.78964,100152,100131,77,29,48,7,41
Tanggu,Xianshuigu West,38883.78964,100131,100152,63,48,15,4,11
Fuxing Gate,Hujiayuan,38876.10925,100041,100062,13,2,11,6,5
Hujiayuan,Fuxing Gate,38876.10925,100062,100041,13,4,9,7,2
Civic Square,Jinnan Campus of Nankai University,38866.72865,100018,100075,10,3,7,0,7
Jinnan Campus of Nankai University,Civic Square,38866.72865,100075,100018,9,5,4,2,2
Tumour Hospital,Hujiayuan,38812.97426,100141,100062,276,46,230,87,143
Hujiayuan,Tumour Hospital,38812.97426,100062,100141,275,47,228,119,109
Junliangcheng,Guorui Road,38787.78869,100081,100046,1,1,0,0,0
Taida,Dongxing Road,38767.81527,100129,100035,462,71,391,265,126
Dongxing Road,Taida,38767.81527,100035,100129,406,60,346,227,119
Hujiayuan,Haiguang Temple,38753.05569,100062,100048,150,31,119,87,32
Haiguang Temple,Hujiayuan,38753.05569,100048,100062,120,23,97,55,42
Hujiayuan,Zhongshan Road,38702.53293,100062,100190,97,25,72,44,28
Zhongshan Road,Hujiayuan,38702.53293,100190,100062,80,14,66,40,26
Professional University,Steel Tube Company,38691.18848,100112,100127,42,17,25,11,14
Steel Tube Company,Professional University,38691.18848,100127,100112,36,23,13,7,6
Taida,Hehui South Road,38627.84473,100129,100052,6,0,6,0,6
Hehui South Road,Taida,38627.84473,100052,100129,1,0,1,0,1
Number Two Bridge,Exhibition Centre,38627.25934,100110,100037,252,54,198,162,36
Exhibition Centre,Number Two Bridge,38627.25934,100037,100110,250,56,194,136,58
Binhai International Airport,Steel Tube Company,38588.41665,100010,100127,70,19,51,22,29
Steel Tube Company,Binhai International Airport,38588.41665,100127,100010,56,16,40,16,24
Gulou,Hujiayuan,38533.36824,100045,100062,197,74,123,57,66
Hujiayuan,Gulou,38533.36824,100062,100045,181,73,108,64,44
Haihe Education Zone,Junliangcheng,38517.56916,100050,100081,1,1,0,0,0
Xuzhou Road,Hujiayuan,38511.33728,100167,100062,2,1,1,0,1
Hujiayuan,Jin Street,38277.87939,100062,100070,31,5,26,11,15
Jin Street,Hujiayuan,38277.87939,100070,100062,28,8,20,10,10
North Beichen Tech Park,Donggu Road,38179.07699,100106,100026,41,19,22,13,9
Donggu Road,North Beichen Tech Park,38179.07699,100026,100106,39,10,29,21,8
Number Two Bridge,Taihu Road,38154.85706,100110,100130,123,21,102,67,35
Taihu Road,Number Two Bridge,38154.85706,100130,100110,110,27,83,48,35
Hujiayuan,Xikang Road,38123.88986,100062,100158,98,27,71,46,25
Xikang Road,Hujiayuan,38123.88986,100158,100062,84,23,61,34,27
Hujiayuan,Xingfu Park,38109.45364,100062,100159,44,15,29,12,17
Xingfu Park,Hujiayuan,38109.45364,100159,100062,40,13,27,15,12
Hujiayuan,Second hospital of the Medical University,38106.93436,100062,100115,26,3,23,16,7
Second hospital of the Medical University,Hujiayuan,38106.93436,100115,100062,25,3,22,11,11
Steel Tube Company,Hongni River East,38106.63462,100127,100056,7,1,6,3,3
Hongni River East,Steel Tube Company,38106.63462,100056,100127,3,1,2,0,2
High-Tech Zone,Steel Tube Company,38106.60958,100054,100127,77,17,60,37,23
Steel Tube Company,High-Tech Zone,38106.60958,100127,100054,76,16,60,49,11
Steel Tube Company,Jiayuan Li,38086.05374,100127,100067,29,12,17,7,10
Jiayuan Li,Steel Tube Company,38086.05374,100067,100127,23,6,17,7,10
Cuifu New Village,Hujiayuan,38063.33044,100019,100062,13,5,8,6,2
Hujiayuan,Cuifu New Village,38063.33044,100062,100019,12,4,8,2,6
Zhigu,Tanggu,38043.16792,100188,100131,1128,239,889,487,402
Tanggu,Zhigu,38043.16792,100131,100188,1056,242,814,498,316
Jinghe Road,Steel Tube Company,38030.91014,100071,100127,2,0,2,0,2
Steel Tube Company,Jinghe Road,38030.91014,100127,100071,2,1,1,0,1
Haihe Education Zone,Exhibition Centre,38014.21344,100050,100037,1,0,1,1,0
Steel Tube Company,Cao Zhuang,37987.09369,100127,100011,201,65,136,68,68
Cao Zhuang,Steel Tube Company,37987.09369,100011,100127,180,75,105,56,49
Donghai Road,Beiyangyuan Campus of Tianjin University,37982.89339,100027,100007,24,14,10,6,4
Beiyangyuan Campus of Tianjin University,Donghai Road,37982.89339,100007,100027,16,9,7,1,6
Liuwei Road,Hujiayuan,37917.43301,100090,100062,1,1,0,0,0
Hujiayuan,Anshan Road,37897.1618,100062,100002,210,41,169,96,73
Anshan Road,Hujiayuan,37897.1618,100002,100062,192,39,153,43,110
Jianshan Road,Hujiayuan,37881.21703,100066,100062,18,9,9,2,7
Hujiayuan,Jianshan Road,37881.21703,100062,100066,16,8,8,8,0
Wandong Road,Hujiayuan,37838.24624,100144,100062,7,0,7,3,4
Hujiayuan,Wandong Road,37838.24624,100062,100144,6,2,4,1,3
Shunchi Bridge,Hujiayuan,37833.12528,100120,100062,40,10,30,19,11
Hujiayuan,Shunchi Bridge,37833.12528,100062,100120,39,26,13,9,4
Southeast Corner,Hujiayuan,37739.80942,100123,100062,168,46,122,68,54
Hujiayuan,Southeast Corner,37739.80942,100062,100123,149,43,106,55,51
Steel Tube Company,North China Group,37700.91389,100127,100107,155,38,117,34,83
North China Group,Steel Tube Company,37700.91389,100107,100127,138,65,73,49,24
Chentang Zhuang,Hujiayuan,37669.98826,100015,100062,43,4,39,26,13
Hujiayuan,Chentang Zhuang,37669.98826,100062,100015,37,4,33,24,9
Donghai Road,Zhanggui Zhuang,37598.57552,100027,100184,990,196,794,555,239
Zhanggui Zhuang,Donghai Road,37598.57552,100184,100027,914,198,716,560,156
Taihu Road,Jinnan Campus of Nankai University,37593.61892,100130,100075,3,2,1,0,1
Jinnan Campus of Nankai University,Taihu Road,37593.61892,100075,100130,1,1,0,0,0
Hujiayuan,Tianjin Hotel,37512.6484,100062,100134,51,15,36,29,7
Tianjin Hotel,Hujiayuan,37512.6484,100134,100062,45,7,38,23,15
Jinshi Bridge,Hujiayuan,37493.84856,100076,100062,75,17,58,38,20
Hujiayuan,Jinshi Bridge,37493.84856,100062,100076,70,15,55,40,15
Xianshuigu West,Xiaodong Zhuang,37462.60557,100152,100156,14,4,10,4,6
Xiaodong Zhuang,Xianshuigu West,37462.60557,100156,100152,11,6,5,2,3
Xianshuigu West,Taida,37459.62003,100152,100129,15,9,6,4,2
Taida,Xianshuigu West,37459.62003,100129,100152,13,3,10,2,8
South Station,Junliangcheng,37448.07553,100122,100081,329,98,231,83,148
Junliangcheng,South Station,37448.07553,100081,100122,215,82,133,68,65
Beiyangyuan Campus of Tianjin University,Junliangcheng,37440.86773,100007,100081,5,1,4,2,2
Junliangcheng,Beiyangyuan Campus of Tianjin University,37440.86773,100081,100007,2,2,0,0,0
Xianshuigu West,North Beichen Tech Park,37397.77884,100152,100106,31,7,24,12,12
North Beichen Tech Park,Xianshuigu West,37397.77884,100106,100152,28,9,19,12,7
Heping Road,Hujiayuan,37373.48737,100053,100062,376,165,211,88,123
Hujiayuan,Heping Road,37373.48737,100062,100053,201,85,116,65,51
Leyuan Road,Hujiayuan,37369.65949,100083,100062,13,5,8,2,6
Hujiayuan,Leyuan Road,37369.65949,100062,100083,11,2,9,5,4
Civic Square,Yihao Bridge,37364.99463,100018,100172,1453,248,1205,820,385
Yihao Bridge,Civic Square,37364.99463,100172,100018,1382,213,1169,848,321
Exhibition Centre,Zhanggui Zhuang,37322.10071,100037,100184,445,72,373,259,114
Zhanggui Zhuang,Exhibition Centre,37322.10071,100184,100037,406,59,347,257,90
Danhebei Road,Junliangcheng,37245.27402,100022,100081,4,0,4,1,3
Junliangcheng,Danhebei Road,37245.27402,100081,100022,2,1,1,1,0
Hehui South Road,Civic Square,37214.67865,100052,100018,8,1,7,2,5
Civic Square,Hehui South Road,37214.67865,100018,100052,7,0,7,6,1
Xianshuigu West,National Exhibition Centre,37175.24349,100152,100105,2,0,2,2,0
National Exhibition Centre,Xianshuigu West,37175.24349,100105,100152,1,1,0,0,0
Dongxing Road,Tanggu,37124.37996,100035,100131,985,203,782,446,336
Tanggu,Dongxing Road,37124.37996,100131,100035,958,219,739,420,319
Steel Tube Company,Nanhe Zhuang,37106.80224,100127,100101,17,8,9,6,3
Nanhe Zhuang,Steel Tube Company,37106.80224,100101,100127,11,4,7,0,7
Huaihe Road,Steel Tube Company,37100.27818,100058,100127,23,3,20,19,1
Steel Tube Company,Huaihe Road,37100.27818,100127,100058,20,4,16,15,1
University town,Steel Tube Company,37080.51426,100143,100127,121,38,83,41,42
Steel Tube Company,University town,37080.51426,100127,100143,112,54,58,30,28
Yuanyang International Centre,Hujiayuan,37042.82024,100179,100062,86,17,69,34,35
Hujiayuan,Yuanyang International Centre,37042.82024,100062,100179,69,13,56,45,11
Yingkou Road,Hujiayuan,37031.92661,100174,100062,428,178,250,142,108
Hujiayuan,Yingkou Road,37031.92661,100062,100174,347,143,204,106,98
Benxi Road,Steel Tube Company,36969.63456,100008,100127,61,21,40,22,18
Steel Tube Company,Benxi Road,36969.63456,100127,100008,46,15,31,16,15
Taichang Road,Hujiayuan,36911.57832,100128,100062,73,18,55,45,10
Hujiayuan,Taichang Road,36911.57832,100062,100128,56,16,40,34,6
Hujiayuan,Jingjiang Road,36900.36424,100062,100072,44,9,35,30,5
Jingjiang Road,Hujiayuan,36900.36424,100072,100062,42,7,35,20,15
Zhongshan Gate,Taida,36872.21852,100189,100129,804,193,611,392,219
Taida,Zhongshan Gate,36872.21852,100129,100189,776,191,585,314,271
Taihu Road,Zhanggui Zhuang,36846.88947,100130,100184,336,34,302,203,99
Zhanggui Zhuang,Taihu Road,36846.88947,100184,100130,317,51,266,196,70
Hujiayuan,Jianguo Road,36834.52776,100062,100064,102,42,60,34,26
Jianguo Road,Hujiayuan,36834.52776,100064,100062,86,27,59,29,30
North Beichen Tech Park,Hehui South Road,36799.82213,100106,100052,3,2,1,1,0
Hujiayuan,Jinwan Square,36767.22188,100062,100078,131,25,106,87,19
Jinwan Square,Hujiayuan,36767.22188,100078,100062,116,17,99,64,35
Donghai Road,Haihe Education Zone,36745.23001,100027,100050,3,1,2,1,1
Haihe Education Zone,Donghai Road,36745.23001,100050,100027,1,1,0,0,0
Shuanggang,Steel Tube Company,36742.56871,100118,100127,5,0,5,3,2
Steel Tube Company,Shuanggang,36742.56871,100127,100118,2,1,1,0,1
Hujiayuan,Cultural centre,36556.61709,100062,100020,111,57,54,39,15
Cultural centre,Hujiayuan,36556.61709,100020,100062,94,43,51,27,24
Hehui South Road,Xiaodong Zhuang,36533.44784,100052,100156,4,2,2,0,2
Xiaodong Zhuang,Hehui South Road,36533.44784,100156,100052,1,0,1,0,1
Number Two Bridge,Civic Square,36485.19367,100110,100018,696,108,588,480,108
Civic Square,Number Two Bridge,36485.19367,100018,100110,624,95,529,389,140
Bianxing,Steel Tube Company,36415.35945,100009,100127,42,9,33,24,9
Steel Tube Company,Bianxing,36415.35945,100127,100009,37,6,31,26,5
Tucheng,Hujiayuan,36350.59174,100140,100062,73,27,46,27,19
Hujiayuan,Tucheng,36350.59174,100062,100140,55,17,38,21,17
Junliangcheng,Yangwu Zhuang,36334.3197,100081,100169,29,8,21,9,12
Yangwu Zhuang,Junliangcheng,36334.3197,100169,100081,29,9,20,12,8
North Beichen Tech Park,Guorui Road,36322.77714,100106,100046,4,2,2,0,2
Steel Tube Company,Airport Economic Zone,36283.80409,100127,100001,36,11,25,7,18
Airport Economic Zone,Steel Tube Company,36283.80409,100001,100127,29,8,21,12,9
Exhibition Centre,Jinnan Campus of Nankai University,36275.24099,100037,100075,4,4,0,0,0
Steel Tube Company,University of Civil Aviation,36270.51923,100127,100142,3,1,2,1,1
University of Civil Aviation,Steel Tube Company,36270.51923,100142,100127,1,1,0,0,0
Donggu Road,Danhebei Road,36159.87465,100026,100022,3,0,3,1,2
Danhebei Road,Donggu Road,36159.87465,100022,100026,2,1,1,0,1
Dongli Yijing Road,Junliangcheng,36157.23069,100033,100081,2,0,2,0,2
Dabi Zhuang,Steel Tube Company,36089.21407,100021,100127,33,14,19,8,11
Steel Tube Company,Dabi Zhuang,36089.21407,100127,100021,30,8,22,12,10
Steel Tube Company,Nanzhu Bridge,36072.23424,100127,100104,2,1,1,0,1
Nanzhu Bridge,Steel Tube Company,36072.23424,100104,100127,1,1,0,0,0
Tianjin Station,Hujiayuan,36046.72758,100135,100062,1260,404,856,342,514
Hujiayuan,Tianjin Station,36046.72758,100062,100135,1082,342,740,300,440
Xianshuigu West,Civic Square,36046.45395,100152,100018,22,4,18,12,6
Civic Square,Xianshuigu West,36046.45395,100018,100152,17,5,12,8,4
Junliangcheng,Liuyuan,35994.11688,100081,100091,141,41,100,53,47
Liuyuan,Junliangcheng,35994.11688,100091,100081,113,33,80,35,45
Steel Tube Company,Liaohe North Road,35981.93311,100127,100084,13,5,8,2,6
Liaohe North Road,Steel Tube Company,35981.93311,100084,100127,10,4,6,2,4
Jinnan Campus of Nankai University,North Beichen Tech Park,35973.89456,100075,100106,5,1,4,3,1
North Beichen Tech Park,Jinnan Campus of Nankai University,35973.89456,100106,100075,3,2,1,0,1
Hehui South Road,Taihu Road,35941.56892,100052,100130,2,1,1,1,0
Taihu Road,Hehui South Road,35941.56892,100130,100052,2,0,2,0,2
Steel Tube Company,Qinjian Road,35756.14821,100127,100113,145,51,94,73,21
Qinjian Road,Steel Tube Company,35756.14821,100113,100127,138,17,121,66,55
Donggu Road,Xiaodong Zhuang,35731.12661,100026,100156,2,0,2,0,2
Xiaodong Zhuang,Donggu Road,35731.12661,100156,100026,2,1,1,1,0
Beichen Road,Junliangcheng,35718.70475,100005,100081,37,9,28,19,9
Junliangcheng,Beichen Road,35718.70475,100081,100005,30,3,27,14,13
Lilou,Steel Tube Company,35706.75553,100086,100127,4,0,4,0,4
Steel Tube Company,Lilou,35706.75553,100127,100086,4,0,4,1,3
Binhai International Airport,Xianshuigu West,35689.40309,100010,100152,93,21,72,21,51
Xianshuigu West,Binhai International Airport,35689.40309,100152,100010,56,17,39,16,23
Xiaobailou,Hujiayuan,35637.22985,100154,100062,137,37,100,53,47
Hujiayuan,Xiaobailou,35637.22985,100062,100154,121,31,90,54,36
Chenglin Road,Hujiayuan,35622.86283,100014,100062,65,12,53,40,13
Hujiayuan,Chenglin Road,35622.86283,100062,100014,61,7,54,33,21
Hujiayuan,Southwest Tower,35586.55291,100062,100125,150,30,120,94,26
Southwest Tower,Hujiayuan,35586.55291,100125,100062,123,23,100,73,27
Steel Tube Company,Jieyuan West Road,35488.95504,100127,100069,101,18,83,41,42
Jieyuan West Road,Steel Tube Company,35488.95504,100069,100127,98,23,75,54,21
Junliangcheng,Xuefu Industrial Area,35471.05106,100081,100163,37,5,32,28,4
Xuefu Industrial Area,Junliangcheng,35471.05106,100163,100081,31,2,29,24,5
Junliangcheng,Xiaodian,35451.73034,100081,100155,28,8,20,9,11
Xiaodian,Junliangcheng,35451.73034,100155,100081,21,4,17,5,12
North Beichen Tech Park,National Exhibition Centre,35442.5811,100106,100105,2,1,1,1,0
National Exhibition Centre,North Beichen Tech Park,35442.5811,100105,100106,2,0,2,1,1
Nanlou,Hujiayuan,35425.41529,100102,100062,24,5,19,12,7
Hujiayuan,Nanlou,35425.41529,100062,100102,20,4,16,9,7
Junliangcheng,Gaozhuangzi,35352.90397,100081,100043,10,3,7,7,0
Gaozhuangzi,Junliangcheng,35352.90397,100043,100081,5,0,5,1,4
Xianshuigu West,Danhebei Road,35294.9694,100152,100022,5,1,4,2,2
Danhebei Road,Xianshuigu West,35294.9694,100022,100152,3,2,1,0,1
Xunhai Road,Junliangcheng,35282.61247,100166,100081,3,0,3,0,3
Steel Tube Company,Chunhai Road,35270.87175,100127,100017,3,0,3,3,0
Chunhai Road,Steel Tube Company,35270.87175,100017,100127,1,0,1,1,0
Zhongshan Gate,Tanggu,35228.46918,100189,100131,2558,699,1859,898,961
Tanggu,Zhongshan Gate,35228.46918,100131,100189,2323,655,1668,941,727
Steel Tube Company,Tianshili,35192.35556,100127,100136,9,5,4,1,3
Tianshili,Steel Tube Company,35192.35556,100136,100127,8,3,5,4,1
Taida,Yihao Bridge,35185.42044,100129,100172,873,202,671,390,281
Yihao Bridge,Taida,35185.42044,100172,100129,722,152,570,382,188
Zhanggui Zhuang,Civic Square,35176.37601,100184,100018,1214,193,1021,794,227
Civic Square,Zhanggui Zhuang,35176.37601,100018,100184,1193,190,1003,668,335
Steel Tube Company,Yixingbu North,35119.27559,100127,100176,53,17,36,17,19
Yixingbu North,Steel Tube Company,35119.27559,100176,100127,48,18,30,16,14
Donggu Road,Xiaodian,35113.84489,100026,100155,38,11,27,14,13
Xiaodian,Donggu Road,35113.84489,100155,100026,37,15,22,17,5
Steel Tube Company,JinZhong Street,35102.31287,100127,100080,99,16,83,53,30
JinZhong Street,Steel Tube Company,35102.31287,100080,100127,80,35,45,36,9
Donghai Road,Xinli,35090.34424,100027,100161,807,204,603,416,187
Xinli,Donghai Road,35090.34424,100161,100027,719,151,568,423,145
Steel Tube Company,Lushui Road,35037.30527,100127,100093,6,4,2,2,0
Lushui Road,Steel Tube Company,35037.30527,100093,100127,3,2,1,0,1
Steel Tube Company,Huayuan,35023.09478,100127,100061,194,24,170,141,29
Huayuan,Steel Tube Company,35023.09478,100061,100127,169,15,154,108,46
Donghai Road,Jinnan Campus of Nankai University,35006.25756,100027,100075,6,2,4,2,2
Jinnan Campus of Nankai University,Donghai Road,35006.25756,100075,100027,6,4,2,2,0
Hujiayuan,Dawang Zhuang,34993.56006,100062,100023,215,23,192,148,44
Dawang Zhuang,Hujiayuan,34993.56006,100023,100062,167,27,140,89,51
Ruijing XinYuan,Junliangcheng,34992.89475,100114,100081,47,10,37,26,11
Junliangcheng,Ruijing XinYuan,34992.89475,100081,100114,41,18,23,14,9
South Station,Donggu Road,34984.24742,100122,100026,725,347,378,142,236
Donggu Road,South Station,34984.24742,100026,100122,570,184,386,134,252
Youyi South Road,Steel Tube Company,34983.37298,100178,100127,2,0,2,0,2
Steel Tube Company,Youyi South Road,34983.37298,100127,100178,1,0,1,0,1
Donggu Road,Beiyangyuan Campus of Tianjin University,34977.03962,100026,100007,1,0,1,1,0
Hangshuang Road,Steel Tube Company,34922.64702,100051,100127,3,2,1,1,0
Steel Tube Company,Hangshuang Road,34922.64702,100127,100051,3,2,1,0,1
Junliangcheng,Fengchan River,34830.94953,100081,100039,5,0,5,3,2
Fengchan River,Junliangcheng,34830.94953,100039,100081,1,0,1,0,1
Nansun Zhuang,Junliangcheng,34805.13558,100103,100081,3,0,3,0,3
Xinli,Exhibition Centre,34803.85729,100161,100037,357,84,273,193,80
Exhibition Centre,Xinli,34803.85729,100037,100161,340,67,273,181,92
Junliangcheng,Jingli Road,34795.77986,100081,100073,8,1,7,3,4
Jingli Road,Junliangcheng,34795.77986,100073,100081,6,0,6,5,1
Taihu Road,Xianshuigu West,34773.34421,100130,100152,12,11,1,0,1
Xianshuigu West,Taihu Road,34773.34421,100152,100130,5,3,2,2,0
Steel Tube Company,Honghu Li,34763.33067,100127,100055,61,17,44,23,21
Honghu Li,Steel Tube Company,34763.33067,100055,100127,57,19,38,20,18
Hehui South Road,Binhai International Airport,34760.24536,100052,100010,22,9,13,5,8
Binhai International Airport,Hehui South Road,34760.24536,100010,100052,22,4,18,4,14
North Beichen Tech Park,Haihe Education Zone,34757.07984,100106,100050,2,0,2,1,1
Haihe Education Zone,North Beichen Tech Park,34757.07984,100050,100106,2,0,2,1,1
Danhebei Road,Hehui South Road,34697.01269,100022,100052,1,1,0,0,0
Beichen Road,Donggu Road,34660.88875,100005,100026,66,26,40,22,18
Donggu Road,Beichen Road,34660.88875,100026,100005,55,20,35,22,13
Hehui South Road,Exhibition Centre,34623.19099,100052,100037,3,0,3,1,2
Exhibition Centre,Hehui South Road,34623.19099,100037,100052,1,0,1,0,1
Xianshuigu West,Gaozhuangzi,34620.55482,100152,100043,1,1,0,0,0
Xianshuigu West,Xunhai Road,34587.86517,100152,100166,1,0,1,0,1
Steel Tube Company,Liqi Zhuang South,34578.07409,100127,100088,14,2,12,9,3
Liqi Zhuang South,Steel Tube Company,34578.07409,100088,100127,12,3,9,5,4
Junliangcheng,Professional University,34476.74283,100081,100112,45,24,21,12,9
Professional University,Junliangcheng,34476.74283,100112,100081,38,7,31,15,16
Steel Tube Company,Magangchang,34438.72002,100127,100094,1,1,0,0,0
Hujiayuan,Xiawafang,34395.91674,100062,100157,137,21,116,81,35
Xiawafang,Hujiayuan,34395.91674,100157,100062,124,24,100,67,33
Xiaodong Zhuang,North Beichen Tech Park,34384.50914,100156,100106,17,7,10,7,3
North Beichen Tech Park,Xiaodong Zhuang,34384.50914,100106,100156,8,1,7,5,2
Binhai International Airport,Junliangcheng,34373.971,100010,100081,44,20,24,13,11
Junliangcheng,Binhai International Airport,34373.971,100081,100010,29,6,23,11,12
Hujiayuan,Shiyijing Road,34364.51711,100062,100117,525,68,457,349,108
Shiyijing Road,Hujiayuan,34364.51711,100117,100062,485,50,435,295,140
Taihu Road,Xinli,34321.50988,100130,100161,254,50,204,146,58
Xinli,Taihu Road,34321.50988,100161,100130,224,55,169,112,57
Taida,Number Two Bridge,34304.68529,100129,100110,297,69,228,133,95
Number Two Bridge,Taida,34304.68529,100110,100129,284,59,225,150,75
Steel Tube Company,Yixingbu,34296.72455,100127,100175,32,14,18,10,8
Yixingbu,Steel Tube Company,34296.72455,100175,100127,21,9,12,9,3
Yutai,Steel Tube Company,34262.31416,100183,100127,11,3,8,3,5
Steel Tube Company,Yutai,34262.31416,100127,100183,6,2,4,1,3
Steel Tube Company,Meilin Road,34229.56463,100127,100098,6,1,5,1,4
Meilin Road,Steel Tube Company,34229.56463,100098,100127,5,2,3,1,2
Nansun Zhuang,Donggu Road,34221.84169,100103,100026,1,0,1,0,1
Dongli Culture and Sports Centre,Junliangcheng,34173.50747,100029,100081,4,4,0,0,0
Steel Tube Company,Yibin Road,34161.69974,100127,100171,27,3,24,6,18
Yibin Road,Steel Tube Company,34161.69974,100171,100127,18,6,12,9,3
Donggu Road,Fengchan River,34144.59376,100026,100039,24,5,19,4,15
Fengchan River,Donggu Road,34144.59376,100039,100026,8,3,5,2,3
Hujiayuan,Jintang Road,34136.32087,100062,100077,13,2,11,9,2
Jintang Road,Hujiayuan,34136.32087,100077,100062,9,1,8,6,2
Steel Tube Company,Xianyang Road,34122.40029,100127,100153,127,30,97,56,41
Xianyang Road,Steel Tube Company,34122.40029,100153,100127,109,31,78,49,29
Guoshan Road,Steel Tube Company,34091.63017,100047,100127,6,5,1,1,0
Steel Tube Company,Guoshan Road,34091.63017,100127,100047,2,1,1,1,0
Jiangwan Erzhi Road,Steel Tube Company,34027.91998,100065,100127,4,1,3,0,3
Steel Tube Company,Jiangwan Erzhi Road,34027.91998,100127,100065,1,1,0,0,0
Wangdingdi,Steel Tube Company,34021.50105,100145,100127,25,8,17,12,5
Steel Tube Company,Wangdingdi,34021.50105,100127,100145,19,5,14,9,5
North Beichen Tech Park,Beiyangyuan Campus of Tianjin University,34009.54615,100106,100007,8,6,2,0,2
Beiyangyuan Campus of Tianjin University,North Beichen Tech Park,34009.54615,100007,100106,4,2,2,2,0
Steel Tube Company,Anshan West Road,33964.47587,100127,100003,95,17,78,45,33
Anshan West Road,Steel Tube Company,33964.47587,100003,100127,84,18,66,39,27
Junliangcheng,Jiayuan Li,33931.04793,100081,100067,51,16,35,23,12
Jiayuan Li,Junliangcheng,33931.04793,100067,100081,41,10,31,18,13
Steel Tube Company,Fuxing Road,33903.39487,100127,100042,24,3,21,16,5
Fuxing Road,Steel Tube Company,33903.39487,100042,100127,16,6,10,6,4
Hongni River East,Junliangcheng,33892.18897,100056,100081,1,0,1,0,1
Junliangcheng,High-Tech Zone,33892.16393,100081,100054,63,16,47,42,5
High-Tech Zone,Junliangcheng,33892.16393,100054,100081,63,14,49,42,7
Steel Tube Company,Dongting Road,33885.5331,100127,100034,5,2,3,3,0
Dongting Road,Steel Tube Company,33885.5331,100034,100127,1,0,1,0,1
Jinnan Campus of Nankai University,Danhebei Road,33871.08512,100075,100022,1,0,1,1,0
Donggu Road,Yangwu Zhuang,33870.49159,100026,100169,39,13,26,21,5
Yangwu Zhuang,Donggu Road,33870.49159,100169,100026,34,9,25,17,8
Steel Tube Company,People's Hospital,33863.12116,100127,100111,64,17,47,37,10
People's Hospital,Steel Tube Company,33863.12116,100111,100127,48,14,34,15,19
Junliangcheng,Cao Zhuang,33832.08787,100081,100011,175,75,100,59,41
Cao Zhuang,Junliangcheng,33832.08787,100011,100081,152,43,109,55,54
Shuanglin,Steel Tube Company,33817.24993,100119,100127,7,2,5,3,2
Steel Tube Company,Shuanglin,33817.24993,100127,100119,6,3,3,1,2
Junliangcheng,Jinghe Road,33816.4645,100081,100071,7,1,6,5,1
Bei Zhulin,Steel Tube Company,33799.8186,100004,100127,2,0,2,2,0
Xuzhuangzi,Steel Tube Company,33781.49906,100168,100127,26,3,23,19,4
Steel Tube Company,Xuzhuangzi,33781.49906,100127,100168,24,2,22,20,2
Xiaodian,Xianshuigu West,33743.40837,100155,100152,15,4,11,6,5
Xianshuigu West,Xiaodian,33743.40837,100152,100155,14,2,12,10,2
Beichen Road,Xianshuigu West,33732.68414,100005,100152,42,8,34,12,22
Xianshuigu West,Beichen Road,33732.68414,100152,100005,29,7,22,12,10
Steel Tube Company,Jiefang South Road,33688.75972,100127,100068,33,11,22,10,12
Jiefang South Road,Steel Tube Company,33688.75972,100068,100127,25,9,16,8,8
Liuyuan,Xianshuigu West,33676.87402,100091,100152,167,74,93,40,53
Xianshuigu West,Liuyuan,33676.87402,100152,100091,158,46,112,38,74
Steel Tube Company,Zhangxing Zhuang,33644.50824,100127,100185,23,5,18,7,11
Zhangxing Zhuang,Steel Tube Company,33644.50824,100185,100127,18,8,10,7,3
Steel Tube Company,Tiantuo,33584.48565,100127,100138,36,5,31,23,8
Tiantuo,Steel Tube Company,33584.48565,100138,100127,26,6,20,13,7
Steel Tube Company,Yuejin North Road,33578.23582,100127,100181,2,1,1,0,1
Longhan Road,Steel Tube Company,33559.5835,100092,100127,1,1,0,0,0
North China Group,Junliangcheng,33545.90808,100107,100081,153,48,105,49,56
Junliangcheng,North China Group,33545.90808,100081,100107,138,33,105,41,64
Yihao Bridge,Tanggu,33542.07032,100172,100131,2510,579,1931,968,963
Tanggu,Yihao Bridge,33542.07032,100131,100172,2359,602,1757,1068,689
Xianshuigu West,University of Civil Aviation,33513.71183,100152,100142,22,7,15,3,12
University of Civil Aviation,Xianshuigu West,33513.71183,100142,100152,17,5,12,4,8
Steel Tube Company,Liulin Road,33479.08647,100127,100089,7,4,3,1,2
Liulin Road,Steel Tube Company,33479.08647,100089,100127,5,2,3,1,2
Dongli Culture and Sports Centre,Xianshuigu West,33478.76018,100029,100152,1,0,1,1,0
Xianshuigu West,Dongli Culture and Sports Centre,33478.76018,100152,100029,1,0,1,0,1
Jinnan Campus of Nankai University,Binhai International Airport,33456.91127,100075,100010,57,13,44,20,24
Binhai International Airport,Jinnan Campus of Nankai University,33456.91127,100010,100075,44,23,21,9,12
Exhibition Centre,Xianshuigu West,33454.96629,100037,100152,7,5,2,1,1
Xianshuigu West,Exhibition Centre,33454.96629,100152,100037,6,3,3,3,0
Professional University,Donggu Road,33446.60427,100112,100026,141,46,95,47,48
Donggu Road,Professional University,33446.60427,100026,100112,120,49,71,38,33
Xianshuigu West,Airport Economic Zone,33384.79054,100152,100001,91,29,62,27,35
Airport Economic Zone,Xianshuigu West,33384.79054,100001,100152,77,22,55,27,28
Donghai Road,Hehui South Road,33354.20756,100027,100052,7,3,4,1,3
Hehui South Road,Donghai Road,33354.20756,100052,100027,4,2,2,0,2
Steel Tube Company,Yizhongxin Hospital,33349.53552,100127,100177,68,17,51,33,18
Yizhongxin Hospital,Steel Tube Company,33349.53552,100177,100127,51,9,42,26,16
Donggu Road,Liuyuan,33308.1182,100026,100091,1524,398,1126,482,644
Liuyuan,Donggu Road,33308.1182,100091,100026,1488,670,818,374,444
Guorui Road,Xiaodian,33257.54504,100046,100155,5,0,5,4,1
Xiaodian,Guorui Road,33257.54504,100155,100046,1,1,0,0,0
Jinnan Campus of Nankai University,Xinxing Village,33256.38608,100075,100162,1,0,1,0,1
Zhigu,Hujiayuan,33246.05025,100188,100062,309,68,241,127,114
Hujiayuan,Zhigu,33246.05025,100062,100188,297,70,227,146,81
Steel Tube Company,Hongqi South Road,33232.2062,100127,100057,76,26,50,29,21
Hongqi South Road,Steel Tube Company,33232.2062,100057,100127,63,25,38,23,15
Zhicheng Road,Steel Tube Company,33184.1989,100187,100127,23,8,15,10,5
Steel Tube Company,Zhicheng Road,33184.1989,100127,100187,15,5,10,3,7
Xianshuigu West,Dongli Development Zone,33168.03243,100152,100030,31,11,20,6,14
Dongli Development Zone,Xianshuigu West,33168.03243,100030,100152,25,8,17,11,6
West Station,Steel Tube Company,33165.73723,100149,100127,435,139,296,91,205
Steel Tube Company,West Station,33165.73723,100127,100149,390,104,286,132,154
Donghai Road,Dongli Development Zone,33162.45215,100027,100030,783,150,633,476,157
Dongli Development Zone,Donghai Road,33162.45215,100030,100027,684,147,537,375,162
Xianshuigu West,Hongni River East,33159.83982,100152,100056,1,0,1,1,0
Hehui South Road,Xiaodian,33145.45166,100052,100155,1,1,0,0,0
Xiaodian,Hehui South Road,33145.45166,100155,100052,1,1,0,0,0
Beichen Road,Hehui South Road,33134.72744,100005,100052,7,2,5,4,1
Hehui South Road,Beichen Road,33134.72744,100052,100005,6,1,5,1,4
South Station,Guorui Road,33127.94757,100122,100046,87,22,65,26,39
Guorui Road,South Station,33127.94757,100046,100122,50,16,34,19,15
Yingfeng Road,Steel Tube Company,33105.6926,100173,100127,23,7,16,9,7
Steel Tube Company,Yingfeng Road,33105.6926,100127,100173,19,5,14,8,6
Steel Tube Company,Lijiang Road,33092.32653,100127,100085,5,3,2,1,1
Lijiang Road,Steel Tube Company,33092.32653,100085,100127,4,2,2,1,1
Dongli Liujing Road,North Beichen Tech Park,33037.48282,100031,100106,5,0,5,4,1
North Beichen Tech Park,Dongli Liujing Road,33037.48282,100106,100031,4,0,4,4,0
Donggu Road,Xuefu Industrial Area,33007.22294,100026,100163,158,8,150,131,19
Xuefu Industrial Area,Donggu Road,33007.22294,100163,100026,133,15,118,82,36
Taida,Zhanggui Zhuang,32996.3266,100129,100184,1019,211,808,425,383
Zhanggui Zhuang,Taida,32996.3266,100184,100129,984,230,754,571,183
Xiaodong Zhuang,National Exhibition Centre,32994.63072,100156,100105,1,0,1,0,1
Steel Tube Company,Chinese Medicine First Affiliated Hospital,32953.24457,100127,100016,91,25,66,36,30
Chinese Medicine First Affiliated Hospital,Steel Tube Company,32953.24457,100016,100127,67,21,46,18,28
Meijiang Exhibition Centre,Steel Tube Company,32923.06891,100095,100127,54,30,24,10,14
Steel Tube Company,Meijiang Exhibition Centre,32923.06891,100127,100095,38,19,19,14,5
Steel Tube Company,Tiantai Road,32922.84336,100127,100137,46,8,38,29,9
Tiantai Road,Steel Tube Company,32922.84336,100137,100127,45,18,27,20,7
Yaohuan Road,Steel Tube Company,32904.87575,100170,100127,4,4,0,0,0
Steel Tube Company,Yaohuan Road,32904.87575,100127,100170,2,1,1,0,1
Steel Tube Company,Changhong Park,32897.47573,100127,100012,230,30,200,127,73
Changhong Park,Steel Tube Company,32897.47573,100012,100127,175,30,145,90,55
Junliangcheng,Nanhe Zhuang,32892.3566,100081,100101,17,7,10,4,6
Nanhe Zhuang,Junliangcheng,32892.3566,100101,100081,13,2,11,1,10
North Beichen Tech Park,Gaozhuangzi,32887.89243,100106,100043,11,8,3,3,0
Gaozhuangzi,North Beichen Tech Park,32887.89243,100043,100106,11,3,8,1,7
Junliangcheng,Huaihe Road,32885.83254,100081,100058,30,8,22,19,3
Huaihe Road,Junliangcheng,32885.83254,100058,100081,25,4,21,18,3
Junliangcheng,University town,32866.06861,100081,100143,113,51,62,34,28
University town,Junliangcheng,32866.06861,100143,100081,105,36,69,34,35
Dongli Development Zone,Exhibition Centre,32860.2567,100030,100037,344,79,265,204,61
Exhibition Centre,Dongli Development Zone,32860.2567,100037,100030,317,81,236,159,77
Liuyuan,Hehui South Road,32845.4909,100091,100052,44,14,30,15,15
Hehui South Road,Liuyuan,32845.4909,100052,100091,44,10,34,24,10
Steel Tube Company,Dengzhou Road,32841.05979,100127,100024,24,8,16,12,4
Dengzhou Road,Steel Tube Company,32841.05979,100024,100127,17,8,9,4,5
Junliangcheng,Benxi Road,32814.62875,100081,100008,45,19,26,14,12
Benxi Road,Junliangcheng,32814.62875,100008,100081,35,9,26,9,17
Beichen Road,Guorui Road,32804.5889,100005,100046,4,3,1,1,0
Guorui Road,Beichen Road,32804.5889,100046,100005,4,2,2,0,2
North China Group,Donggu Road,32804.4715,100107,100026,471,254,217,105,112
Donggu Road,North China Group,32804.4715,100026,100107,395,125,270,75,195
Fengchan River,Xianshuigu West,32774.15724,100039,100152,5,3,2,1,1
Xianshuigu West,Fengchan River,32774.15724,100152,100039,4,1,3,1,2
Siyuan Road,Steel Tube Company,32694.5681,100121,100127,5,4,1,0,1
Steel Tube Company,Siyuan Road,32694.5681,100127,100121,4,1,3,2,1
Ruijing XinYuan,Xianshuigu West,32684.24744,100114,100152,78,34,44,15,29
Xianshuigu West,Ruijing XinYuan,32684.24744,100152,100114,70,31,39,17,22
Number Two Bridge,Tanggu,32661.09103,100110,100131,1018,273,745,461,284
Tanggu,Number Two Bridge,32661.09103,100131,100110,1002,301,701,405,296
Civic Square,Xinli,32648.64201,100018,100161,1172,200,972,636,336
Xinli,Civic Square,32648.64201,100161,100018,1102,177,925,682,243
Steel Tube Company,Xiangshan Road,32611.20151,100127,100151,3,0,3,0,3
Xiangshan Road,Steel Tube Company,32611.20151,100151,100127,3,0,3,0,3
Hehui South Road,University of Civil Aviation,32584.55409,100052,100142,4,0,4,1,3
University of Civil Aviation,Hehui South Road,32584.55409,100142,100052,4,1,3,1,2
Steel Tube Company,Zhou and Deng Memorial Museum,32558.46468,100127,100191,57,30,27,20,7
Zhou and Deng Memorial Museum,Steel Tube Company,32558.46468,100191,100127,46,23,23,9,14
Xiaodong Zhuang,South Station,32535.11361,100156,100122,126,51,75,38,37
South Station,Xiaodong Zhuang,32535.11361,100122,100156,117,39,78,37,41
Shuanggang,Junliangcheng,32528.12306,100118,100081,10,4,6,6,0
Junliangcheng,Shuanggang,32528.12306,100081,100118,9,4,5,4,1
Xiaodong Zhuang,Beiyangyuan Campus of Tianjin University,32527.9058,100156,100007,2,0,2,1,1
Beiyangyuan Campus of Tianjin University,Xiaodong Zhuang,32527.9058,100007,100156,1,0,1,1,0
Hehui South Road,Airport Economic Zone,32455.6328,100052,100001,15,8,7,3,4
Airport Economic Zone,Hehui South Road,32455.6328,100001,100052,12,4,8,4,4
Xianshuigu West,Professional University,32451.89489,100152,100112,120,73,47,18,29
Professional University,Xianshuigu West,32451.89489,100112,100152,89,34,55,33,22
Steel Tube Company,Laoshan Road,32412.40436,100127,100082,12,5,7,5,2
Laoshan Road,Steel Tube Company,32412.40436,100082,100127,11,4,7,2,5
Nancuiping,Steel Tube Company,32408.64887,100100,100127,44,14,30,21,9
Steel Tube Company,Nancuiping,32408.64887,100127,100100,37,15,22,19,3
Dengzhou South Road,Steel Tube Company,32391.58991,100025,100127,11,0,11,7,4
Steel Tube Company,Dengzhou South Road,32391.58991,100127,100025,5,0,5,4,1
Xiaodian,National Exhibition Centre,32377.34899,100155,100105,2,1,1,0,1
National Exhibition Centre,Xiaodian,32377.34899,100105,100155,1,0,1,0,1
Taihu Road,Dongli Development Zone,32364.61789,100130,100030,302,55,247,163,84
Dongli Development Zone,Taihu Road,32364.61789,100030,100130,286,66,220,145,75
Donggu Road,Ruijing XinYuan,32360.27289,100026,100114,314,107,207,106,101
Ruijing XinYuan,Donggu Road,32360.27289,100114,100026,304,111,193,81,112
The Financial University,Steel Tube Company,32342.03691,100132,100127,18,8,10,3,7
Steel Tube Company,The Financial University,32342.03691,100127,100132,16,11,5,4,1
Xiaodong Zhuang,Danhebei Road,32332.31209,100156,100022,1,1,0,0,0
Hujiayuan,Dongxing Road,32329.66405,100062,100035,342,66,276,200,76
Dongxing Road,Hujiayuan,32329.66405,100035,100062,261,46,215,142,73
Xiaodian,Jinnan Campus of Nankai University,32319.5241,100155,100075,1,0,1,1,0
Donggu Road,Nanhe Zhuang,32309.06271,100026,100101,39,13,26,10,16
Nanhe Zhuang,Donggu Road,32309.06271,100101,100026,38,14,24,4,20
Jinnan Campus of Nankai University,Beichen Road,32308.79987,100075,100005,6,4,2,1,1
Beichen Road,Jinnan Campus of Nankai University,32308.79987,100005,100075,5,4,1,0,1
Foreign Languages High School,Steel Tube Company,32302.25957,100040,100127,3,0,3,3,0
Steel Tube Company,Foreign Languages High School,32302.25957,100127,100040,3,0,3,0,3
Steel Tube Company,Tiedong Road,32296.12336,100127,100139,88,17,71,42,29
Tiedong Road,Steel Tube Company,32296.12336,100139,100127,57,17,40,29,11
Junliangcheng,Bianxing,32260.35364,100081,100009,38,10,28,21,7
Bianxing,Junliangcheng,32260.35364,100009,100081,38,12,26,19,7
Steel Tube Company,Jianchang Road,32258.86447,100127,100063,26,9,17,9,8
Jianchang Road,Steel Tube Company,32258.86447,100063,100127,22,11,11,10,1
Minquan Gate,Steel Tube Company,32252.71559,100099,100127,29,9,20,15,5
Steel Tube Company,Minquan Gate,32252.71559,100127,100099,18,4,14,8,6
South Station,National Exhibition Centre,32247.75153,100122,100105,47,26,21,10,11
National Exhibition Centre,South Station,32247.75153,100105,100122,45,3,42,8,34
Dongli Development Zone,Hehui South Road,32238.8747,100030,100052,7,3,4,4,0
Hehui South Road,Dongli Development Zone,32238.8747,100052,100030,5,0,5,4,1
Hongni River East,Hehui South Road,32230.68209,100056,100052,2,0,2,0,2
Donghai Road,Xianshuigu West,32185.98286,100027,100152,62,44,18,5,13
Xianshuigu West,Donghai Road,32185.98286,100152,100027,46,24,22,1,21
Hehui South Road,Fengchan River,32176.20053,100052,100039,3,3,0,0,0
Fengchan River,Hehui South Road,32176.20053,100039,100052,1,1,0,0,0
Hangshuang Road,Xianshuigu West,32165.83962,100051,100152,3,1,2,1,1
Xianshuigu West,Hangshuang Road,32165.83962,100152,100051,1,0,1,0,1
Steel Tube Company,Beining Park,32157.33259,100127,100006,20,5,15,5,10
Beining Park,Steel Tube Company,32157.33259,100006,100127,14,5,9,7,2
Airport Economic Zone,Junliangcheng,32069.35845,100001,100081,32,8,24,12,12
Junliangcheng,Airport Economic Zone,32069.35845,100081,100001,27,5,22,8,14
Junliangcheng,University of Civil Aviation,32056.07358,100081,100142,4,2,2,2,0
Steel Tube Company,Meijiang Park,32044.24552,100127,100096,14,9,5,2,3
Meijiang Park,Steel Tube Company,32044.24552,100096,100127,4,0,4,1,3
Steel Tube Company,Changling Road,32031.30433,100127,100013,61,18,43,29,14
Changling Road,Steel Tube Company,32031.30433,100013,100127,57,16,41,21,20
Guorui Road,Yangwu Zhuang,32014.19174,100046,100169,6,2,4,2,2
Yangwu Zhuang,Guorui Road,32014.19174,100169,100046,5,2,3,3,0
Steel Tube Company,Northwest Corner,31967.12197,100127,100109,156,54,102,73,29
Northwest Corner,Steel Tube Company,31967.12197,100109,100127,137,32,105,50,55
Beichen Road,National Exhibition Centre,31924.39285,100005,100105,2,0,2,1,1
National Exhibition Centre,Beichen Road,31924.39285,100105,100005,2,0,2,0,2
Huaihe Road,Donggu Road,31897.16763,100058,100026,57,13,44,26,18
Donggu Road,Huaihe Road,31897.16763,100026,100058,50,7,43,21,22
Dabi Zhuang,Junliangcheng,31874.76842,100021,100081,57,8,49,28,21
Junliangcheng,Dabi Zhuang,31874.76842,100081,100021,47,9,38,30,8
Nanzhu Bridge,Junliangcheng,31857.7886,100104,100081,2,2,0,0,0
Hehui South Road,Professional University,31853.93818,100052,100112,11,4,7,6,1
Professional University,Hehui South Road,31853.93818,100112,100052,7,0,7,2,5
Hehui South Road,Ruijing XinYuan,31852.86432,100052,100114,9,2,7,2,5
Ruijing XinYuan,Hehui South Road,31852.86432,100114,100052,7,3,4,3,1
Wanshan Road,Steel Tube Company,31836.68834,100146,100127,1,1,0,0,0
Guangkaisima Road,Steel Tube Company,31832.93551,100044,100127,96,16,80,62,18
Steel Tube Company,Guangkaisima Road,31832.93551,100127,100044,95,18,77,58,19
Binhai International Airport,Haihe Education Zone,31831.40475,100010,100050,5,4,1,0,1
Haihe Education Zone,Binhai International Airport,31831.40475,100050,100010,3,0,3,3,0
Steel Tube Company,Lingbin Road,31827.05806,100127,100087,33,13,20,14,6
Lingbin Road,Steel Tube Company,31827.05806,100087,100127,29,7,22,11,11
Junliangcheng,Liaohe North Road,31767.48747,100081,100084,24,4,20,19,1
Liaohe North Road,Junliangcheng,31767.48747,100084,100081,22,3,19,17,2
Liuyuan,Jinnan Campus of Nankai University,31670.21071,100091,100075,31,16,15,11,4
Jinnan Campus of Nankai University,Liuyuan,31670.21071,100075,100091,28,8,20,11,9
South Station,Dongli Liujing Road,31663.56728,100122,100031,8,4,4,1,3
Dongli Liujing Road,South Station,31663.56728,100031,100122,7,1,6,2,4
Xianshuigu West,Jiayuan Li,31635.437,100152,100067,52,20,32,14,18
Jiayuan Li,Xianshuigu West,31635.437,100067,100152,37,12,25,11,14
Dongli Yijing Road,Haihe Education Zone,31604.48505,100033,100050,3,0,3,3,0
Junliangcheng,Qinjian Road,31601.1424,100081,100113,91,32,59,48,11
Qinjian Road,Junliangcheng,31601.1424,100113,100081,80,24,56,40,16
Professional University,Guorui Road,31590.30442,100112,100046,2,1,1,1,0
Guorui Road,Professional University,31590.30442,100046,100112,1,1,0,0,0
Jingli Road,North Beichen Tech Park,31586.58396,100073,100106,11,2,9,6,3
North Beichen Tech Park,Jingli Road,31586.58396,100106,100073,5,0,5,5,0
South Station,Xianshuigu West,31579.27137,100122,100152,745,258,487,214,273
Xianshuigu West,South Station,31579.27137,100152,100122,515,221,294,143,151
Steel Tube Company,Tian Tower,31503.83751,100127,100133,90,30,60,32,28
Tian Tower,Steel Tube Company,31503.83751,100133,100127,81,38,43,13,30
Junliangcheng,Lilou,31492.30988,100081,100086,8,0,8,3,5
Lilou,Junliangcheng,31492.30988,100086,100081,6,0,6,1,5
Liuyuan,Guorui Road,31461.6896,100091,100046,58,18,40,13,27
Guorui Road,Liuyuan,31461.6896,100046,100091,51,14,37,16,21
Dongli Development Zone,Donggu Road,31436.55347,100030,100026,21,17,4,2,2
Donggu Road,Dongli Development Zone,31436.55347,100026,100030,15,2,13,4,9
North China Group,Xianshuigu West,31434.03498,100107,100152,203,90,113,59,54
Xianshuigu West,North China Group,31434.03498,100152,100107,180,70,110,35,75
High-Tech Zone,Donggu Road,31428.33582,100054,100026,235,51,184,139,45
Donggu Road,High-Tech Zone,31428.33582,100026,100054,233,48,185,149,36
North Beichen Tech Park,Hongni River East,31427.17742,100106,100056,9,4,5,3,2
Hongni River East,North Beichen Tech Park,31427.17742,100056,100106,4,0,4,4,0
Yangwu Zhuang,Xiaodong Zhuang,31421.35777,100169,100156,30,17,13,11,2
Xiaodong Zhuang,Yangwu Zhuang,31421.35777,100156,100169,21,14,7,6,1
Steel Tube Company,JinZhong River Street,31419.39405,100127,100079,61,18,43,23,20
JinZhong River Street,Steel Tube Company,31419.39405,100079,100127,48,20,28,15,13
Yudongcheng,Steel Tube Company,31413.73094,100180,100127,66,13,53,24,29
Steel Tube Company,Yudongcheng,31413.73094,100127,100180,56,13,43,27,16
Fengchan River,National Exhibition Centre,31408.09786,100039,100105,1,1,0,0,0
National Exhibition Centre,Fengchan River,31408.09786,100105,100039,1,0,1,0,1
Donggu Road,Jiayuan Li,31359.13869,100026,100067,199,48,151,87,64
Jiayuan Li,Donggu Road,31359.13869,100067,100026,160,59,101,55,46
Zhanggui Zhuang,Tanggu,31352.87787,100184,100131,1866,515,1351,813,538
Tanggu,Zhanggui Zhuang,31352.87787,100131,100184,1740,447,1293,757,536
Jinnan Campus of Nankai University,Fengchan River,31350.27297,100075,100039,1,1,0,0,0
Junliangcheng,Jieyuan West Road,31333.94923,100081,100069,58,27,31,16,15
Jieyuan West Road,Junliangcheng,31333.94923,100069,100081,39,13,26,18,8
Steel Tube Company,Sports Centre,31326.41761,100127,100126,75,21,54,31,23
Sports Centre,Steel Tube Company,31326.41761,100126,100127,68,23,45,24,21
Steel Tube Company,Xinkai River,31315.11332,100127,100160,1,0,1,0,1
Donggu Road,Dabi Zhuang,31291.47453,100026,100021,51,15,36,20,16
Dabi Zhuang,Donggu Road,31291.47453,100021,100026,51,26,25,10,15
Steel Tube Company,Huashan Li,31291.05449,100127,100060,18,6,12,5,7
Huashan Li,Steel Tube Company,31291.05449,100060,100127,10,3,7,5,2
University of Civil Aviation,Jinnan Campus of Nankai University,31281.22001,100142,100075,6,3,3,0,3
Jinnan Campus of Nankai University,University of Civil Aviation,31281.22001,100075,100142,2,2,0,0,0
Liuyuan,Dongli Liujing Road,31257.61558,100091,100031,13,2,11,9,2
Dongli Liujing Road,Liuyuan,31257.61558,100031,100091,9,2,7,3,4
Hehui South Road,Hangshuang Road,31236.68188,100052,100051,1,0,1,1,0
Hangshuang Road,Hehui South Road,31236.68188,100051,100052,1,0,1,1,0
Cao Zhuang,Xianshuigu West,31219.38987,100011,100152,343,114,229,103,126
Xianshuigu West,Cao Zhuang,31219.38987,100152,100011,339,147,192,79,113
Steel Tube Company,Water Park Road East,31199.31776,100127,100147,48,30,18,15,3
Water Park Road East,Steel Tube Company,31199.31776,100147,100127,34,17,17,7,10
Xianshuigu West,Guoshan Road,31192.61662,100152,100047,9,5,4,0,4
Guoshan Road,Xianshuigu West,31192.61662,100047,100152,6,5,1,0,1
Steel Tube Company,Zuojiang Road,31192.45914,100127,100192,15,2,13,9,4
Zuojiang Road,Steel Tube Company,31192.45914,100192,100127,13,6,7,5,2
Xianshuigu West,Xinli,31187.6488,100152,100161,23,7,16,1,15
Xinli,Xianshuigu West,31187.6488,100161,100152,7,5,2,2,0
Donggu Road,Cao Zhuang,31175.21057,100026,100011,552,189,363,206,157
Cao Zhuang,Donggu Road,31175.21057,100011,100026,529,211,318,171,147
Jinnan Campus of Nankai University,Airport Economic Zone,31152.29872,100075,100001,20,13,7,0,7
Airport Economic Zone,Jinnan Campus of Nankai University,31152.29872,100001,100075,6,2,4,1,3
Xuefu Industrial Area,Guorui Road,31150.92309,100163,100046,4,1,3,3,0
Yangwu Zhuang,National Exhibition Centre,31133.99569,100169,100105,3,0,3,1,2
National Exhibition Centre,Yangwu Zhuang,31133.99569,100105,100169,1,0,1,1,0
Xiaodian,Haihe Education Zone,31102.70937,100155,100050,9,2,7,6,1
Haihe Education Zone,Xiaodian,31102.70937,100050,100155,9,1,8,1,7
Beichen Road,Haihe Education Zone,31091.98514,100005,100050,3,0,3,1,2
Haihe Education Zone,Beichen Road,31091.98514,100050,100005,3,0,3,1,2
Liuyuan,Xiaodong Zhuang,31091.79441,100091,100156,64,20,44,21,23
Xiaodong Zhuang,Liuyuan,31091.79441,100156,100091,60,15,45,13,32
Junliangcheng,Chunhai Road,31056.4261,100081,100017,2,0,2,0,2
Tianshili,Junliangcheng,31037.34975,100136,100081,23,4,19,8,11
Junliangcheng,Tianshili,31037.34975,100081,100136,16,1,15,10,5
Jinnan Campus of Nankai University,Professional University,31028.01061,100075,100112,3,0,3,1,2
Shaliu South Road,Steel Tube Company,31011.85895,100116,100127,5,0,5,1,4
North China Group,Guorui Road,30948.17165,100107,100046,29,16,13,3,10
Guorui Road,North China Group,30948.17165,100046,100107,9,1,8,2,6
Steel Tube Company,Southwest corner,30945.98571,100127,100124,202,42,160,100,60
Southwest corner,Steel Tube Company,30945.98571,100124,100127,162,54,108,62,46
Dongli Development Zone,Jinnan Campus of Nankai University,30935.54061,100030,100075,4,2,2,2,0
Jinnan Campus of Nankai University,Dongli Development Zone,30935.54061,100075,100030,2,1,1,0,1
Yixingbu North,Junliangcheng,30930.91416,100176,100081,36,8,28,14,14
Junliangcheng,Yixingbu North,30930.91416,100081,100176,34,13,21,9,12
Junliangcheng,JinZhong Street,30887.86722,100081,100080,92,16,76,60,16
JinZhong Street,Junliangcheng,30887.86722,100080,100081,79,16,63,25,38
Gaozhuangzi,Danhebei Road,30868.69008,100043,100022,1,1,0,0,0
North China Group,Hehui South Road,30836.07828,100107,100052,29,15,14,3,11
Hehui South Road,North China Group,30836.07828,100052,100107,26,5,21,8,13
Steel Tube Company,North Station,30830.71857,100127,100108,101,15,86,36,50
North Station,Steel Tube Company,30830.71857,100108,100127,96,53,43,25,18
Junliangcheng,Lushui Road,30822.85962,100081,100093,5,2,3,1,2
Lushui Road,Junliangcheng,30822.85962,100093,100081,4,1,3,1,2
Xianshuigu West,Yuejin North Road,30821.42841,100152,100181,7,2,5,4,1
Yuejin North Road,Xianshuigu West,30821.42841,100181,100152,7,2,5,2,3
Donggu Road,Liaohe North Road,30815.07722,100026,100084,40,13,27,22,5
Liaohe North Road,Donggu Road,30815.07722,100084,100026,39,18,21,15,6
Junliangcheng,Huayuan,30808.64913,100081,100061,137,19,118,97,21
Huayuan,Junliangcheng,30808.64913,100061,100081,127,21,106,71,35
Huaihe Road,Xianshuigu West,30807.91358,100058,100152,19,3,16,8,8
Xianshuigu West,Huaihe Road,30807.91358,100152,100058,12,2,10,6,4
Xiaodong Zhuang,Beichen Road,30805.74282,100156,100005,35,12,23,15,8
Beichen Road,Xiaodong Zhuang,30805.74282,100005,100156,27,9,18,12,6
Steel Tube Company,Erwei Road,30804.51652,100127,100036,100,26,74,49,25
Erwei Road,Steel Tube Company,30804.51652,100036,100127,68,22,46,14,32
Jiayuan Li,Hehui South Road,30804.05388,100067,100052,9,0,9,5,4
Hehui South Road,Jiayuan Li,30804.05388,100052,100067,3,0,3,0,3
Youyi South Road,Junliangcheng,30768.92734,100178,100081,3,0,3,1,2
Junliangcheng,Youyi South Road,30768.92734,100081,100178,2,0,2,1,1
Lilou,Xianshuigu West,30759.96073,100086,100152,1,0,1,1,0
Beiyangyuan Campus of Tianjin University,Binhai International Airport,30754.70333,100007,100010,58,17,41,17,24
Binhai International Airport,Beiyangyuan Campus of Tianjin University,30754.70333,100010,100007,47,20,27,7,20
Steel Tube Company,Wujiayao,30753.2249,100127,100150,92,18,74,46,28
Wujiayao,Steel Tube Company,30753.2249,100150,100127,73,13,60,29,31
Professional University,National Exhibition Centre,30710.10838,100112,100105,4,1,3,0,3
National Exhibition Centre,Professional University,30710.10838,100105,100112,2,2,0,0,0
Hangshuang Road,Junliangcheng,30708.20137,100051,100081,1,1,0,0,0
Steel Tube Company,Yueya River,30701.07422,100127,100182,80,20,60,34,26
Yueya River,Steel Tube Company,30701.07422,100182,100127,64,18,46,25,21
Civic Square,Dongli Development Zone,30686.37333,100018,100030,1066,188,878,585,293
Dongli Development Zone,Civic Square,30686.37333,100030,100018,1036,208,828,624,204
Jinnan Campus of Nankai University,Ruijing XinYuan,30677.58413,100075,100114,12,5,7,3,4
Ruijing XinYuan,Jinnan Campus of Nankai University,30677.58413,100114,100075,8,5,3,0,3
Jinghe Road,North Beichen Tech Park,30612.25373,100071,100106,2,0,2,2,0
North Beichen Tech Park,Jinghe Road,30612.25373,100106,100071,1,1,0,0,0
Steel Tube Company,Meijiang Road,30585.40851,100127,100097,20,9,11,8,3
Meijiang Road,Steel Tube Company,30585.40851,100097,100127,17,4,13,5,8
Honghu Li,Junliangcheng,30567.24665,100055,100081,60,23,37,29,8
Junliangcheng,Honghu Li,30567.24665,100081,100055,52,20,32,19,13
South Station,Hehui South Road,30561.68977,100122,100052,225,67,158,66,92
Hehui South Road,South Station,30561.68977,100052,100122,185,97,88,41,47
Xiaodong Zhuang,Xuefu Industrial Area,30558.08913,100156,100163,31,5,26,20,6
Xuefu Industrial Area,Xiaodong Zhuang,30558.08913,100163,100156,25,2,23,23,0
Xiaodian,Xiaodong Zhuang,30549.40787,100155,100156,26,8,18,12,6
Xiaodong Zhuang,Xiaodian,30549.40787,100156,100155,23,3,20,13,7
National Exhibition Centre,Liuyuan,30539.67515,100105,100091,96,10,86,25,61
Liuyuan,National Exhibition Centre,30539.67515,100091,100105,75,38,37,30,7
Hehui South Road,Xueyuan North Road,30528.04368,100052,100165,1,0,1,0,1
Xueyuan North Road,Hehui South Road,30528.04368,100165,100052,1,1,0,0,0
Guorui Road,Ruijing XinYuan,30511.91666,100046,100114,22,8,14,5,9
Ruijing XinYuan,Guorui Road,30511.91666,100114,100046,15,2,13,10,3
Taida,Xinli,30469.9323,100129,100161,829,194,635,357,278
Xinli,Taida,30469.9323,100161,100129,768,188,580,394,186
Yangwu Zhuang,Xianshuigu West,30465.51553,100169,100152,54,24,30,18,12
Xianshuigu West,Yangwu Zhuang,30465.51553,100152,100169,42,14,28,18,10
Xianshuigu West,Benxi Road,30457.82863,100152,100008,85,35,50,27,23
Benxi Road,Xianshuigu West,30457.82863,100008,100152,75,25,50,22,28
Nanhe Zhuang,Guorui Road,30452.76285,100101,100046,3,2,1,1,0
Guorui Road,Nanhe Zhuang,30452.76285,100046,100101,1,1,0,0,0
Gaozhuangzi,Xiaodong Zhuang,30439.94204,100043,100156,4,1,3,0,3
Xiaodong Zhuang,Gaozhuangzi,30439.94204,100156,100043,2,0,2,2,0
Zhongshan Gate,Hujiayuan,30433.09872,100189,100062,514,107,407,236,171
Hujiayuan,Zhongshan Gate,30433.09872,100062,100189,467,90,377,252,125
University town,Donggu Road,30402.2405,100143,100026,363,124,239,118,121
Donggu Road,University town,30402.2405,100026,100143,352,154,198,93,105
Xiaodong Zhuang,Xunhai Road,30369.65054,100156,100166,1,1,0,0,0
Junliangcheng,Liqi Zhuang South,30363.62845,100081,100088,8,4,4,0,4
Liqi Zhuang South,Junliangcheng,30363.62845,100088,100081,8,3,5,1,4
Beichen Road,Beiyangyuan Campus of Tianjin University,30344.45146,100005,100007,9,3,6,3,3
Beiyangyuan Campus of Tianjin University,Beichen Road,30344.45146,100007,100005,8,3,5,1,4
Steel Tube Company,Zhongshan Road,30317.19838,100127,100190,151,33,118,76,42
Zhongshan Road,Steel Tube Company,30317.19838,100190,100127,149,24,125,80,45
Cao Zhuang,Hehui South Road,30310.86695,100011,100052,65,16,49,28,21
Hehui South Road,Cao Zhuang,30310.86695,100052,100011,60,17,43,28,15
Donggu Road,JinZhong Street,30304.57333,100026,100080,46,13,33,14,19
JinZhong Street,Donggu Road,30304.57333,100080,100026,34,19,15,10,5
Xiaodian,Beiyangyuan Campus of Tianjin University,30298.98663,100155,100007,6,2,4,1,3
Beiyangyuan Campus of Tianjin University,Xiaodian,30298.98663,100007,100155,5,3,2,2,0
Fuxing Gate,Steel Tube Company,30278.57892,100041,100127,21,7,14,11,3
Steel Tube Company,Fuxing Gate,30278.57892,100127,100041,13,0,13,13,0
Xuefu Industrial Area,National Exhibition Centre,30270.72705,100163,100105,1,0,1,0,1
Guoshan Road,Hehui South Road,30263.45888,100047,100052,1,1,0,0,0
Xinli,Hehui South Road,30258.49106,100161,100052,1,0,1,0,1
Ruijing XinYuan,Dongli Liujing Road,30256.39345,100114,100031,10,0,10,10,0
Dongli Liujing Road,Ruijing XinYuan,30256.39345,100031,100114,5,0,5,3,2
Donggu Road,Tianshili,30247.27423,100026,100136,21,4,17,12,5
Tianshili,Donggu Road,30247.27423,100136,100026,18,5,13,7,6
Junliangcheng,Magangchang,30224.27437,100081,100094,2,1,1,0,1
Tumour Hospital,Steel Tube Company,30215.44393,100141,100127,279,41,238,72,166
Steel Tube Company,Tumour Hospital,30215.44393,100127,100141,275,37,238,147,91
Hehui South Road,Huaihe Road,30209.95687,100052,100058,9,5,4,3,1
Huaihe Road,Hehui South Road,30209.95687,100058,100052,8,5,3,0,3
Donggu Road,Bianxing,30207.57476,100026,100009,42,9,33,24,9
Bianxing,Donggu Road,30207.57476,100009,100026,38,10,28,17,11
Steel Tube Company,Haiguang Temple,30155.52536,100127,100048,190,55,135,106,29
Haiguang Temple,Steel Tube Company,30155.52536,100048,100127,181,39,142,94,48
Steel Tube Company,Gulou,30148.03368,100127,100045,256,99,157,93,64
Gulou,Steel Tube Company,30148.03368,100045,100127,255,116,139,66,73
Donggu Road,Benxi Road,30144.28204,100026,100008,401,138,263,137,126
Benxi Road,Donggu Road,30144.28204,100008,100026,361,104,257,141,116
Yixingbu,Junliangcheng,30141.71873,100175,100081,27,8,19,11,8
Junliangcheng,Yixingbu,30141.71873,100081,100175,22,8,14,7,7
Dongli Sanjing Road,South Station,30135.82936,100032,100122,11,3,8,7,1
South Station,Dongli Sanjing Road,30135.82936,100122,100032,7,4,3,1,2
Fengchan River,Haihe Education Zone,30133.45824,100039,100050,4,0,4,4,0
Haihe Education Zone,Fengchan River,30133.45824,100050,100039,4,0,4,4,0
Haihe Education Zone,Liuyuan,30132.86081,100050,100091,20,4,16,8,8
Liuyuan,Haihe Education Zone,30132.86081,100091,100050,13,3,10,4,6
North Beichen Tech Park,South Station,30100.92363,100106,100122,123,41,82,47,35
South Station,North Beichen Tech Park,30100.92363,100122,100106,110,28,82,48,34
Xiaodong Zhuang,Ruijing XinYuan,30090.57228,100156,100114,33,6,27,16,11
Ruijing XinYuan,Xiaodong Zhuang,30090.57228,100114,100156,33,5,28,15,13
North Beichen Tech Park,Dongli Development Zone,30089.936,100106,100030,43,8,35,30,5
Dongli Development Zone,North Beichen Tech Park,30089.936,100030,100106,32,3,29,21,8
North China Group,National Exhibition Centre,30067.9756,100107,100105,37,24,13,7,6
National Exhibition Centre,North China Group,30067.9756,100105,100107,33,8,25,6,19
Donggu Road,Shuanggang,30064.29495,100026,100118,3,2,1,1,0
Shuanggang,Donggu Road,30064.29495,100118,100026,3,3,0,0,0
Junliangcheng,Yutai,30047.86852,100081,100183,5,1,4,2,2
Yutai,Junliangcheng,30047.86852,100183,100081,3,1,2,1,1
Huaihe Road,Guorui Road,30040.86777,100058,100046,11,0,11,11,0
Guorui Road,Huaihe Road,30040.86777,100046,100058,9,0,9,9,0
Junliangcheng,Meilin Road,30015.11899,100081,100098,6,1,5,2,3
Meilin Road,Junliangcheng,30015.11899,100098,100081,5,0,5,2,3
Jinnan Campus of Nankai University,North China Group,30010.15071,100075,100107,8,6,2,1,1
North China Group,Jinnan Campus of Nankai University,30010.15071,100107,100075,6,5,1,1,0
Yixingbu North,Donggu Road,30008.18466,100176,100026,84,28,56,31,25
Donggu Road,Yixingbu North,30008.18466,100026,100176,83,33,50,27,23
Junliangcheng,Yibin Road,30006.69393,100081,100171,26,9,17,11,6
Yibin Road,Junliangcheng,30006.69393,100171,100081,20,9,11,3,8
Xianyang Road,Junliangcheng,29967.39448,100153,100081,82,24,58,41,17
Junliangcheng,Xianyang Road,29967.39448,100081,100153,79,18,61,41,20
Xianshuigu West,Dengzhou Road,29942.04624,100152,100024,29,8,21,16,5
Dengzhou Road,Xianshuigu West,29942.04624,100024,100152,19,6,13,5,8
Jinnan Campus of Nankai University,Hangshuang Road,29933.3478,100075,100051,1,0,1,0,1
Xiaodong Zhuang,Fengchan River,29928.62705,100156,100039,2,1,1,1,0
Xuzhou Road,Steel Tube Company,29913.80694,100167,100127,1,0,1,1,0
Steel Tube Company,Xuzhou Road,29913.80694,100127,100167,1,0,1,1,0
Cao Zhuang,Guorui Road,29906.46043,100011,100046,23,7,16,10,6
Guorui Road,Cao Zhuang,29906.46043,100046,100011,22,10,12,7,5
Steel Tube Company,Jin Street,29892.54484,100127,100070,78,24,54,33,21
Jin Street,Steel Tube Company,29892.54484,100070,100127,64,12,52,34,18
Hehui South Road,Yuejin North Road,29892.27068,100052,100181,10,5,5,5,0
Yuejin North Road,Hehui South Road,29892.27068,100181,100052,6,2,4,3,1
Jingli Road,Xiaodong Zhuang,29882.81793,100073,100156,2,0,2,0,2
Guoshan Road,Junliangcheng,29877.18453,100047,100081,10,1,9,7,2
Junliangcheng,Guoshan Road,29877.18453,100081,100047,6,0,6,5,1
Xiangshan Road,Xianshuigu West,29854.39411,100151,100152,20,4,16,5,11
Xianshuigu West,Xiangshan Road,29854.39411,100152,100151,16,4,12,9,3
Xunhai Road,North Beichen Tech Park,29847.5208,100166,100106,3,2,1,1,0
North Beichen Tech Park,Xunhai Road,29847.5208,100106,100166,1,0,1,1,0
Gaozhuangzi,Xiaodian,29822.66032,100043,100155,22,5,17,8,9
Xiaodian,Gaozhuangzi,29822.66032,100155,100043,16,11,5,1,4
Junliangcheng,Jiangwan Erzhi Road,29813.47433,100081,100065,1,0,1,0,1
Jiangwan Erzhi Road,Junliangcheng,29813.47433,100065,100081,1,1,0,0,0
Haihe Education Zone,Professional University,29811.19588,100050,100112,13,6,7,2,5
Professional University,Haihe Education Zone,29811.19588,100112,100050,7,4,3,3,0
Wangdingdi,Junliangcheng,29807.0554,100145,100081,41,7,34,27,7
Junliangcheng,Wangdingdi,29807.0554,100081,100145,36,9,27,19,8
Huanyu Road,Xianshuigu West,29780.78844,100059,100152,1,1,0,0,0
Junliangcheng,Anshan West Road,29750.03023,100081,100003,78,19,59,31,28
Anshan West Road,Junliangcheng,29750.03023,100003,100081,74,14,60,36,24
Fuxing Road,Junliangcheng,29748.38906,100042,100081,18,6,12,5,7
Junliangcheng,Fuxing Road,29748.38906,100081,100042,14,6,8,6,2
Dongli Sanjing Road,Liuyuan,29729.87766,100032,100091,17,0,17,15,2
Liuyuan,Dongli Sanjing Road,29729.87766,100091,100032,14,0,14,10,4
People's Hospital,Junliangcheng,29708.11535,100111,100081,61,18,43,17,26
Junliangcheng,People's Hospital,29708.11535,100081,100111,60,15,45,28,17
South Station,Gaozhuangzi,29693.06286,100122,100043,376,223,153,65,88
Gaozhuangzi,South Station,29693.06286,100043,100122,310,55,255,60,195
Xuefu Industrial Area,Dongli Liujing Road,29686.5428,100163,100031,3,0,3,3,0
Dongli Liujing Road,Xuefu Industrial Area,29686.5428,100031,100163,2,0,2,2,0
Xianshuigu West,Bianxing,29683.76321,100152,100009,51,12,39,20,19
Bianxing,Xianshuigu West,29683.76321,100009,100152,50,14,36,21,15
Junliangcheng,Dongting Road,29671.08746,100081,100034,10,1,9,5,4
Dongting Road,Junliangcheng,29671.08746,100034,100081,10,1,9,8,1
Bei Zhulin,Junliangcheng,29644.81279,100004,100081,11,2,9,4,5
Junliangcheng,Bei Zhulin,29644.81279,100081,100004,4,1,3,3,0
Xianshuigu West,Liaohe North Road,29641.93891,100152,100084,16,0,16,8,8
Liaohe North Road,Xianshuigu West,29641.93891,100084,100152,16,3,13,8,5
Xianshuigu West,Dengzhou South Road,29634.78251,100152,100025,10,3,7,7,0
Dengzhou South Road,Xianshuigu West,29634.78251,100025,100152,10,4,6,6,0
Jinnan Campus of Nankai University,Jiayuan Li,29628.77369,100075,100067,10,4,6,3,3
Jiayuan Li,Jinnan Campus of Nankai University,29628.77369,100067,100075,3,1,2,1,1
Benxi Road,Hehui South Road,29626.44551,100008,100052,9,3,6,3,3
Hehui South Road,Benxi Road,29626.44551,100052,100008,8,6,2,1,1
Shuanglin,Junliangcheng,29602.80429,100119,100081,9,2,7,2,5
Junliangcheng,Shuanglin,29602.80429,100081,100119,8,2,6,2,4
Xianshuigu West,Xuefu Industrial Area,29602.24689,100152,100163,111,16,95,84,11
Xuefu Industrial Area,Xianshuigu West,29602.24689,100163,100152,106,9,97,78,19
National Exhibition Centre,Ruijing XinYuan,29592.06193,100105,100114,19,4,15,8,7
Ruijing XinYuan,National Exhibition Centre,29592.06193,100114,100105,19,7,12,9,3
National Exhibition Centre,Nanhe Zhuang,29572.56681,100105,100101,5,4,1,0,1
Nanhe Zhuang,National Exhibition Centre,29572.56681,100101,100105,3,1,2,0,2
Guorui Road,High-Tech Zone,29572.03597,100046,100054,6,1,5,3,2
High-Tech Zone,Guorui Road,29572.03597,100054,100046,6,1,5,3,2
Xuzhuangzi,Junliangcheng,29567.05341,100168,100081,14,5,9,3,6
Junliangcheng,Xuzhuangzi,29567.05341,100081,100168,13,1,12,7,5
Xiaodong Zhuang,Professional University,29563.78091,100156,100112,34,19,15,9,6
Professional University,Xiaodong Zhuang,29563.78091,100112,100156,32,8,24,14,10
Haihe Education Zone,Airport Economic Zone,29526.7922,100050,100001,10,0,10,6,4
Airport Economic Zone,Haihe Education Zone,29526.7922,100001,100050,8,3,5,5,0
Steel Tube Company,Xikang Road,29526.35952,100127,100158,128,40,88,64,24
Xikang Road,Steel Tube Company,29526.35952,100158,100127,124,31,93,71,22
Xianshuigu West,Laoshan Road,29513.3908,100152,100082,14,11,3,2,1
Laoshan Road,Xianshuigu West,29513.3908,100082,100152,8,3,5,1,4
Steel Tube Company,Xingfu Park,29511.92331,100127,100159,109,22,87,53,34
Xingfu Park,Steel Tube Company,29511.92331,100159,100127,96,28,68,44,24
Second hospital of the Medical University,Steel Tube Company,29509.40402,100115,100127,21,10,11,3,8
Steel Tube Company,Second hospital of the Medical University,29509.40402,100127,100115,16,1,15,7,8
Jiayuan Li,Guorui Road,29508.82244,100067,100046,13,4,9,6,3
Guorui Road,Jiayuan Li,29508.82244,100046,100067,12,2,10,6,4
Junliangcheng,Zhangxing Zhuang,29489.50242,100081,100185,27,13,14,7,7
Zhangxing Zhuang,Junliangcheng,29489.50242,100185,100081,19,3,16,11,5
Jingli Road,Danhebei Road,29483.77452,100073,100022,1,0,1,1,0
Junliangcheng,Jiefang South Road,29474.31407,100081,100068,38,14,24,13,11
Jiefang South Road,Junliangcheng,29474.31407,100068,100081,38,14,24,15,9
Steel Tube Company,Cuifu New Village,29465.8001,100127,100019,29,4,25,21,4
Cuifu New Village,Steel Tube Company,29465.8001,100019,100127,20,7,13,6,7
Binhai International Airport,Xiaodong Zhuang,29461.00907,100010,100156,28,8,20,12,8
Xiaodong Zhuang,Binhai International Airport,29461.00907,100156,100010,22,3,19,12,7
Donggu Road,Xinli,29456.16984,100026,100161,6,2,4,2,2
Xinli,Donggu Road,29456.16984,100161,100026,4,3,1,0,1
Yangwu Zhuang,Hehui South Road,29447.93394,100169,100052,20,8,12,5,7
Hehui South Road,Yangwu Zhuang,29447.93394,100052,100169,13,6,7,2,5
Dabi Zhuang,Guorui Road,29435.17468,100021,100046,6,3,3,0,3
Guorui Road,Dabi Zhuang,29435.17468,100046,100021,1,1,0,0,0
Xiaodian,Dongli Liujing Road,29416.32215,100155,100031,1,0,1,0,1
Donggu Road,Yixingbu,29402.85398,100026,100175,73,20,53,34,19
Yixingbu,Donggu Road,29402.85398,100175,100026,71,30,41,28,13
Fengchan River,Beiyangyuan Campus of Tianjin University,29385.92456,100039,100007,1,1,0,0,0
Huaihe Road,Jinnan Campus of Nankai University,29384.0293,100058,100075,17,7,10,10,0
Jinnan Campus of Nankai University,Huaihe Road,29384.0293,100075,100058,15,6,9,9,0
Junliangcheng,Tiantuo,29370.04,100081,100138,34,3,31,25,6
Tiantuo,Junliangcheng,29370.04,100138,100081,32,8,24,21,3
Gaozhuangzi,Beichen Road,29369.70418,100043,100005,30,8,22,9,13
Beichen Road,Gaozhuangzi,29369.70418,100005,100043,23,13,10,4,6
Junliangcheng,Yuejin North Road,29363.79017,100081,100181,4,1,3,2,1
Yuejin North Road,Junliangcheng,29363.79017,100181,100081,2,1,1,1,0
Southeast Corner,Steel Tube Company,29354.47487,100123,100127,258,102,156,93,63
Steel Tube Company,Southeast Corner,29354.47487,100127,100123,257,94,163,108,55
Dongli Yijing Road,South Station,29348.22349,100033,100122,6,3,3,0,3
South Station,Dongli Yijing Road,29348.22349,100122,100033,5,0,5,0,5
Liuwei Road,Steel Tube Company,29319.90267,100090,100127,2,0,2,2,0
Steel Tube Company,Liuwei Road,29319.90267,100127,100090,2,1,1,0,1
Dongli Development Zone,Haihe Education Zone,29310.03409,100030,100050,3,1,2,1,1
Haihe Education Zone,Dongli Development Zone,29310.03409,100050,100030,3,1,2,1,1
Steel Tube Company,Anshan Road,29299.63147,100127,100002,274,73,201,133,68
Anshan Road,Steel Tube Company,29299.63147,100002,100127,250,59,191,73,118
Binhai International Airport,Donggu Road,29295.66862,100010,100026,212,74,138,45,93
Donggu Road,Binhai International Airport,29295.66862,100026,100010,163,61,102,48,54
Shuanggang,North Beichen Tech Park,29285.00741,100118,100106,9,2,7,5,2
North Beichen Tech Park,Shuanggang,29285.00741,100106,100118,8,1,7,4,3
Jianshan Road,Steel Tube Company,29283.6867,100066,100127,27,7,20,7,13
Steel Tube Company,Jianshan Road,29283.6867,100127,100066,17,3,14,6,8
Junliangcheng,Liulin Road,29264.64082,100081,100089,1,1,0,0,0
Liulin Road,Junliangcheng,29264.64082,100089,100081,1,1,0,0,0
Donggu Road,Jieyuan West Road,29260.67835,100026,100069,162,44,118,58,60
Jieyuan West Road,Donggu Road,29260.67835,100069,100026,149,55,94,47,47
Dongli Culture and Sports Centre,Xiaodong Zhuang,29260.54554,100029,100156,1,1,0,0,0
Wandong Road,Steel Tube Company,29240.7159,100144,100127,18,6,12,6,6
Steel Tube Company,Wandong Road,29240.7159,100127,100144,14,3,11,3,8
Steel Tube Company,Shunchi Bridge,29235.59494,100127,100120,73,24,49,36,13
Shunchi Bridge,Steel Tube Company,29235.59494,100120,100127,73,21,52,36,16
Jiayuan Li,Dongli Liujing Road,29194.54663,100067,100031,10,3,7,5,2
Dongli Liujing Road,Jiayuan Li,29194.54663,100031,100067,8,2,6,3,3
Xinxing Village,South Station,29164.32264,100162,100122,12,2,10,1,9
South Station,Xinxing Village,29164.32264,100122,100162,8,3,5,3,2
National Exhibition Centre,Huaihe Road,29160.67173,100105,100058,6,0,6,2,4
Huaihe Road,National Exhibition Centre,29160.67173,100058,100105,5,1,4,3,1
Qinjian Road,Xianshuigu West,29143.48263,100113,100152,99,22,77,22,55
Xianshuigu West,Qinjian Road,29143.48263,100152,100113,90,49,41,25,16
Ruijing XinYuan,Haihe Education Zone,29140.23423,100114,100050,11,0,11,5,6
Haihe Education Zone,Ruijing XinYuan,29140.23423,100050,100114,8,0,8,6,2
Junliangcheng,Yizhongxin Hospital,29135.08988,100081,100177,90,22,68,49,19
Yizhongxin Hospital,Junliangcheng,29135.08988,100177,100081,73,18,55,38,17
Beiyangyuan Campus of Tianjin University,Liuyuan,29120.88667,100007,100091,36,18,18,8,10
Liuyuan,Beiyangyuan Campus of Tianjin University,29120.88667,100091,100007,30,12,18,7,11
Dongli Liujing Road,Cao Zhuang,29117.28593,100031,100011,10,0,10,8,2
Cao Zhuang,Dongli Liujing Road,29117.28593,100011,100031,6,1,5,4,1
South Station,Jinnan Campus of Nankai University,29116.73927,100122,100075,187,80,107,41,66
Jinnan Campus of Nankai University,South Station,29116.73927,100075,100122,152,60,92,38,54
Steel Tube Company,Jinshi Bridge,29108.51401,100127,100076,172,38,134,87,47
Jinshi Bridge,Steel Tube Company,29108.51401,100076,100127,163,52,111,84,27
Wanshan Road,Xianshuigu West,29079.88094,100146,100152,2,1,1,1,0
Xianshuigu West,Wanshan Road,29079.88094,100152,100146,2,0,2,0,2
Steel Tube Company,Chentang Zhuang,29072.45792,100127,100015,57,5,52,47,5
Chentang Zhuang,Steel Tube Company,29072.45792,100015,100127,38,5,33,18,15
Beiyangyuan Campus of Tianjin University,Professional University,29063.6622,100007,100112,9,5,4,4,0
Professional University,Beiyangyuan Campus of Tianjin University,29063.6622,100112,100007,3,1,2,0,2
Xianshuigu West,Fangshan Road,29060.17611,100152,100038,2,0,2,0,2
Fangshan Road,Xianshuigu West,29060.17611,100038,100152,1,0,1,1,0
Liaohe North Road,Hehui South Road,29043.9822,100084,100052,17,4,13,12,1
Hehui South Road,Liaohe North Road,29043.9822,100052,100084,13,2,11,6,5
Xiaodong Zhuang,Donghai Road,29037.30502,100156,100027,795,176,619,472,147
Donghai Road,Xiaodong Zhuang,29037.30502,100027,100156,725,198,527,367,160
Xiaodong Zhuang,Jiayuan Li,29028.72546,100156,100067,22,2,20,13,7
Jiayuan Li,Xiaodong Zhuang,29028.72546,100067,100156,17,1,16,8,8
Lilou,North Beichen Tech Park,29027.29833,100086,100106,20,5,15,10,5
North Beichen Tech Park,Lilou,29027.29833,100106,100086,12,6,6,4,2
Cao Zhuang,Jinnan Campus of Nankai University,29022.8104,100011,100075,16,11,5,3,2
Jinnan Campus of Nankai University,Cao Zhuang,29022.8104,100075,100011,14,5,9,2,7
Hongqi South Road,Junliangcheng,29017.76056,100057,100081,76,19,57,25,32
Junliangcheng,Hongqi South Road,29017.76056,100081,100057,73,20,53,39,14
National Exhibition Centre,Cao Zhuang,29016.24321,100105,100011,43,13,30,9,21
Cao Zhuang,National Exhibition Centre,29016.24321,100011,100105,18,10,8,8,0
Dengzhou Road,Hehui South Road,29012.8885,100024,100052,4,2,2,1,1
Hehui South Road,Dengzhou Road,29012.8885,100052,100024,1,1,0,0,0
West Station,Junliangcheng,29010.73142,100149,100081,460,185,275,78,197
Junliangcheng,West Station,29010.73142,100081,100149,287,100,187,87,100
Heping Road,Steel Tube Company,28988.15282,100053,100127,478,200,278,114,164
Steel Tube Company,Heping Road,28988.15282,100127,100053,336,122,214,99,115
Xuzhuangzi,Donggu Road,28983.75952,100168,100026,18,5,13,8,5
Donggu Road,Xuzhuangzi,28983.75952,100026,100168,7,0,7,5,2
Xiaodong Zhuang,Hongni River East,28979.22704,100156,100056,2,0,2,0,2
Xiaodong Zhuang,High-Tech Zone,28979.202,100156,100054,91,20,71,48,23
High-Tech Zone,Xiaodong Zhuang,28979.202,100054,100156,75,15,60,41,19
Zhicheng Road,Junliangcheng,28969.75325,100187,100081,16,4,12,10,2
Junliangcheng,Zhicheng Road,28969.75325,100081,100187,14,6,8,5,3
Liaohe North Road,Guorui Road,28958.77737,100084,100046,10,0,10,9,1
Guorui Road,Liaohe North Road,28958.77737,100046,100084,8,0,8,7,1
Xinli,Jinnan Campus of Nankai University,28955.15698,100161,100075,2,2,0,0,0
Liuyuan,Dongli Yijing Road,28942.27179,100091,100033,10,2,8,2,6
Dongli Yijing Road,Liuyuan,28942.27179,100033,100091,5,0,5,5,0
Nansun Zhuang,Gaozhuangzi,28930.65712,100103,100043,3,3,0,0,0
Cao Zhuang,Xiaodong Zhuang,28929.7654,100011,100156,161,37,124,65,59
Xiaodong Zhuang,Cao Zhuang,28929.7654,100156,100011,152,50,102,57,45
Steel Tube Company,Tianjin Hotel,28915.11807,100127,100134,88,10,78,54,24
Tianjin Hotel,Steel Tube Company,28915.11807,100134,100127,80,10,70,52,18
Jinghe Road,Xiaodong Zhuang,28903.50257,100071,100156,1,0,1,1,0
Yingfeng Road,Junliangcheng,28891.24695,100173,100081,38,10,28,19,9
Junliangcheng,Yingfeng Road,28891.24695,100081,100173,31,10,21,16,5
Lijiang Road,Junliangcheng,28877.88088,100085,100081,6,1,5,1,4
Junliangcheng,Lijiang Road,28877.88088,100081,100085,1,0,1,1,0
Tianshili,Xianshuigu West,28876.83772,100136,100152,4,1,3,1,2
Xianshuigu West,Tianshili,28876.83772,100152,100136,2,1,1,0,1
Xianshuigu West,Shuanglin,28870.45514,100152,100119,8,3,5,1,4
Shuanglin,Xianshuigu West,28870.45514,100119,100152,2,0,2,2,0
Fengchan River,Gaozhuangzi,28853.40919,100039,100043,8,7,1,1,0
Gaozhuangzi,Fengchan River,28853.40919,100043,100039,6,4,2,0,2
Xinli,Tanggu,28826.91556,100161,100131,1838,494,1344,761,583
Tanggu,Xinli,28826.91556,100131,100161,1761,472,1289,692,597
North China Group,Haihe Education Zone,28793.33598,100107,100050,15,7,8,3,5
Haihe Education Zone,North China Group,28793.33598,100050,100107,5,2,3,0,3
Bianxing,Hehui South Road,28775.24028,100009,100052,2,2,0,0,0
Hehui South Road,Bianxing,28775.24028,100052,100009,1,0,1,0,1
Yixingbu North,Xianshuigu West,28774.802,100176,100152,55,16,39,22,17
Xianshuigu West,Yixingbu North,28774.802,100152,100176,44,11,33,23,10
Leyuan Road,Steel Tube Company,28772.12916,100083,100127,29,13,16,5,11
Steel Tube Company,Leyuan Road,28772.12916,100127,100083,17,6,11,6,5
Tiantai Road,Junliangcheng,28767.83755,100137,100081,33,13,20,9,11
Junliangcheng,Tiantai Road,28767.83755,100081,100137,25,5,20,10,10
Hujiayuan,Yihao Bridge,28747.62277,100062,100172,492,97,395,289,106
Yihao Bridge,Hujiayuan,28747.62277,100172,100062,450,75,375,200,175
Changhong Park,Junliangcheng,28742.46992,100012,100081,108,32,76,43,33
Junliangcheng,Changhong Park,28742.46992,100081,100012,88,23,65,37,28
North Beichen Tech Park,Yangwu Zhuang,28739.71225,100106,100169,8,3,5,1,4
Yangwu Zhuang,North Beichen Tech Park,28739.71225,100169,100106,6,4,2,1,1
Junliangcheng,Chinese Medicine First Affiliated Hospital,28738.79893,100081,100016,85,39,46,30,16
Chinese Medicine First Affiliated Hospital,Junliangcheng,28738.79893,100016,100081,77,34,43,15,28
North Beichen Tech Park,Dongli Culture and Sports Centre,28738.41581,100106,100029,2,2,0,0,0
Ruijing XinYuan,Dongli Sanjing Road,28728.65553,100114,100032,19,1,18,11,7
Dongli Sanjing Road,Ruijing XinYuan,28728.65553,100032,100114,16,2,14,11,3
Xianshuigu West,Jieyuan West Road,28719.38834,100152,100069,97,29,68,41,27
Jieyuan West Road,Xianshuigu West,28719.38834,100069,100152,90,28,62,36,26
Meijiang Exhibition Centre,Junliangcheng,28708.62327,100095,100081,29,6,23,13,10
Junliangcheng,Meijiang Exhibition Centre,28708.62327,100081,100095,25,11,14,6,8
Hehui South Road,Dengzhou South Road,28705.62478,100052,100025,4,0,4,3,1
Dengzhou South Road,Hehui South Road,28705.62478,100025,100052,4,0,4,1,3
Zhangxing Zhuang,Donggu Road,28697.89818,100185,100026,34,13,21,12,9
Donggu Road,Zhangxing Zhuang,28697.89818,100026,100185,31,5,26,14,12
Donggu Road,Qinjian Road,28697.47405,100026,100113,564,260,304,217,87
Qinjian Road,Donggu Road,28697.47405,100113,100026,446,125,321,170,151
National Exhibition Centre,High-Tech Zone,28691.83993,100105,100054,12,2,10,5,5
High-Tech Zone,National Exhibition Centre,28691.83993,100054,100105,8,2,6,5,1
Yaohuan Road,Junliangcheng,28690.4301,100170,100081,5,2,3,1,2
Junliangcheng,Yaohuan Road,28690.4301,100081,100170,3,1,2,0,2
Xiaodong Zhuang,Exhibition Centre,28689.57273,100156,100037,356,84,272,196,76
Exhibition Centre,Xiaodong Zhuang,28689.57273,100037,100156,327,78,249,124,125
Xianshuigu West,Zhanggui Zhuang,28658.54899,100152,100184,30,10,20,7,13
Zhanggui Zhuang,Xianshuigu West,28658.54899,100184,100152,20,14,6,1,5
Yuanyang International Centre,Steel Tube Company,28657.48568,100179,100127,109,20,89,42,47
Steel Tube Company,Yuanyang International Centre,28657.48568,100127,100179,107,22,85,63,22
North China Group,Xiaodong Zhuang,28643.58561,100107,100156,73,23,50,14,36
Xiaodong Zhuang,North China Group,28643.58561,100156,100107,64,25,39,14,25
Junliangcheng,Dengzhou Road,28626.61415,100081,100024,24,7,17,13,4
Dengzhou Road,Junliangcheng,28626.61415,100024,100081,15,3,12,10,2
National Exhibition Centre,Jiayuan Li,28591.54615,100105,100067,14,1,13,8,5
Jiayuan Li,National Exhibition Centre,28591.54615,100067,100105,10,0,10,7,3
Jinnan Campus of Nankai University,Yuejin North Road,28588.93659,100075,100181,1,1,0,0,0
Yuejin North Road,Jinnan Campus of Nankai University,28588.93659,100181,100075,1,0,1,0,1
Hehui South Road,Xuefu Industrial Area,28584.66529,100052,100163,52,1,51,47,4
Xuefu Industrial Area,Hehui South Road,28584.66529,100163,100052,42,0,42,36,6
Hehui South Road,Laoshan Road,28584.23307,100052,100082,1,0,1,1,0
Laoshan Road,Hehui South Road,28584.23307,100082,100052,1,0,1,0,1
North Beichen Tech Park,Chunhai Road,28579.79187,100106,100017,7,2,5,5,0
Chunhai Road,North Beichen Tech Park,28579.79187,100017,100106,6,1,5,5,0
Yangwu Zhuang,Gaozhuangzi,28579.30702,100169,100043,35,15,20,16,4
Gaozhuangzi,Yangwu Zhuang,28579.30702,100043,100169,32,1,31,25,6
University of Civil Aviation,Beiyangyuan Campus of Tianjin University,28579.01206,100142,100007,10,8,2,2,0
Beiyangyuan Campus of Tianjin University,University of Civil Aviation,28579.01206,100007,100142,9,7,2,1,1
Dabi Zhuang,National Exhibition Centre,28554.97864,100021,100105,6,3,3,1,2
National Exhibition Centre,Dabi Zhuang,28554.97864,100105,100021,4,1,3,1,2
University town,Guorui Road,28545.94065,100143,100046,17,8,9,7,2
Guorui Road,University town,28545.94065,100046,100143,13,4,9,4,5
Liulin Road,Xianshuigu West,28532.29167,100089,100152,7,3,4,1,3
Xianshuigu West,Liulin Road,28532.29167,100152,100089,4,2,2,2,0
Yudongcheng,Xianshuigu West,28514.71739,100180,100152,61,15,46,21,25
Xianshuigu West,Yudongcheng,28514.71739,100152,100180,44,13,31,18,13
Taida,Dongli Development Zone,28511.07818,100129,100030,747,168,579,384,195
Dongli Development Zone,Taida,28511.07818,100030,100129,698,174,524,377,147
Foreign Languages High School,Donggu Road,28502.97134,100040,100026,10,0,10,5,5
Donggu Road,Foreign Languages High School,28502.97134,100026,100040,9,3,6,4,2
Tiedong Road,Donggu Road,28496.83513,100139,100026,97,40,57,30,27
Donggu Road,Tiedong Road,28496.83513,100026,100139,95,25,70,35,35
Siyuan Road,Junliangcheng,28480.12245,100121,100081,3,1,2,2,0
Junliangcheng,Siyuan Road,28480.12245,100081,100121,2,0,2,1,1
Xunhai Road,South Station,28473.60527,100166,100122,18,16,2,1,1
South Station,Xunhai Road,28473.60527,100122,100166,7,4,3,1,2
Jinnan Campus of Nankai University,Benxi Road,28451.16532,100075,100008,12,10,2,2,0
Benxi Road,Jinnan Campus of Nankai University,28451.16532,100008,100075,9,7,2,2,0
Beiyangyuan Campus of Tianjin University,Airport Economic Zone,28450.09077,100007,100001,19,8,11,4,7
Airport Economic Zone,Beiyangyuan Campus of Tianjin University,28450.09077,100001,100007,16,11,5,1,4
Steel Tube Company,Jianguo Road,28449.19321,100127,100064,101,33,68,42,26
Jianguo Road,Steel Tube Company,28449.19321,100064,100127,82,25,57,37,20
Guorui Road,JinZhong Street,28448.27348,100046,100080,5,2,3,1,2
JinZhong Street,Guorui Road,28448.27348,100080,100046,5,2,3,1,2
Yingkou Road,Steel Tube Company,28434.39627,100174,100127,741,317,424,195,229
Steel Tube Company,Yingkou Road,28434.39627,100127,100174,700,278,422,225,197
Junliangcheng,Xiangshan Road,28396.75586,100081,100151,3,0,3,2,1
Xiangshan Road,Junliangcheng,28396.75586,100151,100081,3,1,2,1,1
Guorui Road,Tianshili,28390.97438,100046,100136,2,0,2,2,0
Steel Tube Company,Jinwan Square,28381.88732,100127,100078,142,29,113,81,32
Jinwan Square,Steel Tube Company,28381.88732,100078,100127,134,31,103,55,48
Hongni River East,Xiaodian,28361.94532,100056,100155,11,1,10,10,0
Xiaodian,Hongni River East,28361.94532,100155,100056,8,1,7,6,1
Donggu Road,Lushui Road,28359.03151,100026,100093,1,1,0,0,0
Donggu Road,Beining Park,28358.04436,100026,100006,58,12,46,30,16
Beining Park,Donggu Road,28358.04436,100006,100026,44,8,36,22,14
Guorui Road,Bianxing,28350.26132,100046,100009,6,4,2,1,1
Bianxing,Guorui Road,28350.26132,100009,100046,4,3,1,1,0
Donggu Road,Huayuan,28344.82102,100026,100061,556,68,488,419,69
Huayuan,Donggu Road,28344.82102,100061,100026,551,67,484,326,158
Junliangcheng,Zhou and Deng Memorial Museum,28344.01904,100081,100191,49,13,36,19,17
Zhou and Deng Memorial Museum,Junliangcheng,28344.01904,100191,100081,47,13,34,24,10
Taichang Road,Steel Tube Company,28314.04798,100128,100127,102,32,70,29,41
Steel Tube Company,Taichang Road,28314.04798,100127,100128,86,22,64,40,24
Hehui South Road,Qinjian Road,28312.0995,100052,100113,18,8,10,7,3
Qinjian Road,Hehui South Road,28312.0995,100113,100052,17,8,9,4,5
Steel Tube Company,Jingjiang Road,28302.83391,100127,100072,90,20,70,47,23
Jingjiang Road,Steel Tube Company,28302.83391,100072,100127,87,14,73,49,24
Benxi Road,Guorui Road,28294.3198,100008,100046,29,7,22,13,9
Guorui Road,Benxi Road,28294.3198,100046,100008,17,6,11,6,5
Tianshili,Hehui South Road,28278.88101,100136,100052,3,2,1,0,1
Hehui South Road,Tianshili,28278.88101,100052,100136,2,0,2,0,2
Donggu Road,Tiantai Road,28271.34442,100026,100137,114,36,78,46,32
Tiantai Road,Donggu Road,28271.34442,100137,100026,113,53,60,37,23
Shaliu South Road,Xianshuigu West,28255.05155,100116,100152,17,3,14,9,5
Xianshuigu West,Shaliu South Road,28255.05155,100152,100116,10,6,4,3,1
South Station,Dongli Development Zone,28240.54047,100122,100030,452,93,359,160,199
Dongli Development Zone,South Station,28240.54047,100030,100122,271,88,183,114,69
Beiyangyuan Campus of Tianjin University,Dongli Development Zone,28233.33267,100007,100030,12,8,4,3,1
Dongli Development Zone,Beiyangyuan Campus of Tianjin University,28233.33267,100030,100007,10,8,2,1,1
South Station,Hongni River East,28232.34786,100122,100056,117,31,86,36,50
Hongni River East,South Station,28232.34786,100056,100122,56,15,41,26,15
Jinnan Campus of Nankai University,Liaohe North Road,28218.05464,100075,100084,2,0,2,2,0
Shuanggang,Guorui Road,28207.9951,100118,100046,1,0,1,0,1
Junliangcheng,Laoshan Road,28197.95871,100081,100082,2,0,2,2,0
Laoshan Road,Junliangcheng,28197.95871,100082,100081,1,0,1,0,1
Junliangcheng,Nancuiping,28194.20323,100081,100100,30,9,21,14,7
Nancuiping,Junliangcheng,28194.20323,100100,100081,27,6,21,15,6
Junliangcheng,Dengzhou South Road,28177.14427,100081,100025,3,2,1,0,1
Dengzhou South Road,Junliangcheng,28177.14427,100025,100081,2,0,2,1,1
Hehui South Road,Yixingbu North,28176.84529,100052,100176,9,3,6,3,3
Yixingbu North,Hehui South Road,28176.84529,100176,100052,8,4,4,0,4
Haihe Education Zone,Huaihe Road,28167.21457,100050,100058,8,0,8,7,1
Huaihe Road,Haihe Education Zone,28167.21457,100058,100050,2,0,2,2,0
Gaozhuangzi,Professional University,28155.41971,100043,100112,71,27,44,18,26
Professional University,Gaozhuangzi,28155.41971,100112,100043,69,21,48,24,24
Xiaodong Zhuang,Taihu Road,28154.54374,100156,100130,279,51,228,185,43
Taihu Road,Xiaodong Zhuang,28154.54374,100130,100156,265,56,209,138,71
Yixingbu North,Guorui Road,28151.88481,100176,100046,3,1,2,1,1
Guorui Road,Yixingbu North,28151.88481,100046,100176,2,1,1,0,1
Junliangcheng,Foreign Languages High School,28147.25376,100081,100040,12,3,9,5,4
Foreign Languages High School,Junliangcheng,28147.25376,100040,100081,10,4,6,0,6
Zhicheng Road,Donggu Road,28145.24028,100187,100026,51,14,37,21,16
Donggu Road,Zhicheng Road,28145.24028,100026,100187,49,11,38,15,23
Tiedong Road,Junliangcheng,28141.11754,100139,100081,71,15,56,35,21
Junliangcheng,Tiedong Road,28141.11754,100081,100139,52,11,41,25,16
Hehui South Road,Fangshan Road,28131.01838,100052,100038,2,0,2,2,0
Fangshan Road,Hehui South Road,28131.01838,100038,100052,2,0,2,2,0
Ruijing XinYuan,Beiyangyuan Campus of Tianjin University,28128.26009,100114,100007,15,5,10,7,3
Beiyangyuan Campus of Tianjin University,Ruijing XinYuan,28128.26009,100007,100114,14,5,9,3,6
Junliangcheng,The Financial University,28127.59127,100081,100132,18,8,10,2,8
The Financial University,Junliangcheng,28127.59127,100132,100081,16,9,7,3,4
Honghu Li,Xianshuigu West,28117.16433,100055,100152,86,40,46,22,24
Xianshuigu West,Honghu Li,28117.16433,100152,100055,77,38,39,10,29
Dongli Liujing Road,Professional University,28116.08483,100031,100112,6,2,4,4,0
Professional University,Dongli Liujing Road,28116.08483,100112,100031,5,0,5,5,0
Jingli Road,Binhai International Airport,28109.61545,100073,100010,17,3,14,7,7
Binhai International Airport,Jingli Road,28109.61545,100010,100073,16,5,11,8,3
North Beichen Tech Park,Xinli,28109.55237,100106,100161,18,7,11,2,9
Xinli,North Beichen Tech Park,28109.55237,100161,100106,10,6,4,4,0
Dongli Liujing Road,High-Tech Zone,28107.65567,100031,100054,2,0,2,1,1
High-Tech Zone,Dongli Liujing Road,28107.65567,100054,100031,1,0,1,0,1
Haihe Education Zone,Jiayuan Li,28091.42379,100050,100067,4,2,2,0,2
Jiayuan Li,Haihe Education Zone,28091.42379,100067,100050,2,0,2,2,0
Magangchang,Xianshuigu West,28079.23269,100094,100152,3,0,3,0,3
Xianshuigu West,Magangchang,28079.23269,100152,100094,1,0,1,0,1
National Exhibition Centre,Liaohe North Road,28078.58133,100105,100084,1,1,0,0,0
Benxi Road,Dongli Liujing Road,28078.12745,100008,100031,5,0,5,4,1
Dongli Liujing Road,Benxi Road,28078.12745,100031,100008,4,1,3,2,1
Liuyuan,Xunhai Road,28067.65357,100091,100166,13,6,7,1,6
Xunhai Road,Liuyuan,28067.65357,100166,100091,12,7,5,1,4
North China Group,Beiyangyuan Campus of Tianjin University,28045.8023,100107,100007,11,8,3,1,2
Beiyangyuan Campus of Tianjin University,North China Group,28045.8023,100007,100107,10,7,3,1,2
Junliangcheng,Jianchang Road,28044.41883,100081,100063,21,6,15,8,7
Jianchang Road,Junliangcheng,28044.41883,100063,100081,18,10,8,3,5
Junliangcheng,Minquan Gate,28038.26995,100081,100099,28,6,22,15,7
Minquan Gate,Junliangcheng,28038.26995,100099,100081,19,5,14,8,6
Danhebei Road,Dongli Development Zone,28037.73896,100022,100030,2,0,2,1,1
Dongli Development Zone,Danhebei Road,28037.73896,100030,100022,1,0,1,1,0
Xianshuigu West,Yixingbu,28032.41746,100152,100175,24,8,16,8,8
Yixingbu,Xianshuigu West,28032.41746,100175,100152,18,3,15,4,11
High-Tech Zone,Xianshuigu West,28023.35977,100054,100152,268,57,211,148,63
Xianshuigu West,High-Tech Zone,28023.35977,100152,100054,249,63,186,143,43
Jinnan Campus of Nankai University,Yangwu Zhuang,28002.98343,100075,100169,9,3,6,6,0
Yangwu Zhuang,Jinnan Campus of Nankai University,28002.98343,100169,100075,8,0,8,7,1
Beining Park,Junliangcheng,28002.32678,100006,100081,16,5,11,7,4
Junliangcheng,Beining Park,28002.32678,100081,100006,14,6,8,5,3
Danhebei Road,South Station,27996.87907,100022,100122,6,3,3,0,3
South Station,Danhebei Road,27996.87907,100122,100022,4,0,4,3,1
Nanhe Zhuang,Xiaodong Zhuang,27979.39467,100101,100156,14,5,9,6,3
Xiaodong Zhuang,Nanhe Zhuang,27979.39467,100156,100101,11,3,8,4,4
Xiaodong Zhuang,Huaihe Road,27972.87061,100156,100058,26,7,19,11,8
Huaihe Road,Xiaodong Zhuang,27972.87061,100058,100156,20,8,12,11,1
Xinxing Village,Yangwu Zhuang,27971.00566,100162,100169,4,0,4,3,1
Gaozhuangzi,Liuyuan,27965.76747,100043,100091,605,84,521,162,359
Liuyuan,Gaozhuangzi,27965.76747,100091,100043,565,367,198,99,99
Steel Tube Company,Cultural centre,27959.08675,100127,100020,113,49,64,26,38
Cultural centre,Steel Tube Company,27959.08675,100020,100127,102,42,60,24,36
Xiaodong Zhuang,University town,27953.10668,100156,100143,81,33,48,24,24
University town,Xiaodong Zhuang,27953.10668,100143,100156,76,13,63,31,32
Shuanglin,Hehui South Road,27941.2974,100119,100052,1,0,1,1,0
Ruijing XinYuan,Dongli Yijing Road,27941.04966,100114,100033,4,1,3,3,0
Dongli Yijing Road,Ruijing XinYuan,27941.04966,100033,100114,2,0,2,2,0
North Beichen Tech Park,Xuefu Industrial Area,27930.18762,100106,100163,49,6,43,38,5
Xuefu Industrial Area,North Beichen Tech Park,27930.18762,100163,100106,42,3,39,31,8
Beichen Road,Jingli Road,27921.48927,100005,100073,8,3,5,2,3
Jingli Road,Beichen Road,27921.48927,100073,100005,8,2,6,3,3
Xiaodong Zhuang,Benxi Road,27912.30628,100156,100008,36,10,26,19,7
Benxi Road,Xiaodong Zhuang,27912.30628,100008,100156,32,4,28,16,12
Yibin Road,Donggu Road,27910.85377,100171,100026,64,24,40,24,16
Donggu Road,Yibin Road,27910.85377,100026,100171,56,11,45,30,15
Hongni River East,Beichen Road,27908.98918,100056,100005,9,2,7,3,4
Beichen Road,Hongni River East,27908.98918,100005,100056,2,1,1,1,0
Zhaoyuan Road,Xiaodong Zhuang,27904.2485,100186,100156,1,0,1,1,0
Donggu Road,Xianyang Road,27872.33375,100026,100153,167,32,135,96,39
Xianyang Road,Donggu Road,27872.33375,100153,100026,166,39,127,85,42
Hujiayuan,Number Two Bridge,27866.10969,100062,100110,224,42,182,125,57
Number Two Bridge,Hujiayuan,27866.10969,100110,100062,198,49,149,82,67
Dongli Sanjing Road,Beichen Road,27861.94351,100032,100005,4,0,4,4,0
Junliangcheng,Meijiang Park,27829.79988,100081,100096,6,1,5,1,4
Meijiang Park,Junliangcheng,27829.79988,100096,100081,1,1,0,0,0
Changling Road,Junliangcheng,27816.85869,100013,100081,31,9,22,12,10
Junliangcheng,Changling Road,27816.85869,100081,100013,29,18,11,5,6
Junliangcheng,Northwest Corner,27812.11616,100081,100109,185,66,119,68,51
Northwest Corner,Junliangcheng,27812.11616,100109,100081,147,48,99,40,59
South Station,Nansun Zhuang,27811.82804,100122,100103,17,4,13,7,6
Nansun Zhuang,South Station,27811.82804,100103,100122,10,3,7,2,5
Hehui South Road,Jieyuan West Road,27810.86542,100052,100069,12,2,10,6,4
Jieyuan West Road,Hehui South Road,27810.86542,100069,100052,12,6,6,3,3
Magangchang,North Beichen Tech Park,27759.26283,100094,100106,5,2,3,2,1
North Beichen Tech Park,Magangchang,27759.26283,100106,100094,4,2,2,0,2
Steel Tube Company,Tucheng,27753.0614,100127,100140,94,20,74,46,28
Tucheng,Steel Tube Company,27753.0614,100140,100127,74,17,57,23,34
Jingli Road,Xiaodian,27742.29605,100073,100155,12,1,11,10,1
Xiaodian,Jingli Road,27742.29605,100155,100073,10,0,10,8,2
Siyuan Road,Donggu Road,27735.82704,100121,100026,12,4,8,6,2
Donggu Road,Siyuan Road,27735.82704,100026,100121,9,1,8,3,5
Zhanggui Zhuang,Hehui South Road,27729.39125,100184,100052,6,0,6,6,0
Hehui South Road,Zhanggui Zhuang,27729.39125,100052,100184,5,1,4,2,2
Gaozhuangzi,Xuefu Industrial Area,27716.03838,100043,100163,27,4,23,22,1
Xuefu Industrial Area,Gaozhuangzi,27716.03838,100163,100043,19,2,17,15,2
Dengzhou Road,Jinnan Campus of Nankai University,27709.55442,100024,100075,7,3,4,2,2
Jinnan Campus of Nankai University,Dengzhou Road,27709.55442,100075,100024,4,1,3,3,0
Guangkaisima Road,Junliangcheng,27677.9297,100044,100081,83,13,70,47,23
Junliangcheng,Guangkaisima Road,27677.9297,100081,100044,75,13,62,49,13
Dongli Sanjing Road,Jiayuan Li,27666.80871,100032,100067,27,3,24,18,6
Jiayuan Li,Dongli Sanjing Road,27666.80871,100067,100032,19,2,17,11,6
National Exhibition Centre,University town,27665.74461,100105,100143,19,3,16,3,13
University town,National Exhibition Centre,27665.74461,100143,100105,6,5,1,1,0
Nanzhu Bridge,North Beichen Tech Park,27665.04814,100104,100106,10,4,6,5,1
North Beichen Tech Park,Nanzhu Bridge,27665.04814,100106,100104,9,2,7,7,0
Steel Tube Company,Tianjin Station,27661.39303,100127,100135,1945,649,1296,549,747
Tianjin Station,Steel Tube Company,27661.39303,100135,100127,1883,697,1186,481,705
Jinmao Industrial Area,Jinnan Campus of Nankai University,27642.13382,100074,100075,1,1,0,0,0
Junliangcheng,Wanshan Road,27622.24269,100081,100146,4,1,3,3,0
Honghu Li,Donggu Road,27622.2101,100055,100026,491,253,238,134,104
Donggu Road,Honghu Li,27622.2101,100026,100055,447,204,243,132,111
Xiaodong Zhuang,Shuanggang,27615.16113,100156,100118,5,3,2,0,2
Shuanggang,Xiaodong Zhuang,27615.16113,100118,100156,2,1,1,0,1
Donggu Road,People's Hospital,27613.33934,100026,100111,158,27,131,73,58
People's Hospital,Donggu Road,27613.33934,100111,100026,135,24,111,48,63
Junliangcheng,Lingbin Road,27612.61242,100081,100087,42,11,31,22,9
Lingbin Road,Junliangcheng,27612.61242,100087,100081,37,9,28,17,11
Yangwu Zhuang,Binhai International Airport,27605.12319,100169,100010,123,26,97,45,52
Binhai International Airport,Yangwu Zhuang,27605.12319,100010,100169,105,29,76,21,55
Liulin Road,Hehui South Road,27603.13394,100089,100052,2,2,0,0,0
Hehui South Road,Liulin Road,27603.13394,100052,100089,1,1,0,0,0
Guorui Road,Xinli,27599.86999,100046,100161,3,0,3,3,0
Dongli Sanjing Road,Cao Zhuang,27589.548,100032,100011,22,4,18,12,6
Cao Zhuang,Dongli Sanjing Road,27589.548,100011,100032,16,1,15,14,1
Yudongcheng,Hehui South Road,27585.55965,100180,100052,15,6,9,4,5
Hehui South Road,Yudongcheng,27585.55965,100052,100180,14,4,10,4,6
National Exhibition Centre,JinZhong Street,27568.07744,100105,100080,6,0,6,3,3
JinZhong Street,National Exhibition Centre,27568.07744,100080,100105,1,1,0,0,0
Bianxing,Dongli Liujing Road,27554.1707,100009,100031,5,1,4,1,3
Dongli Liujing Road,Bianxing,27554.1707,100031,100009,4,0,4,3,1
Donggu Road,Meilin Road,27551.29088,100026,100098,1,1,0,0,0
Guorui Road,Yixingbu,27546.55413,100046,100175,1,0,1,0,1
Xinkai River,Donggu Road,27515.82509,100160,100026,19,8,11,6,5
Donggu Road,Xinkai River,27515.82509,100026,100160,15,2,13,6,7
Gaozhuangzi,North China Group,27513.28693,100043,100107,290,29,261,65,196
North China Group,Gaozhuangzi,27513.28693,100107,100043,274,197,77,32,45
Tianshili,National Exhibition Centre,27510.77834,100136,100105,2,0,2,0,2
National Exhibition Centre,Tianshili,27510.77834,100105,100136,1,0,1,0,1
Jinnan Campus of Nankai University,Bianxing,27487.18374,100075,100009,4,0,4,2,2
Bianxing,Jinnan Campus of Nankai University,27487.18374,100009,100075,1,0,1,1,0
National Exhibition Centre,Bianxing,27460.04409,100105,100009,8,4,4,2,2
Bianxing,National Exhibition Centre,27460.04409,100009,100105,6,4,2,1,1
Lushui Road,North Beichen Tech Park,27459.58242,100093,100106,9,1,8,6,2
North Beichen Tech Park,Lushui Road,27459.58242,100106,100093,5,0,5,3,2
Binhai International Airport,Guorui Road,27458.6244,100010,100046,22,6,16,2,14
Guorui Road,Binhai International Airport,27458.6244,100046,100010,5,3,2,2,0
Minquan Gate,Donggu Road,27454.97606,100099,100026,39,16,23,11,12
Donggu Road,Minquan Gate,27454.97606,100026,100099,32,6,26,19,7
Hehui South Road,Yixingbu,27434.46075,100052,100175,14,3,11,6,5
Yixingbu,Hehui South Road,27434.46075,100175,100052,12,2,10,10,0
Huaihe Road,Beiyangyuan Campus of Tianjin University,27419.68089,100058,100007,13,4,9,8,1
Beiyangyuan Campus of Tianjin University,Huaihe Road,27419.68089,100007,100058,10,3,7,5,2
Jieyuan West Road,Guorui Road,27403.36491,100069,100046,12,5,7,3,4
Guorui Road,Jieyuan West Road,27403.36491,100046,100069,6,2,4,3,1
Dengzhou South Road,Jinnan Campus of Nankai University,27402.29069,100025,100075,1,1,0,0,0
Cao Zhuang,Haihe Education Zone,27396.09607,100011,100050,29,16,13,5,8
Haihe Education Zone,Cao Zhuang,27396.09607,100050,100011,23,5,18,5,13
Xianshuigu West,The Financial University,27395.24212,100152,100132,10,2,8,5,3
The Financial University,Xianshuigu West,27395.24212,100132,100152,4,3,1,1,0
Fengchan River,Hongni River East,27392.69419,100039,100056,2,1,1,1,0
Haihe Education Zone,South Station,27384.28145,100050,100122,61,16,45,6,39
South Station,Haihe Education Zone,27384.28145,100122,100050,47,27,20,3,17
Zhaoyuan Road,North Beichen Tech Park,27382.11876,100186,100106,2,1,1,0,1
Benxi Road,National Exhibition Centre,27376.55446,100008,100105,15,2,13,9,4
National Exhibition Centre,Benxi Road,27376.55446,100105,100008,13,0,13,5,8
Donggu Road,Jianchang Road,27372.68344,100026,100063,41,14,27,15,12
Jianchang Road,Donggu Road,27372.68344,100063,100026,31,13,18,15,3
Dongli Culture and Sports Centre,South Station,27364.50027,100029,100122,10,3,7,2,5
South Station,Dongli Culture and Sports Centre,27364.50027,100122,100029,9,2,7,5,2
Yangwu Zhuang,Xunhai Road,27359.84943,100169,100166,1,0,1,0,1
Xunhai Road,Yangwu Zhuang,27359.84943,100166,100169,1,1,0,0,0
Xiaodong Zhuang,Bianxing,27358.03117,100156,100009,10,1,9,3,6
Bianxing,Xiaodong Zhuang,27358.03117,100009,100156,6,2,4,1,3
Number Two Bridge,Xianshuigu West,27351.28034,100110,100152,16,4,12,6,6
Xianshuigu West,Number Two Bridge,27351.28034,100152,100110,13,4,9,3,6
Jinnan Campus of Nankai University,Yixingbu North,27350.91773,100075,100176,7,3,4,3,1
Yixingbu North,Jinnan Campus of Nankai University,27350.91773,100176,100075,4,1,3,2,1
Donggu Road,Wangdingdi,27343.22729,100026,100145,68,8,60,45,15
Wangdingdi,Donggu Road,27343.22729,100145,100026,64,9,55,36,19
Haihe Education Zone,Guoshan Road,27334.61828,100050,100047,1,0,1,1,0
Haihe Education Zone,Xinli,27329.65046,100050,100161,3,2,1,1,0
Xinli,Haihe Education Zone,27329.65046,100161,100050,1,0,1,0,1
Shuanggang,National Exhibition Centre,27327.79906,100118,100105,1,1,0,0,0
Xianshuigu West,Zhangxing Zhuang,27327.46167,100152,100185,23,8,15,10,5
Zhangxing Zhuang,Xianshuigu West,27327.46167,100185,100152,17,8,9,6,3
Shaliu South Road,Hehui South Road,27325.89381,100116,100052,5,2,3,2,1
Hehui South Road,Shaliu South Road,27325.89381,100052,100116,2,1,1,1,0
Xianyang Road,Xianshuigu West,27312.74486,100153,100152,92,23,69,41,28
Xianshuigu West,Xianyang Road,27312.74486,100152,100153,83,25,58,31,27
Tian Tower,Junliangcheng,27289.39187,100133,100081,99,37,62,29,33
Junliangcheng,Tian Tower,27289.39187,100081,100133,90,22,68,41,27
Donggu Road,Anshan West Road,27286.20212,100026,100003,124,30,94,73,21
Anshan West Road,Donggu Road,27286.20212,100003,100026,116,31,85,46,39
Hehui South Road,Honghu Li,27285.78121,100052,100055,32,16,16,10,6
Honghu Li,Hehui South Road,27285.78121,100055,100052,16,6,10,5,5
Jinnan Campus of Nankai University,Laoshan Road,27280.89898,100075,100082,6,1,5,0,5
Laoshan Road,Jinnan Campus of Nankai University,27280.89898,100082,100075,5,1,4,2,2
South Station,Binhai International Airport,27277.36612,100122,100010,1511,440,1071,467,604
Binhai International Airport,South Station,27277.36612,100010,100122,1142,400,742,268,474
Yixingbu North,National Exhibition Centre,27271.68876,100176,100105,3,0,3,0,3
National Exhibition Centre,Yixingbu North,27271.68876,100105,100176,1,0,1,0,1
Chunhai Road,Xianshuigu West,27255.40471,100017,100152,4,1,3,1,2
Xianshuigu West,Chunhai Road,27255.40471,100152,100017,1,1,0,0,0
South Station,University of Civil Aviation,27225.00288,100122,100142,184,70,114,53,61
University of Civil Aviation,South Station,27225.00288,100142,100122,131,45,86,33,53
Xianshuigu West,Northwest Corner,27222.20782,100152,100109,160,51,109,66,43
Northwest Corner,Xianshuigu West,27222.20782,100109,100152,139,44,95,41,54
Dongting Road,Donggu Road,27207.25935,100034,100026,1,0,1,0,1
JinZhong River Street,Junliangcheng,27204.94841,100079,100081,36,6,30,18,12
Junliangcheng,JinZhong River Street,27204.94841,100081,100079,35,11,24,12,12
Junliangcheng,Yudongcheng,27199.2853,100081,100180,70,13,57,39,18
Yudongcheng,Junliangcheng,27199.2853,100180,100081,64,12,52,25,27
Xinkai River,Junliangcheng,27160.10751,100160,100081,12,2,10,8,2
Junliangcheng,Xinkai River,27160.10751,100081,100160,8,0,8,8,0
Xiaodong Zhuang,Airport Economic Zone,27156.39652,100156,100001,23,6,17,4,13
Airport Economic Zone,Xiaodong Zhuang,27156.39652,100001,100156,13,3,10,1,9
Guangkaisima Road,Xianshuigu West,27152.7022,100044,100152,83,26,57,38,19
Xianshuigu West,Guangkaisima Road,27152.7022,100152,100044,79,25,54,29,25
Weishan Road,North Beichen Tech Park,27150.36114,100148,100106,4,2,2,2,0
North Beichen Tech Park,Weishan Road,27150.36114,100106,100148,1,1,0,0,0
University of Civil Aviation,Xiaodong Zhuang,27143.11166,100142,100156,3,0,3,2,1
Xiaodong Zhuang,University of Civil Aviation,27143.11166,100156,100142,1,0,1,0,1
Jinnan Campus of Nankai University,Xuefu Industrial Area,27139.71479,100075,100163,2,2,0,0,0
Xuefu Industrial Area,Jinnan Campus of Nankai University,27139.71479,100163,100075,2,1,1,0,1
Shuanglin,North Beichen Tech Park,27137.79274,100119,100106,26,11,15,6,9
North Beichen Tech Park,Shuanglin,27137.79274,100106,100119,23,10,13,8,5
Jinnan Campus of Nankai University,Qinjian Road,27136.81931,100075,100113,21,10,11,3,8
Qinjian Road,Jinnan Campus of Nankai University,27136.81931,100113,100075,20,10,10,7,3
Binhai International Airport,Jinghe Road,27130.30009,100010,100071,20,2,18,4,14
Jinghe Road,Binhai International Airport,27130.30009,100071,100010,17,5,12,4,8
Guorui Road,Xuzhuangzi,27127.45967,100046,100168,1,1,0,0,0
Xuzhuangzi,Guorui Road,27127.45967,100168,100046,1,1,0,0,0
Yangwu Zhuang,Dongli Development Zone,27126.78463,100169,100030,50,12,38,21,17
Dongli Development Zone,Yangwu Zhuang,27126.78463,100030,100169,49,13,36,27,9
Yangwu Zhuang,Hongni River East,27118.59202,100169,100056,15,3,12,11,1
Hongni River East,Yangwu Zhuang,27118.59202,100056,100169,11,4,7,7,0
Junliangcheng,Sports Centre,27111.97196,100081,100126,88,29,59,43,16
Sports Centre,Junliangcheng,27111.97196,100126,100081,80,23,57,36,21
North China Group,Dongli Liujing Road,27106.94876,100107,100031,2,2,0,0,0
Dongli Liujing Road,North China Group,27106.94876,100031,100107,1,0,1,1,0
Xinxing Village,Xuefu Industrial Area,27104.29183,100162,100163,1,1,0,0,0
Dongli Yijing Road,Xiaodian,27100.97836,100033,100155,2,0,2,0,2
Dongli Liujing Road,University town,27081.56035,100031,100143,2,0,2,1,1
University town,Dongli Liujing Road,27081.56035,100143,100031,2,1,1,1,0
Jiayuan Li,Beiyangyuan Campus of Tianjin University,27079.44965,100067,100007,16,8,8,6,2
Beiyangyuan Campus of Tianjin University,Jiayuan Li,27079.44965,100007,100067,15,4,11,8,3
Huashan Li,Junliangcheng,27076.60884,100060,100081,17,5,12,8,4
Junliangcheng,Huashan Li,27076.60884,100081,100060,5,2,3,2,1
Fuxing Road,Donggu Road,27069.40406,100042,100026,60,24,36,16,20
Donggu Road,Fuxing Road,27069.40406,100026,100042,58,24,34,16,18
Xunhai Road,Ruijing XinYuan,27066.43144,100166,100114,7,4,3,1,2
Ruijing XinYuan,Xunhai Road,27066.43144,100114,100166,6,2,4,1,3
Gaozhuangzi,Jingli Road,27040.76718,100043,100073,1,0,1,1,0
Steel Tube Company,Xiaobailou,27039.69952,100127,100154,198,48,150,107,43
Xiaobailou,Steel Tube Company,27039.69952,100154,100127,166,40,126,77,49
Gulou,Xianshuigu West,27037.46603,100045,100152,252,107,145,69,76
Xianshuigu West,Gulou,27037.46603,100152,100045,228,112,116,58,58
Donggu Road,North Station,27031.43034,100026,100108,269,68,201,98,103
North Station,Donggu Road,27031.43034,100108,100026,268,142,126,76,50
Chenglin Road,Steel Tube Company,27025.33249,100014,100127,133,27,106,74,32
Steel Tube Company,Chenglin Road,27025.33249,100127,100014,125,19,106,86,20
Gaozhuangzi,Nanhe Zhuang,27017.87814,100043,100101,27,11,16,5,11
Nanhe Zhuang,Gaozhuangzi,27017.87814,100101,100043,24,17,7,2,5
Gaozhuangzi,Ruijing XinYuan,27017.04736,100043,100114,141,38,103,56,47
Ruijing XinYuan,Gaozhuangzi,27017.04736,100114,100043,131,50,81,36,45
Donggu Road,Jiefang South Road,27010.48596,100026,100068,8,3,5,2,3
Jiefang South Road,Donggu Road,27010.48596,100068,100026,8,4,4,2,2
Danhebei Road,Lilou,27008.09599,100022,100086,3,0,3,1,2
Lilou,Danhebei Road,27008.09599,100086,100022,1,0,1,1,0
Hehui South Road,High-Tech Zone,27005.77817,100052,100054,62,6,56,48,8
High-Tech Zone,Hehui South Road,27005.77817,100054,100052,36,3,33,20,13
Haihe Education Zone,Liaohe North Road,27001.23991,100050,100084,1,0,1,0,1
University town,Xianshuigu West,26997.26445,100143,100152,439,171,268,152,116
Xianshuigu West,University town,26997.26445,100152,100143,386,214,172,85,87
Southwest Tower,Steel Tube Company,26989.02258,100125,100127,282,45,237,153,84
Steel Tube Company,Southwest Tower,26989.02258,100127,100125,277,54,223,166,57
Junliangcheng,Water Park Road East,26984.87211,100081,100147,35,17,18,5,13
Water Park Road East,Junliangcheng,26984.87211,100147,100081,23,12,11,5,6
Junliangcheng,Zuojiang Road,26978.01349,100081,100192,12,5,7,3,4
Zuojiang Road,Junliangcheng,26978.01349,100192,100081,10,5,5,3,2
Bei Zhulin,Donggu Road,26965.82778,100004,100026,14,6,8,6,2
Donggu Road,Bei Zhulin,26965.82778,100026,100004,10,4,6,5,1
Haihe Education Zone,Yuejin North Road,26963.43007,100050,100181,1,0,1,1,0
Xiaodong Zhuang,Dabi Zhuang,26961.80649,100156,100021,23,3,20,12,8
Dabi Zhuang,Xiaodong Zhuang,26961.80649,100021,100156,19,3,16,8,8
Dongli Culture and Sports Centre,Liuyuan,26958.54857,100029,100091,34,10,24,10,14
Liuyuan,Dongli Culture and Sports Centre,26958.54857,100091,100029,31,9,22,7,15
Beichen Road,Jinghe Road,26947.15903,100005,100071,14,4,10,5,5
Jinghe Road,Beichen Road,26947.15903,100071,100005,11,4,7,5,2
Nanzhu Bridge,Xiaodong Zhuang,26944.82667,100104,100156,2,0,2,2,0
Haihe Education Zone,Longhan Road,26944.77776,100050,100092,4,0,4,4,0
Zhanggui Zhuang,Donggu Road,26927.07003,100184,100026,22,5,17,10,7
Donggu Road,Zhanggui Zhuang,26927.07003,100026,100184,11,3,8,6,2
Fuxing Road,Xianshuigu West,26915.58846,100042,100152,90,34,56,27,29
Xianshuigu West,Fuxing Road,26915.58846,100152,100042,85,33,52,25,27
Haihe Education Zone,Benxi Road,26913.81542,100050,100008,10,0,10,8,2
Benxi Road,Haihe Education Zone,26913.81542,100008,100050,7,2,5,5,0
Donggu Road,Tiantuo,26906.21189,100026,100138,73,12,61,48,13
Tiantuo,Donggu Road,26906.21189,100138,100026,69,4,65,54,11
Dongli Yijing Road,Jiayuan Li,26879.20284,100033,100067,7,0,7,5,2
Jiayuan Li,Dongli Yijing Road,26879.20284,100067,100033,1,0,1,1,0
Jinshi Bridge,Xianshuigu West,26869.44763,100076,100152,63,27,36,21,15
Xianshuigu West,Jinshi Bridge,26869.44763,100152,100076,44,9,35,13,22
Tanggu,Dongli Development Zone,26869.19268,100131,100030,1929,524,1405,862,543
Dongli Development Zone,Tanggu,26869.19268,100030,100131,1928,491,1437,866,571
Dongli Liujing Road,Qinjian Road,26864.6411,100031,100113,8,0,8,7,1
Qinjian Road,Dongli Liujing Road,26864.6411,100113,100031,7,0,7,7,0
Liaohe North Road,Xiaodong Zhuang,26854.52554,100084,100156,9,4,5,4,1
Xiaodong Zhuang,Liaohe North Road,26854.52554,100156,100084,5,2,3,2,1
Qinjian Road,Guorui Road,26848.62888,100113,100046,24,12,12,11,1
Guorui Road,Qinjian Road,26848.62888,100046,100113,20,7,13,7,6
Zhangxing Zhuang,Guorui Road,26841.59833,100185,100046,3,2,1,0,1
Guorui Road,Zhangxing Zhuang,26841.59833,100046,100185,2,0,2,1,1
Donggu Road,Airport Economic Zone,26838.50557,100026,100001,158,54,104,59,45
Airport Economic Zone,Donggu Road,26838.50557,100001,100026,147,51,96,53,43
Liuyuan,Xinxing Village,26835.7231,100091,100162,8,4,4,2,2
Xinxing Village,Liuyuan,26835.7231,100162,100091,6,5,1,1,0
North Beichen Tech Park,High-Tech Zone,26832.49818,100106,100054,53,7,46,37,9
High-Tech Zone,North Beichen Tech Park,26832.49818,100054,100106,45,3,42,25,17
Steel Tube Company,Nanlou,26827.88496,100127,100102,59,14,45,35,10
Nanlou,Steel Tube Company,26827.88496,100102,100127,37,11,26,8,18
North Beichen Tech Park,Meilin Road,26813.26035,100106,100098,14,2,12,5,7
Meilin Road,North Beichen Tech Park,26813.26035,100098,100106,10,1,9,3,6
Dongli Yijing Road,Cao Zhuang,26801.94213,100033,100011,13,2,11,5,6
Cao Zhuang,Dongli Yijing Road,26801.94213,100011,100033,9,1,8,6,2
Shaliu South Road,Junliangcheng,26797.4133,100116,100081,16,4,12,11,1
Junliangcheng,Shaliu South Road,26797.4133,100081,100116,15,4,11,9,2
Liuyuan,Dongli Development Zone,26797.3883,100091,100030,188,44,144,95,49
Dongli Development Zone,Liuyuan,26797.3883,100030,100091,151,42,109,62,47
Southwest corner,Junliangcheng,26790.9799,100124,100081,167,39,128,89,39
Junliangcheng,Southwest corner,26790.9799,100081,100124,161,33,128,79,49
Binhai International Airport,Xuefu Industrial Area,26742.1528,100010,100163,48,12,36,6,30
Xuefu Industrial Area,Binhai International Airport,26742.1528,100163,100010,46,9,37,18,19
Jinghe Road,Xiaodian,26740.24227,100071,100155,5,0,5,3,2
Zhangxing Zhuang,Hehui South Road,26729.50496,100185,100052,4,3,1,1,0
Hehui South Road,Zhangxing Zhuang,26729.50496,100052,100185,2,0,2,0,2
Xianshuigu West,People's Hospital,26725.60903,100152,100111,387,113,274,171,103
People's Hospital,Xianshuigu West,26725.60903,100111,100152,386,91,295,103,192
Xiaodong Zhuang,Qinjian Road,26698.81993,100156,100113,65,15,50,43,7
Qinjian Road,Xiaodong Zhuang,26698.81993,100113,100156,64,11,53,29,24
Nansun Zhuang,Yangwu Zhuang,26698.0722,100103,100169,2,0,2,0,2
Yangwu Zhuang,Nansun Zhuang,26698.0722,100169,100103,1,1,0,0,0
Professional University,Hongni River East,26694.70471,100112,100056,27,3,24,15,9
Hongni River East,Professional University,26694.70471,100056,100112,26,5,21,15,6
Xianshuigu West,Zhicheng Road,26693.9393,100152,100187,43,16,27,17,10
Zhicheng Road,Xianshuigu West,26693.9393,100187,100152,33,9,24,18,6
North Station,Junliangcheng,26675.71276,100108,100081,64,23,41,23,18
Junliangcheng,North Station,26675.71276,100081,100108,59,14,45,24,21
Yizhongxin Hospital,Donggu Road,26671.26177,100177,100026,99,17,82,51,31
Donggu Road,Yizhongxin Hospital,26671.26177,100026,100177,99,12,87,65,22
Donggu Road,Changhong Park,26647.69391,100026,100012,143,37,106,69,37
Changhong Park,Donggu Road,26647.69391,100012,100026,134,32,102,51,51
Guorui Road,Foreign Languages High School,26646.67149,100046,100040,1,0,1,1,0
Jingli Road,Professional University,26640.70001,100073,100112,12,4,8,5,3
Professional University,Jingli Road,26640.70001,100112,100073,5,0,5,4,1
Tiedong Road,Guorui Road,26640.53527,100139,100046,12,1,11,9,2
Guorui Road,Tiedong Road,26640.53527,100046,100139,10,1,9,4,5
Shuanglin,Jinnan Campus of Nankai University,26637.96332,100119,100075,2,2,0,0,0
South Station,Airport Economic Zone,26636.33738,100122,100001,1578,444,1134,571,563
Airport Economic Zone,South Station,26636.33738,100001,100122,1023,291,732,399,333
Danhebei Road,Yangwu Zhuang,26635.66769,100022,100169,7,2,5,4,1
Binhai International Airport,National Exhibition Centre,26632.57615,100010,100105,5,3,2,2,0
JinZhong River Street,Donggu Road,26621.65452,100079,100026,135,61,74,44,30
Donggu Road,JinZhong River Street,26621.65452,100026,100079,106,29,77,46,31
North Beichen Tech Park,University of Civil Aviation,26620.98192,100106,100142,11,4,7,5,2
University of Civil Aviation,North Beichen Tech Park,26620.98192,100142,100106,11,6,5,1,4
Dongli Liujing Road,Jieyuan West Road,26615.08239,100031,100069,5,0,5,5,0
Jieyuan West Road,Dongli Liujing Road,26615.08239,100069,100031,3,1,2,2,0
Jinnan Campus of Nankai University,Yixingbu,26608.53319,100075,100175,2,1,1,1,0
Yixingbu,Jinnan Campus of Nankai University,26608.53319,100175,100075,1,1,0,0,0
Tiedong Road,Xianshuigu West,26606.00077,100139,100152,36,9,27,8,19
Xianshuigu West,Tiedong Road,26606.00077,100152,100139,16,5,11,7,4
Gaozhuangzi,Huaihe Road,26605.98306,100043,100058,30,5,25,9,16
Huaihe Road,Gaozhuangzi,26605.98306,100058,100043,19,5,14,8,6
Junliangcheng,Erwei Road,26590.07088,100081,100036,67,9,58,33,25
Erwei Road,Junliangcheng,26590.07088,100036,100081,57,9,48,20,28
Yuanyang International Centre,Xianshuigu West,26589.67641,100179,100152,105,34,71,42,29
Xianshuigu West,Yuanyang International Centre,26589.67641,100152,100179,82,31,51,26,25
Dongli Sanjing Road,Professional University,26588.34691,100032,100112,5,0,5,5,0
Professional University,Dongli Sanjing Road,26588.34691,100112,100032,4,1,3,2,1
Liuyuan,Hongni River East,26580.75035,100091,100056,116,33,83,34,49
Hongni River East,Liuyuan,26580.75035,100056,100091,105,27,78,62,16
High-Tech Zone,Dongli Sanjing Road,26579.91775,100054,100032,1,0,1,1,0
Xiaodong Zhuang,Lilou,26579.34795,100156,100086,4,2,2,2,0
Lilou,Xiaodong Zhuang,26579.34795,100086,100156,2,1,1,1,0
Youyi South Road,North Beichen Tech Park,26576.18688,100178,100106,2,2,0,0,0
North Beichen Tech Park,Youyi South Road,26576.18688,100106,100178,1,0,1,0,1
Cuifu New Village,Xianshuigu West,26566.78655,100019,100152,29,9,20,17,3
Xianshuigu West,Cuifu New Village,26566.78655,100152,100019,25,5,20,12,8
Liuwei Road,Xianshuigu West,26563.09527,100090,100152,13,5,8,5,3
Xianshuigu West,Liuwei Road,26563.09527,100152,100090,8,1,7,6,1
Zhanggui Zhuang,Hujiayuan,26558.25924,100184,100062,399,87,312,194,118
Hujiayuan,Zhanggui Zhuang,26558.25924,100062,100184,355,88,267,197,70
Donggu Road,Hongqi South Road,26553.93244,100026,100057,195,64,131,92,39
Hongqi South Road,Donggu Road,26553.93244,100057,100026,172,46,126,76,50
Dongli Sanjing Road,Benxi Road,26550.38953,100032,100008,9,1,8,7,1
Junliangcheng,Wujiayao,26538.77926,100081,100150,114,24,90,67,23
Wujiayao,Junliangcheng,26538.77926,100150,100081,107,22,85,38,47
Tiantai Road,Xianshuigu West,26532.35764,100137,100152,202,77,125,75,50
Xianshuigu West,Tiantai Road,26532.35764,100152,100137,168,68,100,50,50
Jinnan Campus of Nankai University,Jieyuan West Road,26522.80887,100075,100069,10,4,6,5,1
Jieyuan West Road,Jinnan Campus of Nankai University,26522.80887,100069,100075,10,0,10,5,5
Steel Tube Company,Dawang Zhuang,26519.52323,100127,100023,313,68,245,183,62
Dawang Zhuang,Steel Tube Company,26519.52323,100023,100127,288,64,224,117,107
Donggu Road,Zhongshan Road,26517.91015,100026,100190,220,53,167,102,65
Zhongshan Road,Donggu Road,26517.91015,100190,100026,210,45,165,78,87
West Station,Xianshuigu West,26517.74308,100149,100152,1273,462,811,248,563
Xianshuigu West,West Station,26517.74308,100152,100149,1024,415,609,270,339
National Exhibition Centre,Jieyuan West Road,26513.14768,100105,100069,14,2,12,4,8
Jieyuan West Road,National Exhibition Centre,26513.14768,100069,100105,4,2,2,0,2
Southwest corner,Xianshuigu West,26511.52494,100124,100152,107,40,67,36,31
Xianshuigu West,Southwest corner,26511.52494,100152,100124,89,24,65,43,22
Beichen Road,Dongli Development Zone,26511.16969,100005,100030,71,16,55,38,17
Dongli Development Zone,Beichen Road,26511.16969,100030,100005,69,15,54,36,18
Beining Park,Guorui Road,26501.74451,100006,100046,6,1,5,5,0
Guorui Road,Beining Park,26501.74451,100046,100006,5,0,5,2,3
Xuefu Industrial Area,Xunhai Road,26496.58079,100163,100166,6,0,6,6,0
Xunhai Road,Xuefu Industrial Area,26496.58079,100166,100163,5,0,5,5,0
Xianshuigu West,Yihao Bridge,26490.48345,100152,100172,21,6,15,5,10
Yihao Bridge,Xianshuigu West,26490.48345,100172,100152,12,4,8,2,6
Guorui Road,Huayuan,26488.52117,100046,100061,22,6,16,11,5
Huayuan,Guorui Road,26488.52117,100061,100046,20,3,17,9,8
Junliangcheng,Yueya River,26486.62858,100081,100182,81,18,63,48,15
Yueya River,Junliangcheng,26486.62858,100182,100081,76,17,59,42,17
Xianshuigu West,Wandong Road,26483.9085,100152,100144,18,5,13,6,7
Wandong Road,Xianshuigu West,26483.9085,100144,100152,15,5,10,3,7
Jingli Road,Liuyuan,26483.85026,100073,100091,58,14,44,27,17
Liuyuan,Jingli Road,26483.85026,100091,100073,56,14,42,21,21
Dongli Liujing Road,Huaihe Road,26478.33528,100031,100058,6,0,6,4,2
Huaihe Road,Dongli Liujing Road,26478.33528,100058,100031,5,0,5,5,0
North Beichen Tech Park,Dongting Road,26469.22882,100106,100034,5,0,5,2,3
Dongting Road,North Beichen Tech Park,26469.22882,100034,100106,5,3,2,2,0
Xiaodong Zhuang,Civic Square,26460.70153,100156,100018,1020,156,864,638,226
Civic Square,Xiaodong Zhuang,26460.70153,100018,100156,982,187,795,533,262
Gaozhuangzi,Cao Zhuang,26450.4668,100043,100011,251,77,174,76,98
Cao Zhuang,Gaozhuangzi,26450.4668,100011,100043,234,123,111,44,67
Bei Zhulin,Xianshuigu West,26445.28161,100004,100152,48,27,21,9,12
Xianshuigu West,Bei Zhulin,26445.28161,100152,100004,25,10,15,8,7
Xiaodong Zhuang,Jieyuan West Road,26431.62675,100156,100069,36,9,27,14,13
Jieyuan West Road,Xiaodong Zhuang,26431.62675,100069,100156,29,8,21,11,10
South Station,Beichen Road,26430.66356,100122,100005,139,40,99,54,45
Beichen Road,South Station,26430.66356,100005,100122,93,35,58,34,24
Jinnan Campus of Nankai University,Zhanggui Zhuang,26426.05717,100075,100184,4,1,3,0,3
Zhanggui Zhuang,Jinnan Campus of Nankai University,26426.05717,100184,100075,1,1,0,0,0
Number Two Bridge,Hehui South Road,26422.1226,100110,100052,1,1,0,0,0
Tiantai Road,Guorui Road,26416.59804,100137,100046,11,6,5,4,1
Guorui Road,Tiantai Road,26416.59804,100046,100137,6,0,6,5,1
Xianyang Road,Hehui South Road,26404.22193,100153,100052,27,11,16,13,3
Hehui South Road,Xianyang Road,26404.22193,100052,100153,13,4,9,6,3
North Beichen Tech Park,Liulin Road,26389.01503,100106,100089,30,4,26,11,15
Liulin Road,North Beichen Tech Park,26389.01503,100089,100106,23,7,16,7,9
Jianguo Road,Xianshuigu West,26381.38394,100064,100152,80,36,44,26,18
Xianshuigu West,Jianguo Road,26381.38394,100152,100064,60,24,36,24,12
Junliangcheng,Meijiang Road,26370.96286,100081,100097,132,31,101,82,19
Meijiang Road,Junliangcheng,26370.96286,100097,100081,128,5,123,69,54
Binhai International Airport,North Beichen Tech Park,26370.6873,100010,100106,74,21,53,13,40
North Beichen Tech Park,Binhai International Airport,26370.6873,100106,100010,68,12,56,24,32
Xianshuigu West,Foreign Languages High School,26361.29393,100152,100040,16,4,12,6,6
Foreign Languages High School,Xianshuigu West,26361.29393,100040,100152,11,3,8,5,3
South Station,Xiaodian,26353.3753,100122,100155,224,55,169,91,78
Xiaodian,South Station,26353.3753,100155,100122,221,66,155,87,68
Xuzhou Road,Xianshuigu West,26349.2872,100167,100152,6,0,6,6,0
Yingfeng Road,Donggu Road,26348.02107,100173,100026,40,11,29,17,12
Donggu Road,Yingfeng Road,26348.02107,100026,100173,18,6,12,7,5
Huashan Li,Xianshuigu West,26344.25969,100060,100152,2,1,1,1,0
Xianshuigu West,Huashan Li,26344.25969,100152,100060,1,0,1,0,1
Xianshuigu West,Shunchi Bridge,26336.58139,100152,100120,32,17,15,9,6
Shunchi Bridge,Xianshuigu West,26336.58139,100120,100152,31,9,22,13,9
West Station,Donggu Road,26331.74641,100149,100026,3465,1478,1987,541,1446
Donggu Road,West Station,26331.74641,100026,100149,3116,1115,2001,996,1005
Cao Zhuang,Beiyangyuan Campus of Tianjin University,26308.4979,100011,100007,52,38,14,3,11
Beiyangyuan Campus of Tianjin University,Cao Zhuang,26308.4979,100007,100011,42,19,23,7,16
Liulin Road,Jinnan Campus of Nankai University,26299.79985,100089,100075,4,3,1,0,1
Hehui South Road,Northwest Corner,26293.05009,100052,100109,98,26,72,63,9
Northwest Corner,Hehui South Road,26293.05009,100109,100052,73,16,57,32,25
Zhicheng Road,Guorui Road,26288.94043,100187,100046,9,2,7,7,0
Guorui Road,Zhicheng Road,26288.94043,100046,100187,6,1,5,4,1
Yudongcheng,Jinnan Campus of Nankai University,26282.22557,100180,100075,14,10,4,0,4
Jinnan Campus of Nankai University,Yudongcheng,26282.22557,100075,100180,10,5,5,1,4
Jiefang South Road,North Beichen Tech Park,26272.45543,100068,100106,48,20,28,12,16
North Beichen Tech Park,Jiefang South Road,26272.45543,100106,100068,39,8,31,23,8
Yangwu Zhuang,Haihe Education Zone,26270.52561,100169,100050,2,0,2,0,2
Haihe Education Zone,Yangwu Zhuang,26270.52561,100050,100169,2,0,2,1,1
Dongli Development Zone,Xuefu Industrial Area,26263.51599,100030,100163,56,5,51,44,7
Xuefu Industrial Area,Dongli Development Zone,26263.51599,100163,100030,48,4,44,35,9
South Station,Xinli,26260.15683,100122,100161,302,70,232,100,132
Xinli,South Station,26260.15683,100161,100122,201,89,112,56,56
Guoshan Road,Beiyangyuan Campus of Tianjin University,26257.91685,100047,100007,1,0,1,0,1
Xuefu Industrial Area,Hongni River East,26255.32338,100163,100056,31,0,31,30,1
Hongni River East,Xuefu Industrial Area,26255.32338,100056,100163,24,1,23,23,0
Dongli Development Zone,Xiaodian,26255.00175,100030,100155,24,9,15,9,6
Xiaodian,Dongli Development Zone,26255.00175,100155,100030,23,10,13,3,10
Beiyangyuan Campus of Tianjin University,Liaohe North Road,26253.70622,100007,100084,3,0,3,2,1
Liaohe North Road,Beiyangyuan Campus of Tianjin University,26253.70622,100084,100007,2,0,2,0,2
Xinli,Beiyangyuan Campus of Tianjin University,26252.94903,100161,100007,2,1,1,0,1
Beiyangyuan Campus of Tianjin University,Xinli,26252.94903,100007,100161,1,0,1,0,1
Dongli Culture and Sports Centre,Yangwu Zhuang,26250.74443,100029,100169,1,0,1,1,0
Yangwu Zhuang,Dongli Culture and Sports Centre,26250.74443,100169,100029,1,0,1,1,0
Xuzhuangzi,National Exhibition Centre,26247.26363,100168,100105,3,2,1,1,0
National Exhibition Centre,Xuzhuangzi,26247.26363,100105,100168,1,0,1,0,1
Donggu Road,Meijiang Exhibition Centre,26244.79516,100026,100095,7,3,4,0,4
Meijiang Exhibition Centre,Donggu Road,26244.79516,100095,100026,6,5,1,0,1
Guangkaisima Road,Hehui South Road,26244.17928,100044,100052,14,4,10,4,6
Hehui South Road,Guangkaisima Road,26244.17928,100052,100044,11,3,8,7,1
Southeast Corner,Xianshuigu West,26240.22669,100123,100152,221,111,110,49,61
Xianshuigu West,Southeast Corner,26240.22669,100152,100123,196,105,91,52,39
Xunhai Road,Xiaodian,26226.36014,100166,100155,1,1,0,0,0
South Station,Beiyangyuan Campus of Tianjin University,26202.99538,100122,100007,232,105,127,44,83
Beiyangyuan Campus of Tianjin University,South Station,26202.99538,100007,100122,176,68,108,51,57
Xunhai Road,Beichen Road,26199.71942,100166,100005,5,1,4,3,1
Beichen Road,Xunhai Road,26199.71942,100005,100166,1,1,0,0,0
Nanzhu Bridge,Xianshuigu West,26193.63882,100104,100152,1,0,1,1,0
Xianshuigu West,Nanzhu Bridge,26193.63882,100152,100104,1,0,1,0,1
Junliangcheng,Zhongshan Road,26162.19257,100081,100190,183,52,131,94,37
Zhongshan Road,Junliangcheng,26162.19257,100190,100081,160,32,128,81,47
Dongli Development Zone,Gaozhuangzi,26145.36891,100030,100043,6,4,2,1,1
Xiaodong Zhuang,Chunhai Road,26143.46418,100156,100017,1,0,1,0,1
Chunhai Road,Xiaodong Zhuang,26143.46418,100017,100156,1,0,1,1,0
High-Tech Zone,Gaozhuangzi,26137.15125,100054,100043,96,19,77,58,19
Gaozhuangzi,High-Tech Zone,26137.15125,100043,100054,95,12,83,69,14
Xiaodong Zhuang,Tianshili,26135.02727,100156,100136,10,5,5,3,2
Tianshili,Xiaodong Zhuang,26135.02727,100136,100156,3,1,2,2,0
Haihe Education Zone,Yixingbu North,26134.103,100050,100176,6,0,6,3,3
Yixingbu North,Haihe Education Zone,26134.103,100176,100050,5,0,5,5,0
Hehui South Road,Jinshi Bridge,26111.54701,100052,100076,11,4,7,4,3
Jinshi Bridge,Hehui South Road,26111.54701,100076,100052,11,6,5,4,1
Honghu Li,Jinnan Campus of Nankai University,26110.50102,100055,100075,31,21,10,2,8
Jinnan Campus of Nankai University,Honghu Li,26110.50102,100075,100055,30,19,11,5,6
Hehui South Road,Gulou,26108.30829,100052,100045,101,33,68,52,16
Gulou,Hehui South Road,26108.30829,100045,100052,91,32,59,23,36
North Beichen Tech Park,University town,26103.46145,100106,100143,76,21,55,34,21
University town,North Beichen Tech Park,26103.46145,100143,100106,76,16,60,39,21
Hehui South Road,Zhicheng Road,26095.98259,100052,100187,4,2,2,1,1
Zhicheng Road,Hehui South Road,26095.98259,100187,100052,4,3,1,0,1
Changhong Park,Xianshuigu West,26087.81219,100012,100152,259,79,180,111,69
Xianshuigu West,Changhong Park,26087.81219,100152,100012,241,62,179,109,70
Fuxing Road,Hehui South Road,26064.8643,100042,100052,19,6,13,5,8
Hehui South Road,Fuxing Road,26064.8643,100052,100042,11,4,7,5,2
Junliangcheng,Fuxing Gate,26064.13327,100081,100041,18,2,16,11,5
Fuxing Gate,Junliangcheng,26064.13327,100041,100081,18,3,15,11,4
Danhebei Road,Xinli,26057.35532,100022,100161,4,2,2,1,1
Xinli,Danhebei Road,26057.35532,100161,100022,3,1,2,2,0
JinZhong Street,Xianshuigu West,26056.7401,100080,100152,42,20,22,1,21
Xianshuigu West,JinZhong Street,26056.7401,100152,100080,35,13,22,4,18
Guorui Road,Yibin Road,26054.55391,100046,100171,3,1,2,2,0
North China Group,Hongni River East,26052.57193,100107,100056,31,7,24,13,11
Hongni River East,North China Group,26052.57193,100056,100107,26,10,16,12,4
Xianshuigu West,Nanhe Zhuang,26050.9684,100152,100101,74,36,38,24,14
Nanhe Zhuang,Xianshuigu West,26050.9684,100101,100152,72,25,47,17,30
Yangwu Zhuang,University of Civil Aviation,26031.6859,100169,100142,13,1,12,8,4
University of Civil Aviation,Yangwu Zhuang,26031.6859,100142,100169,8,1,7,3,4
Dongli Sanjing Road,Bianxing,26026.43278,100032,100009,12,0,12,8,4
Bianxing,Dongli Sanjing Road,26026.43278,100009,100032,7,0,7,7,0
Jinnan Campus of Nankai University,Shaliu South Road,26022.55972,100075,100116,6,1,5,4,1
Shaliu South Road,Jinnan Campus of Nankai University,26022.55972,100116,100075,4,1,3,2,1
Xiaodong Zhuang,Yixingbu North,26017.95223,100156,100176,31,15,16,6,10
Yixingbu North,Xiaodong Zhuang,26017.95223,100176,100156,26,10,16,8,8
Xianshuigu West,Dabi Zhuang,26017.93303,100152,100021,61,27,34,17,17
Dabi Zhuang,Xianshuigu West,26017.93303,100021,100152,56,26,30,3,27
Jiayuan Li,Gaozhuangzi,26015.6631,100067,100043,78,23,55,39,16
Gaozhuangzi,Jiayuan Li,26015.6631,100043,100067,70,15,55,18,37
Xianyang Road,Guorui Road,26015.02032,100153,100046,17,2,15,13,2
Guorui Road,Xianyang Road,26015.02032,100046,100153,11,4,7,4,3
Xingfu Park,Xianshuigu West,26013.8128,100159,100152,158,48,110,49,61
Xianshuigu West,Xingfu Park,26013.8128,100152,100159,141,50,91,65,26
Zhaoyuan Road,South Station,26008.20322,100186,100122,8,5,3,1,2
South Station,Zhaoyuan Road,26008.20322,100122,100186,3,0,3,0,3
Xunhai Road,Jiayuan Li,26004.58462,100166,100067,4,3,1,0,1
Junliangcheng,Tumour Hospital,26000.99828,100081,100141,209,31,178,103,75
Tumour Hospital,Junliangcheng,26000.99828,100141,100081,173,23,150,55,95
Dabi Zhuang,Gaozhuangzi,26000.28997,100021,100043,43,23,20,11,9
Gaozhuangzi,Dabi Zhuang,26000.28997,100043,100021,36,3,33,14,19
Gulou,Junliangcheng,25993.02787,100045,100081,222,89,133,64,69
Junliangcheng,Gulou,25993.02787,100081,100045,207,92,115,62,53
Xinxing Village,Donggu Road,25991.77052,100162,100026,1,1,0,0,0
Hehui South Road,University town,25979.68285,100052,100143,51,18,33,18,15
University town,Hehui South Road,25979.68285,100143,100052,50,26,24,10,14
Xiaodong Zhuang,JinZhong Street,25974.90529,100156,100080,26,11,15,8,7
JinZhong Street,Xiaodong Zhuang,25974.90529,100080,100156,15,7,8,3,5
Lilou,Xiaodian,25962.06623,100086,100155,26,3,23,15,8
Xiaodian,Lilou,25962.06623,100155,100086,19,4,15,9,6
National Exhibition Centre,Zhangxing Zhuang,25961.40229,100105,100185,6,1,5,4,1
Zhangxing Zhuang,National Exhibition Centre,25961.40229,100185,100105,6,2,4,4,0
Ruijing XinYuan,Dongli Culture and Sports Centre,25957.32644,100114,100029,13,2,11,4,7
Dongli Culture and Sports Centre,Ruijing XinYuan,25957.32644,100029,100114,12,0,12,7,5
Donggu Road,Yueya River,25955.69119,100026,100182,180,42,138,82,56
Yueya River,Donggu Road,25955.69119,100182,100026,165,57,108,69,39
South Station,Nanhe Zhuang,25944.62452,100122,100101,128,50,78,32,46
Nanhe Zhuang,South Station,25944.62452,100101,100122,104,33,71,37,34
Junliangcheng,Haiguang Temple,25941.07971,100081,100048,205,44,161,129,32
Haiguang Temple,Junliangcheng,25941.07971,100048,100081,183,37,146,86,60
Jingli Road,University of Civil Aviation,25933.92419,100073,100142,2,1,1,1,0
University of Civil Aviation,Jingli Road,25933.92419,100142,100073,1,0,1,0,1
National Exhibition Centre,Qinjian Road,25929.39645,100105,100113,23,9,14,4,10
Qinjian Road,National Exhibition Centre,25929.39645,100113,100105,17,5,12,8,4
Xunhai Road,Cao Zhuang,25927.32391,100166,100011,19,10,9,5,4
Cao Zhuang,Xunhai Road,25927.32391,100011,100166,16,7,9,6,3
Jinghe Road,Fengchan River,25914.0044,100071,100039,1,1,0,0,0
Xiaodong Zhuang,Lushui Road,25909.89769,100156,100093,8,1,7,5,2
Lushui Road,Xiaodong Zhuang,25909.89769,100093,100156,2,2,0,0,0
Zhangxing Zhuang,Jinnan Campus of Nankai University,25903.57739,100185,100075,4,3,1,0,1
Jinnan Campus of Nankai University,Zhangxing Zhuang,25903.57739,100075,100185,2,1,1,0,1
Beiyangyuan Campus of Tianjin University,Benxi Road,25901.84128,100007,100008,12,5,7,2,5
Benxi Road,Beiyangyuan Campus of Tianjin University,25901.84128,100008,100007,8,4,4,1,3
Dongli Culture and Sports Centre,Jingli Road,25898.97254,100029,100073,1,0,1,1,0
Xiaodong Zhuang,Huayuan,25895.6872,100156,100061,153,22,131,122,9
Huayuan,Xiaodong Zhuang,25895.6872,100061,100156,148,13,135,98,37
Hehui South Road,Tiedong Road,25894.0965,100052,100139,7,2,5,2,3
Tiedong Road,Hehui South Road,25894.0965,100139,100052,6,2,4,2,2
Beiyangyuan Campus of Tianjin University,Yuejin North Road,25886.72865,100007,100181,4,3,1,0,1
Yuejin North Road,Beiyangyuan Campus of Tianjin University,25886.72865,100181,100007,1,1,0,0,0
Siyuan Road,Xianshuigu West,25884.4099,100121,100152,13,4,9,4,5
Xianshuigu West,Siyuan Road,25884.4099,100152,100121,6,2,4,4,0
Hangshuang Road,South Station,25874.75684,100051,100122,15,5,10,4,6
South Station,Hangshuang Road,25874.75684,100122,100051,8,1,7,4,3
Haihe Education Zone,Bianxing,25860.46941,100050,100009,6,1,5,1,4
Bianxing,Haihe Education Zone,25860.46941,100009,100050,4,2,2,0,2
Erwei Road,Xianshuigu West,25857.72173,100036,100152,78,25,53,19,34
Xianshuigu West,Erwei Road,25857.72173,100152,100036,75,23,52,38,14
Honghu Li,Dongli Liujing Road,25856.31637,100055,100031,11,2,9,9,0
Dongli Liujing Road,Honghu Li,25856.31637,100031,100055,5,0,5,4,1
Youyi South Road,Xiaodong Zhuang,25855.96541,100178,100156,4,0,4,4,0
Yutai,North Beichen Tech Park,25855.12806,100183,100106,7,3,4,3,1
North Beichen Tech Park,Yutai,25855.12806,100106,100183,3,2,1,0,1
Steel Tube Company,Shiyijing Road,25845.53191,100127,100117,657,117,540,391,149
Shiyijing Road,Steel Tube Company,25845.53191,100117,100127,595,98,497,340,157
Binhai International Airport,Shuanggang,25841.95865,100010,100118,15,3,12,6,6
Shuanggang,Binhai International Airport,25841.95865,100118,100010,12,0,12,5,7
Hehui South Road,People's Hospital,25837.68555,100052,100111,80,27,53,36,17
People's Hospital,Hehui South Road,25837.68555,100111,100052,76,23,53,26,27
Nansun Zhuang,Xuefu Industrial Area,25834.80356,100103,100163,3,0,3,0,3
Xuefu Industrial Area,Nansun Zhuang,25834.80356,100163,100103,1,0,1,0,1
Xianshuigu West,Jin Street,25834.67845,100152,100070,77,20,57,42,15
Jin Street,Xianshuigu West,25834.67845,100070,100152,76,22,54,40,14
Ruijing XinYuan,Xinxing Village,25834.50097,100114,100162,4,3,1,0,1
Xinxing Village,Ruijing XinYuan,25834.50097,100162,100114,2,0,2,1,1
South Station,Lilou,25832.46877,100122,100086,328,96,232,108,124
Lilou,South Station,25832.46877,100086,100122,251,79,172,73,99
Danhebei Road,Xuefu Industrial Area,25826.14307,100022,100163,5,0,5,5,0
Xuefu Industrial Area,Danhebei Road,25826.14307,100163,100022,1,0,1,1,0
Beiyangyuan Campus of Tianjin University,Lilou,25825.26096,100007,100086,2,1,1,1,0
Donggu Road,Zhou and Deng Memorial Museum,25819.47523,100026,100191,213,76,137,97,40
Zhou and Deng Memorial Museum,Donggu Road,25819.47523,100191,100026,160,35,125,94,31
Danhebei Road,Nanzhu Bridge,25818.80179,100022,100104,2,2,0,0,0
Nanzhu Bridge,Danhebei Road,25818.80179,100104,100022,2,2,0,0,0
Wujiayao,Xianshuigu West,25806.43011,100150,100152,137,42,95,49,46
Xianshuigu West,Wujiayao,25806.43011,100152,100150,117,29,88,71,17
Airport Economic Zone,Jingli Road,25805.0029,100001,100073,15,7,8,3,5
Jingli Road,Airport Economic Zone,25805.0029,100073,100001,13,4,9,4,5
Professional University,Dongli Yijing Road,25800.74104,100112,100033,1,0,1,0,1
Steel Tube Company,Xiawafang,25798.38641,100127,100157,302,57,245,206,39
Xiawafang,Steel Tube Company,25798.38641,100157,100127,255,57,198,145,53
Dongli Development Zone,Ruijing XinYuan,25796.16616,100030,100114,85,23,62,40,22
Ruijing XinYuan,Dongli Development Zone,25796.16616,100114,100030,77,18,59,33,26
Xiaodong Zhuang,Hangshuang Road,25795.23945,100156,100051,2,0,2,2,0
Hangshuang Road,Xiaodong Zhuang,25795.23945,100051,100156,2,0,2,2,0
High-Tech Zone,Dongli Yijing Road,25792.31188,100054,100033,1,1,0,0,0
Haihe Education Zone,Dengzhou South Road,25776.78417,100050,100025,2,0,2,2,0
Honghu Li,Guorui Road,25772.24789,100055,100046,30,13,17,14,3
Guorui Road,Honghu Li,25772.24789,100046,100055,26,10,16,8,8
Foreign Languages High School,National Exhibition Centre,25766.47545,100040,100105,1,0,1,1,0
Tiantai Road,Hehui South Road,25764.14392,100137,100052,41,8,33,23,10
Hehui South Road,Tiantai Road,25764.14392,100052,100137,39,6,33,19,14
Dongli Yijing Road,Benxi Road,25762.78366,100033,100008,7,3,4,2,2
Benxi Road,Dongli Yijing Road,25762.78366,100008,100033,7,2,5,5,0
National Exhibition Centre,Tiedong Road,25760.33923,100105,100139,4,0,4,3,1
Tiedong Road,National Exhibition Centre,25760.33923,100139,100105,4,2,2,2,0
Guorui Road,People's Hospital,25756.0259,100046,100111,8,0,8,5,3
People's Hospital,Guorui Road,25756.0259,100111,100046,2,0,2,0,2
North Beichen Tech Park,Liqi Zhuang South,25746.33019,100106,100088,13,2,11,5,6
Liqi Zhuang South,North Beichen Tech Park,25746.33019,100088,100106,10,1,9,5,4
Danhebei Road,Magangchang,25740.06048,100022,100094,1,1,0,0,0
Magangchang,Danhebei Road,25740.06048,100094,100022,1,1,0,0,0
Jin Street,Junliangcheng,25737.53903,100070,100081,55,16,39,14,25
Junliangcheng,Jin Street,25737.53903,100081,100070,43,10,33,23,10
Tian Tower,Xianshuigu West,25736.68793,100133,100152,203,70,133,77,56
Xianshuigu West,Tian Tower,25736.68793,100152,100133,159,68,91,55,36
Zhongshan Road,Xianshuigu West,25711.30623,100190,100152,43,15,28,8,20
Xianshuigu West,Zhongshan Road,25711.30623,100152,100190,37,12,25,13,12
Junliangcheng,Xuzhou Road,25699.3613,100081,100167,1,0,1,1,0
West Station,Hehui South Road,25686.35995,100149,100052,604,181,423,110,313
Hehui South Road,West Station,25686.35995,100052,100149,536,243,293,167,126
Nanhe Zhuang,Hehui South Road,25679.25564,100101,100052,1,0,1,1,0
Binhai International Airport,Liuyuan,25675.96517,100010,100091,664,181,483,130,353
Liuyuan,Binhai International Airport,25675.96517,100091,100010,527,147,380,177,203
Professional University,Jinghe Road,25663.23778,100112,100071,23,6,17,10,7
Jinghe Road,Professional University,25663.23778,100071,100112,18,4,14,9,5
North Beichen Tech Park,The Financial University,25662.57972,100106,100132,32,14,18,11,7
The Financial University,North Beichen Tech Park,25662.57972,100132,100106,31,10,21,14,7
Yuanyang International Centre,Hehui South Road,25660.51868,100179,100052,35,6,29,20,9
Hehui South Road,Yuanyang International Centre,25660.51868,100052,100179,33,7,26,19,7
Guorui Road,Xinkai River,25659.52524,100046,100160,5,1,4,1,3
Xinkai River,Guorui Road,25659.52524,100160,100046,2,1,1,1,0
Haihe Education Zone,Laoshan Road,25655.39246,100050,100082,2,0,2,0,2
Honghu Li,Xiaodong Zhuang,25654.28473,100055,100156,24,12,12,6,6
Xiaodong Zhuang,Honghu Li,25654.28473,100156,100055,22,8,14,9,5
Shuanggang,Xinxing Village,25641.43346,100118,100162,1,0,1,0,1
Hehui South Road,Cuifu New Village,25637.62881,100052,100019,12,5,7,6,1
Cuifu New Village,Hehui South Road,25637.62881,100019,100052,10,2,8,3,5
Fengchan River,Dongli Development Zone,25634.22094,100039,100030,23,1,22,20,2
Dongli Development Zone,Fengchan River,25634.22094,100030,100039,22,3,19,14,5
Hehui South Road,Bei Zhulin,25634.00682,100052,100004,9,7,2,0,2
Bei Zhulin,Hehui South Road,25634.00682,100004,100052,5,3,2,0,2
Hehui South Road,Liuwei Road,25633.93754,100052,100090,8,1,7,7,0
Liuwei Road,Hehui South Road,25633.93754,100090,100052,2,1,1,1,0
Hongni River East,Ruijing XinYuan,25625.88891,100056,100114,40,8,32,16,16
Ruijing XinYuan,Hongni River East,25625.88891,100114,100056,40,11,29,6,23
Xinxing Village,High-Tech Zone,25623.90232,100162,100054,1,0,1,1,0
High-Tech Zone,Xinxing Village,25623.90232,100054,100162,1,0,1,1,0
National Exhibition Centre,Beining Park,25621.54847,100105,100006,6,2,4,3,1
Beining Park,National Exhibition Centre,25621.54847,100006,100105,5,2,3,0,3
Jiangwan Erzhi Road,North Beichen Tech Park,25620.73388,100065,100106,7,1,6,1,5
North Beichen Tech Park,Jiangwan Erzhi Road,25620.73388,100106,100065,5,2,3,1,2
Donggu Road,Number Two Bridge,25619.80138,100026,100110,2,1,1,0,1
Number Two Bridge,Donggu Road,25619.80138,100110,100026,2,2,0,0,0
Foreign Languages High School,Hehui South Road,25619.01313,100040,100052,3,2,1,1,0
Shuanggang,Beichen Road,25614.74734,100118,100005,19,8,11,6,5
Beichen Road,Shuanggang,25614.74734,100005,100118,11,1,10,8,2
National Exhibition Centre,Huayuan,25608.32513,100105,100061,14,1,13,7,6
Huayuan,National Exhibition Centre,25608.32513,100061,100105,5,2,3,2,1
Zhaoyuan Road,Liuyuan,25602.25153,100186,100091,14,6,8,5,3
Liuyuan,Zhaoyuan Road,25602.25153,100091,100186,9,4,5,4,1
Haihe Education Zone,Qinjian Road,25599.46941,100050,100113,12,6,6,2,4
Qinjian Road,Haihe Education Zone,25599.46941,100113,100050,11,2,9,6,3
Dabi Zhuang,Hehui South Road,25598.02023,100021,100052,13,6,7,1,6
Hehui South Road,Dabi Zhuang,25598.02023,100052,100021,10,3,7,1,6
Dongli Development Zone,Nansun Zhuang,25597.60051,100030,100103,2,2,0,0,0
Nansun Zhuang,Dongli Development Zone,25597.60051,100103,100030,2,0,2,1,1
Tianjin Station,Xianshuigu West,25593.58376,100135,100152,964,360,604,211,393
Xianshuigu West,Tianjin Station,25593.58376,100152,100135,813,288,525,209,316
North China Group,Jingli Road,25588.69254,100107,100073,23,9,14,6,8
Jingli Road,North China Group,25588.69254,100073,100107,8,2,6,3,3
Jingli Road,Dongli Development Zone,25588.24479,100073,100030,12,4,8,6,2
Dongli Development Zone,Jingli Road,25588.24479,100030,100073,5,2,3,3,0
JinZhong Street,Hehui South Road,25586.70066,100080,100052,9,4,5,3,2
Hehui South Road,JinZhong Street,25586.70066,100052,100080,7,3,4,2,2
Guangkaisima Road,Donggu Road,25582.89988,100044,100026,162,39,123,74,49
Donggu Road,Guangkaisima Road,25582.89988,100026,100044,154,34,120,89,31
Hehui South Road,Southwest corner,25582.36721,100052,100124,33,11,22,13,9
Southwest corner,Hehui South Road,25582.36721,100124,100052,33,11,22,12,10
North Beichen Tech Park,Zhanggui Zhuang,25580.45256,100106,100184,44,7,37,30,7
Zhanggui Zhuang,North Beichen Tech Park,25580.45256,100184,100106,41,8,33,26,7
North China Group,Dongli Sanjing Road,25579.21084,100107,100032,1,0,1,0,1
Xinkai River,Xianshuigu West,25577.13072,100160,100152,48,13,35,17,18
Xianshuigu West,Xinkai River,25577.13072,100152,100160,35,6,29,18,11
Hehui South Road,Yihao Bridge,25561.32572,100052,100172,6,4,2,0,2
Yihao Bridge,Hehui South Road,25561.32572,100172,100052,2,1,1,0,1
High-Tech Zone,Jinnan Campus of Nankai University,25560.82766,100054,100075,11,4,7,5,2
Jinnan Campus of Nankai University,High-Tech Zone,25560.82766,100075,100054,9,2,7,3,4
Xianshuigu West,Taichang Road,25557.24058,100152,100128,147,40,107,75,32
Taichang Road,Xianshuigu West,25557.24058,100128,100152,137,42,95,52,43
Nanhe Zhuang,Hongni River East,25557.16314,100101,100056,6,0,6,5,1
Hongni River East,Nanhe Zhuang,25557.16314,100056,100101,2,1,1,1,0
Wandong Road,Hehui South Road,25554.75077,100144,100052,11,2,9,8,1
Hehui South Road,Wandong Road,25554.75077,100052,100144,9,0,9,3,6
University town,Dongli Sanjing Road,25553.82243,100143,100032,3,0,3,2,1
Dongli Sanjing Road,University town,25553.82243,100032,100143,2,0,2,1,1
Xiaodian,Nanzhu Bridge,25551.56905,100155,100104,7,1,6,5,1
Nanzhu Bridge,Xiaodian,25551.56905,100104,100155,4,2,2,2,0
Jintang Road,Steel Tube Company,25538.79054,100077,100127,54,9,45,31,14
Steel Tube Company,Jintang Road,25538.79054,100127,100077,52,11,41,29,12
Xuzhuangzi,Xianshuigu West,25527.44768,100168,100152,27,14,13,7,6
Xianshuigu West,Xuzhuangzi,25527.44768,100152,100168,20,8,12,5,7
Liaohe North Road,Gaozhuangzi,25523.89265,100084,100043,18,6,12,9,3
Gaozhuangzi,Liaohe North Road,25523.89265,100043,100084,15,1,14,6,8
Nansun Zhuang,Xianshuigu West,25519.28786,100103,100152,6,2,4,1,3
Xianshuigu West,Nansun Zhuang,25519.28786,100152,100103,2,1,1,1,0
Jianchang Road,Guorui Road,25516.38359,100063,100046,5,5,0,0,0
Guorui Road,Jianchang Road,25516.38359,100046,100063,2,1,1,1,0
Lilou,Beichen Road,25509.11009,100086,100005,26,9,17,9,8
Beichen Road,Lilou,25509.11009,100005,100086,18,2,16,14,2
National Exhibition Centre,Tiantai Road,25507.93953,100105,100137,8,1,7,5,2
Tiantai Road,National Exhibition Centre,25507.93953,100137,100105,5,2,3,3,0
North Beichen Tech Park,Meijiang Exhibition Centre,25506.76463,100106,100095,46,16,30,17,13
Meijiang Exhibition Centre,North Beichen Tech Park,25506.76463,100095,100106,40,18,22,14,8
Jingli Road,Ruijing XinYuan,25491.22369,100073,100114,22,6,16,8,8
Ruijing XinYuan,Jingli Road,25491.22369,100114,100073,13,3,10,4,6
Tianshili,Beiyangyuan Campus of Tianjin University,25488.60503,100136,100007,3,1,2,1,1
Beiyangyuan Campus of Tianjin University,Tianshili,25488.60503,100007,100136,2,0,2,0,2
Wangdingdi,Guorui Road,25486.92744,100145,100046,8,2,6,6,0
Guorui Road,Wangdingdi,25486.92744,100046,100145,4,2,2,2,0
Liuyuan,Jinghe Road,25485.47,100091,100071,57,10,47,29,18
Jinghe Road,Liuyuan,25485.47,100071,100091,52,17,35,30,5
Nancuiping,Donggu Road,25455.35194,100100,100026,26,18,8,4,4
Donggu Road,Nancuiping,25455.35194,100026,100100,20,4,16,7,9
Jianguo Road,Hehui South Road,25452.22621,100064,100052,35,10,25,20,5
Hehui South Road,Jianguo Road,25452.22621,100052,100064,31,13,18,17,1
Xiaodong Zhuang,Liqi Zhuang South,25450.66652,100156,100088,3,1,2,0,2
Anshan West Road,Guorui Road,25429.90227,100003,100046,6,0,6,1,5
Guorui Road,Anshan West Road,25429.90227,100046,100003,3,0,3,1,2
Hehui South Road,Xuzhou Road,25420.12947,100052,100167,1,1,0,0,0
Xingfu Park,Hehui South Road,25415.85609,100159,100052,33,7,26,13,13
Hehui South Road,Xingfu Park,25415.85609,100052,100159,22,3,19,14,5
Hehui South Road,Huashan Li,25415.10196,100052,100060,1,1,0,0,0
National Exhibition Centre,Zhicheng Road,25408.74439,100105,100187,6,0,6,1,5
Zhicheng Road,National Exhibition Centre,25408.74439,100187,100105,5,3,2,2,0
Xiaodian,Shuanggang,25407.73565,100155,100118,2,1,1,1,0
Shunchi Bridge,Hehui South Road,25407.42365,100120,100052,4,1,3,1,2
Hehui South Road,Shunchi Bridge,25407.42365,100052,100120,3,0,3,0,3
Haihe Education Zone,Xuefu Industrial Area,25407.25697,100050,100163,18,4,14,12,2
Xuefu Industrial Area,Haihe Education Zone,25407.25697,100163,100050,3,0,3,3,0
Xianshuigu West,Jingjiang Road,25403.82035,100152,100072,87,17,70,43,27
Jingjiang Road,Xianshuigu West,25403.82035,100072,100152,69,17,52,22,30
Airport Economic Zone,Yangwu Zhuang,25403.23775,100001,100169,122,33,89,63,26
Yangwu Zhuang,Airport Economic Zone,25403.23775,100169,100001,117,29,88,61,27
Haihe Education Zone,Yixingbu,25391.71846,100050,100175,3,2,1,0,1
Dongli Culture and Sports Centre,Xuefu Industrial Area,25387.47579,100029,100163,6,0,6,6,0
Xuefu Industrial Area,Dongli Culture and Sports Centre,25387.47579,100163,100029,4,0,4,3,1
Beiyangyuan Campus of Tianjin University,Yixingbu North,25386.56932,100007,100176,11,1,10,4,6
Yixingbu North,Beiyangyuan Campus of Tianjin University,25386.56932,100176,100007,10,1,9,5,4
Donggu Road,Meijiang Park,25365.97176,100026,100096,4,2,2,1,1
Meijiang Park,Donggu Road,25365.97176,100096,100026,3,3,0,0,0
Danhebei Road,Lushui Road,25355.53786,100022,100093,3,3,0,0,0
Lushui Road,Danhebei Road,25355.53786,100093,100022,3,2,1,1,0
Dongli Liujing Road,Tiantai Road,25345.08758,100031,100137,1,0,1,1,0
South Station,Xueyuan North Road,25342.94151,100122,100165,1,0,1,1,0
Xueyuan North Road,South Station,25342.94151,100165,100122,1,0,1,0,1
Dongli Sanjing Road,Qinjian Road,25336.90318,100032,100113,8,0,8,8,0
Qinjian Road,Dongli Sanjing Road,25336.90318,100113,100032,2,0,2,2,0
Xianshuigu West,Fuxing Gate,25331.78412,100152,100041,8,1,7,3,4
Fuxing Gate,Xianshuigu West,25331.78412,100041,100152,6,1,5,4,1
High-Tech Zone,Binhai International Airport,25323.16373,100054,100010,231,39,192,80,112
Binhai International Airport,High-Tech Zone,25323.16373,100010,100054,229,70,159,40,119
Dongli Liujing Road,Liaohe North Road,25318.26716,100031,100084,5,0,5,4,1
Liaohe North Road,Dongli Liujing Road,25318.26716,100084,100031,2,0,2,0,2
Junliangcheng,Xikang Road,25311.91388,100081,100158,131,41,90,59,31
Xikang Road,Junliangcheng,25311.91388,100158,100081,101,22,79,47,32
Magangchang,Xiaodong Zhuang,25311.31245,100094,100156,3,3,0,0,0
Southeast Corner,Hehui South Road,25311.06895,100123,100052,82,32,50,20,30
Hehui South Road,Southeast Corner,25311.06895,100052,100123,54,21,33,22,11
Donggu Road,Jinshi Bridge,25309.22578,100026,100076,275,64,211,132,79
Jinshi Bridge,Donggu Road,25309.22578,100076,100026,275,95,180,108,72
Donggu Road,Northwest Corner,25304.45274,100026,100109,1690,554,1136,753,383
Northwest Corner,Donggu Road,25304.45274,100109,100026,1641,485,1156,552,604
Xingfu Park,Junliangcheng,25297.47766,100159,100081,78,7,71,45,26
Junliangcheng,Xingfu Park,25297.47766,100081,100159,77,18,59,35,24
Second hospital of the Medical University,Junliangcheng,25294.95838,100115,100081,40,10,30,17,13
Junliangcheng,Second hospital of the Medical University,25294.95838,100081,100115,30,10,20,13,7
Hehui South Road,Siyuan Road,25286.45319,100052,100121,2,2,0,0,0
Siyuan Road,Hehui South Road,25286.45319,100121,100052,2,0,2,0,2
North Beichen Tech Park,Hangshuang Road,25273.10971,100106,100051,6,0,6,6,0
Hangshuang Road,North Beichen Tech Park,25273.10971,100051,100106,6,2,4,4,0
Yibin Road,Dongli Liujing Road,25271.74815,100171,100031,10,1,9,7,2
Dongli Liujing Road,Yibin Road,25271.74815,100031,100171,8,2,6,5,1
Zhicheng Road,Jinnan Campus of Nankai University,25270.05502,100187,100075,3,2,1,0,1
Jinnan Campus of Nankai University,Zhicheng Road,25270.05502,100075,100187,2,1,1,1,0
Professional University,Dongli Development Zone,25269.20777,100112,100030,69,15,54,42,12
Dongli Development Zone,Professional University,25269.20777,100030,100112,47,18,29,19,10
Yibin Road,Xianshuigu West,25260.51077,100171,100152,231,59,172,89,83
Xianshuigu West,Yibin Road,25260.51077,100152,100171,204,66,138,78,60
Cuifu New Village,Junliangcheng,25251.35446,100019,100081,18,7,11,5,6
Junliangcheng,Cuifu New Village,25251.35446,100081,100019,13,3,10,7,3
Gulou,Donggu Road,25245.27137,100045,100026,675,324,351,148,203
Donggu Road,Gulou,25245.27137,100026,100045,547,264,283,106,177
Yixingbu,Xiaodong Zhuang,25239.39626,100175,100156,19,5,14,4,10
Xiaodong Zhuang,Yixingbu,25239.39626,100156,100175,11,4,7,7,0
Xianyang Road,Dongli Liujing Road,25231.99823,100153,100031,5,1,4,3,1
Dongli Liujing Road,Xianyang Road,25231.99823,100031,100153,2,0,2,1,1
Guorui Road,Fuxing Road,25214.65767,100046,100042,2,0,2,0,2
Fuxing Road,Guorui Road,25214.65767,100042,100046,2,2,0,0,0
Haiguang Temple,Xianshuigu West,25208.73056,100048,100152,153,29,124,66,58
Xianshuigu West,Haiguang Temple,25208.73056,100152,100048,151,36,115,93,22
Junliangcheng,Southeast Corner,25199.46906,100081,100123,259,96,163,99,64
Southeast Corner,Junliangcheng,25199.46906,100123,100081,256,101,155,73,82
Jinwan Square,Xianshuigu West,25190.73315,100078,100152,162,55,107,44,63
Xianshuigu West,Jinwan Square,25190.73315,100152,100078,146,47,99,58,41
Changhong Park,Hehui South Road,25179.28927,100012,100052,45,17,28,15,13
Hehui South Road,Changhong Park,25179.28927,100052,100012,44,10,34,23,11
Jinnan Campus of Nankai University,Nanhe Zhuang,25175.78685,100075,100101,7,4,3,1,2
Nanhe Zhuang,Jinnan Campus of Nankai University,25175.78685,100101,100075,2,0,2,2,0
North Station,Guorui Road,25175.13049,100108,100046,8,5,3,0,3
Guorui Road,North Station,25175.13049,100046,100108,4,3,1,0,1
Binhai International Airport,Dongli Development Zone,25166.43594,100010,100030,65,19,46,23,23
Dongli Development Zone,Binhai International Airport,25166.43594,100030,100010,37,10,27,16,11
University of Civil Aviation,Xuefu Industrial Area,25164.97207,100142,100163,14,3,11,10,1
Xuefu Industrial Area,University of Civil Aviation,25164.97207,100163,100142,8,2,6,5,1
National Exhibition Centre,Yibin Road,25164.38726,100105,100171,1,0,1,0,1
Yibin Road,National Exhibition Centre,25164.38726,100171,100105,1,0,1,1,0
Xianshuigu West,Jianchang Road,25161.25625,100152,100063,31,4,27,15,12
Jianchang Road,Xianshuigu West,25161.25625,100063,100152,20,4,16,1,15
Guorui Road,Jiefang South Road,25154.18611,100046,100068,1,0,1,0,1
South Station,Professional University,25146.64737,100122,100112,203,94,109,52,57
Professional University,South Station,25146.64737,100112,100122,157,46,111,55,56
Yangwu Zhuang,Xinli,25146.401,100169,100161,27,5,22,19,3
Xinli,Yangwu Zhuang,25146.401,100161,100169,21,2,19,15,4
Huaihe Road,Hongni River East,25145.26806,100058,100056,12,4,8,6,2
Hongni River East,Huaihe Road,25145.26806,100056,100058,6,1,5,1,4
North Station,Xianshuigu West,25140.25393,100108,100152,117,55,62,20,42
Xianshuigu West,North Station,25140.25393,100152,100108,95,28,67,32,35
Xiaodong Zhuang,Yutai,25134.90659,100156,100183,4,1,3,2,1
Yutai,Xiaodong Zhuang,25134.90659,100183,100156,1,0,1,0,1
National Exhibition Centre,Xianyang Road,25124.80309,100105,100153,9,2,7,6,1
Xianyang Road,National Exhibition Centre,25124.80309,100153,100105,1,1,0,0,0
Jinnan Campus of Nankai University,Number Two Bridge,25118.78852,100075,100110,1,0,1,1,0
Shuanglin,Danhebei Road,25118.5904,100119,100022,9,5,4,2,2
Danhebei Road,Shuanglin,25118.5904,100022,100119,5,3,2,0,2
Jinnan Campus of Nankai University,Xianyang Road,25116.16539,100075,100153,16,4,12,8,4
Xianyang Road,Jinnan Campus of Nankai University,25116.16539,100153,100075,10,3,7,5,2
Bei Zhulin,Guorui Road,25111.0814,100004,100046,5,0,5,5,0
Guorui Road,Bei Zhulin,25111.0814,100046,100004,5,0,5,5,0
University town,Gaozhuangzi,25111.05593,100143,100043,159,84,75,44,31
Gaozhuangzi,University town,25111.05593,100043,100143,144,41,103,40,63
Liuwei Road,Junliangcheng,25105.45703,100090,100081,6,1,5,4,1
Junliangcheng,Liuwei Road,25105.45703,100081,100090,1,1,0,0,0
South Station,Fengchan River,25104.79095,100122,100039,82,35,47,17,30
Fengchan River,South Station,25104.79095,100039,100122,54,22,32,22,10
Youyi South Road,Xianshuigu West,25104.77756,100178,100152,2,0,2,0,2
Xiaodong Zhuang,Yibin Road,25104.37146,100156,100171,41,6,35,29,6
Yibin Road,Xiaodong Zhuang,25104.37146,100171,100156,34,2,32,21,11
Meilin Road,Xiaodong Zhuang,25102.15706,100098,100156,5,1,4,2,2
Xiaodong Zhuang,Meilin Road,25102.15706,100156,100098,3,2,1,0,1
Beichen Road,Dongli Culture and Sports Centre,25090.61442,100005,100029,1,0,1,0,1
Yangwu Zhuang,Beiyangyuan Campus of Tianjin University,25089.23955,100169,100007,8,4,4,4,0
Beiyangyuan Campus of Tianjin University,Yangwu Zhuang,25089.23955,100007,100169,3,1,2,1,1
Dongli Sanjing Road,Jieyuan West Road,25087.34447,100032,100069,13,0,13,11,2
Jieyuan West Road,Dongli Sanjing Road,25087.34447,100069,100032,2,1,1,1,0
Junliangcheng,Anshan Road,25085.18582,100081,100002,281,69,212,133,79
Anshan Road,Junliangcheng,25085.18582,100002,100081,233,48,185,64,121
Zhanggui Zhuang,Guorui Road,25070.77018,100184,100046,2,0,2,0,2
Guorui Road,Zhanggui Zhuang,25070.77018,100046,100184,1,0,1,0,1
Nansun Zhuang,Lilou,25070.06303,100103,100086,1,0,1,1,0
Beichen Road,Yangwu Zhuang,25069.45218,100005,100169,21,1,20,11,9
Yangwu Zhuang,Beichen Road,25069.45218,100169,100005,18,3,15,13,2
Junliangcheng,Jianshan Road,25069.24105,100081,100066,23,5,18,8,10
Jianshan Road,Junliangcheng,25069.24105,100066,100081,20,6,14,12,2
Xiaodong Zhuang,Xianyang Road,25065.07201,100156,100153,76,21,55,44,11
Xianyang Road,Xiaodong Zhuang,25065.07201,100153,100156,69,13,56,33,23
Guorui Road,Tiantuo,25049.91204,100046,100138,11,0,11,5,6
Tiantuo,Guorui Road,25049.91204,100138,100046,3,1,2,0,2
Dongjiang Road,Ruijing XinYuan,25045.30878,100028,100114,2,2,0,0,0
Junliangcheng,Wandong Road,25026.27026,100081,100144,9,2,7,1,6
Wandong Road,Junliangcheng,25026.27026,100144,100081,6,2,4,2,2
Jinnan Campus of Nankai University,Dabi Zhuang,25025.04796,100075,100021,4,2,2,1,1
Dabi Zhuang,Jinnan Campus of Nankai University,25025.04796,100021,100075,2,1,1,0,1
Dongli Liujing Road,Huayuan,25024.14088,100031,100061,4,0,4,0,4
Huayuan,Dongli Liujing Road,25024.14088,100061,100031,3,0,3,0,3
Shunchi Bridge,Junliangcheng,25021.1493,100120,100081,67,14,53,41,12
Junliangcheng,Shunchi Bridge,25021.1493,100081,100120,60,13,47,40,7
Gaozhuangzi,JinZhong Street,25013.38876,100043,100080,40,7,33,13,20
JinZhong Street,Gaozhuangzi,25013.38876,100080,100043,32,18,14,9,5
Fuxing Road,Dongli Liujing Road,25011.88776,100042,100031,5,0,5,5,0
Dongli Liujing Road,Fuxing Road,25011.88776,100031,100042,4,1,3,3,0
Beiyangyuan Campus of Tianjin University,Dengzhou Road,25007.34647,100007,100024,5,1,4,4,0
Dengzhou Road,Beiyangyuan Campus of Tianjin University,25007.34647,100024,100007,5,3,2,0,2
Hehui South Road,Xuzhuangzi,25005.56356,100052,100168,2,0,2,0,2
Xuzhuangzi,Hehui South Road,25005.56356,100168,100052,2,0,2,2,0
Hongni River East,Cao Zhuang,25002.87973,100056,100011,65,19,46,21,25
Cao Zhuang,Hongni River East,25002.87973,100011,100056,63,21,42,18,24
Airport Economic Zone,Guorui Road,25001.46135,100001,100046,20,4,16,12,4
Guorui Road,Airport Economic Zone,25001.46135,100046,100001,9,1,8,5,3
Hehui South Road,Zhongshan Road,24999.40196,100052,100190,10,7,3,0,3
Zhongshan Road,Hehui South Road,24999.40196,100190,100052,4,1,3,0,3
Siyuan Road,National Exhibition Centre,24999.33115,100121,100105,4,2,2,2,0
National Exhibition Centre,Siyuan Road,24999.33115,100105,100121,2,0,2,2,0
Huaihe Road,Jingli Road,24996.7187,100058,100073,9,2,7,7,0
Jingli Road,Huaihe Road,24996.7187,100073,100058,8,1,7,6,1
Fengchan River,Lilou,24992.8151,100039,100086,8,5,3,0,3
Lilou,Fengchan River,24992.8151,100086,100039,7,4,3,1,2
Jinnan Campus of Nankai University,Northwest Corner,24989.716,100075,100109,53,28,25,7,18
Northwest Corner,Jinnan Campus of Nankai University,24989.716,100109,100075,37,14,23,16,7
Xiaodian,Yangwu Zhuang,24982.27783,100155,100169,34,6,28,21,7
Yangwu Zhuang,Xiaodian,24982.27783,100169,100155,34,6,28,15,13
Xiaodong Zhuang,Guoshan Road,24964.2226,100156,100047,12,2,10,7,3
Guoshan Road,Xiaodong Zhuang,24964.2226,100047,100156,6,1,5,5,0
Xiaodian,Chunhai Road,24958.6312,100155,100017,14,2,12,2,10
Chunhai Road,Xiaodian,24958.6312,100017,100155,12,3,9,5,4
Jinnan Campus of Nankai University,Guangkaisima Road,24956.12273,100075,100044,19,13,6,2,4
Guangkaisima Road,Jinnan Campus of Nankai University,24956.12273,100044,100075,17,10,7,6,1
Gaozhuangzi,Tianshili,24956.08967,100043,100136,14,4,10,3,7
Tianshili,Gaozhuangzi,24956.08967,100136,100043,8,2,6,5,1
Jinghe Road,University of Civil Aviation,24954.60883,100071,100142,2,2,0,0,0
University of Civil Aviation,Jinghe Road,24954.60883,100142,100071,2,1,1,1,0
Jinshi Bridge,Junliangcheng,24953.5082,100076,100081,109,30,79,50,29
Junliangcheng,Jinshi Bridge,24953.5082,100081,100076,104,33,71,50,21
Dongli Sanjing Road,Huaihe Road,24950.59736,100032,100058,3,0,3,1,2
Huaihe Road,Dongli Sanjing Road,24950.59736,100058,100032,1,0,1,1,0
Beichen Road,Xinxing Village,24948.34661,100005,100162,1,1,0,0,0
Xinxing Village,Beichen Road,24948.34661,100162,100005,1,0,1,0,1
Jinnan Campus of Nankai University,JinZhong Street,24941.00696,100075,100080,3,1,2,1,1
JinZhong Street,Jinnan Campus of Nankai University,24941.00696,100080,100075,3,2,1,0,1
Huayuan,Xianshuigu West,24939.84497,100061,100152,396,47,349,231,118
Xianshuigu West,Huayuan,24939.84497,100152,100061,375,65,310,252,58
Xueyuan North Road,Liuyuan,24936.98981,100165,100091,3,1,2,0,2
Chunhai Road,Beichen Road,24931.99048,100017,100005,10,3,7,6,1
Beichen Road,Chunhai Road,24931.99048,100005,100017,9,1,8,6,2
Erwei Road,Hehui South Road,24928.56399,100036,100052,36,9,27,14,13
Hehui South Road,Erwei Road,24928.56399,100052,100036,25,5,20,17,3
Xunhai Road,Professional University,24926.12282,100166,100112,3,1,2,0,2
Professional University,Xunhai Road,24926.12282,100112,100166,1,0,1,0,1
Beiyangyuan Campus of Tianjin University,Xiangshan Road,24919.69434,100007,100151,3,1,2,1,1
Xiangshan Road,Beiyangyuan Campus of Tianjin University,24919.69434,100151,100007,2,0,2,0,2
Jinghe Road,Dongli Culture and Sports Centre,24919.65718,100071,100029,2,2,0,0,0
High-Tech Zone,Xunhai Road,24917.69366,100054,100166,4,4,0,0,0
Xunhai Road,High-Tech Zone,24917.69366,100166,100054,2,1,1,1,0
Hehui South Road,Jin Street,24905.52072,100052,100070,26,13,13,8,5
Jin Street,Hehui South Road,24905.52072,100070,100052,22,7,15,10,5
Tiedong Road,Jinnan Campus of Nankai University,24897.60572,100139,100075,11,5,6,4,2
Jinnan Campus of Nankai University,Tiedong Road,24897.60572,100075,100139,9,3,6,0,6
Haihe Education Zone,Jieyuan West Road,24896.09454,100050,100069,6,1,5,3,2
Jieyuan West Road,Haihe Education Zone,24896.09454,100069,100050,4,1,3,1,2
Dongli Culture and Sports Centre,Jiayuan Li,24895.47962,100029,100067,9,4,5,1,4
Jiayuan Li,Dongli Culture and Sports Centre,24895.47962,100067,100029,6,3,3,0,3
Gaozhuangzi,Bianxing,24894.26769,100043,100009,29,7,22,11,11
Bianxing,Gaozhuangzi,24894.26769,100009,100043,24,14,10,10,0
Wangdingdi,Xiaodong Zhuang,24894.09347,100145,100156,35,2,33,24,9
Xiaodong Zhuang,Wangdingdi,24894.09347,100156,100145,25,2,23,21,2
Anshan West Road,Dongli Liujing Road,24888.56033,100003,100031,3,0,3,3,0
Dongli Liujing Road,Anshan West Road,24888.56033,100031,100003,2,0,2,1,1
Xunhai Road,Benxi Road,24888.16544,100166,100008,9,3,6,5,1
Benxi Road,Xunhai Road,24888.16544,100008,100166,8,3,5,2,3
Yueya River,Xianshuigu West,24879.08196,100182,100152,90,34,56,26,30
Xianshuigu West,Yueya River,24879.08196,100152,100182,67,23,44,17,27
Wujiayao,Hehui South Road,24877.27237,100150,100052,44,10,34,18,16
Hehui South Road,Wujiayao,24877.27237,100052,100150,22,4,18,15,3
Jiefang South Road,Dongli Liujing Road,24876.57376,100068,100031,2,0,2,0,2
Dongli Liujing Road,Jiefang South Road,24876.57376,100031,100068,1,0,1,0,1
University of Civil Aviation,Liuyuan,24873.04805,100142,100091,67,30,37,22,15
Liuyuan,University of Civil Aviation,24873.04805,100091,100142,60,23,37,21,16
National Exhibition Centre,People's Hospital,24865.80867,100105,100111,5,0,5,2,3
People's Hospital,National Exhibition Centre,24865.80867,100111,100105,3,3,0,0,0
Fuxing Road,Jinnan Campus of Nankai University,24860.47396,100042,100075,18,9,9,2,7
Jinnan Campus of Nankai University,Fuxing Road,24860.47396,100075,100042,17,9,8,6,2
Donggu Road,Yuanyang International Centre,24858.19745,100026,100179,281,62,219,173,46
Yuanyang International Centre,Donggu Road,24858.19745,100179,100026,245,71,174,109,65
Junliangcheng,Chentang Zhuang,24858.01228,100081,100015,49,12,37,21,16
Chentang Zhuang,Junliangcheng,24858.01228,100015,100081,28,4,24,11,13
Hehui South Road,Xinkai River,24857.203,100052,100160,3,0,3,1,2
Xinkai River,Hehui South Road,24857.203,100160,100052,3,1,2,2,0
Honghu Li,National Exhibition Centre,24854.50684,100055,100105,18,9,9,3,6
National Exhibition Centre,Honghu Li,24854.50684,100105,100055,10,4,6,2,4
Beiyangyuan Campus of Tianjin University,Huanyu Road,24846.08867,100007,100059,1,1,0,0,0
Fuxing Road,Xiaodong Zhuang,24846.06659,100042,100156,20,9,11,5,6
Xiaodong Zhuang,Fuxing Road,24846.06659,100156,100042,18,8,10,8,2
South Station,Dabi Zhuang,24841.79281,100122,100021,156,46,110,55,55
Dabi Zhuang,South Station,24841.79281,100021,100122,129,39,90,45,45
Anshan West Road,Xiaodong Zhuang,24837.0683,100003,100156,58,12,46,19,27
Xiaodong Zhuang,Anshan West Road,24837.0683,100156,100003,57,12,45,31,14
Heping Road,Junliangcheng,24833.14701,100053,100081,538,239,299,125,174
Junliangcheng,Heping Road,24833.14701,100081,100053,357,140,217,130,87
Jinnan Campus of Nankai University,Chunhai Road,24832.35545,100075,100017,1,0,1,0,1
Airport Economic Zone,Jinghe Road,24825.68753,100001,100071,13,3,10,7,3
Jinghe Road,Airport Economic Zone,24825.68753,100071,100001,4,1,3,1,2
Liuyuan,Xinli,24825.59945,100091,100161,132,33,99,56,43
Xinli,Liuyuan,24825.59945,100161,100091,125,29,96,59,37
Cao Zhuang,Dongli Culture and Sports Centre,24818.21892,100011,100029,40,11,29,14,15
Dongli Culture and Sports Centre,Cao Zhuang,24818.21892,100029,100011,21,6,15,5,10
National Exhibition Centre,Meilin Road,24814.79498,100105,100098,1,1,0,0,0
Jinshi Bridge,Jinnan Campus of Nankai University,24808.21292,100076,100075,21,4,17,13,4
Jinnan Campus of Nankai University,Jinshi Bridge,24808.21292,100075,100076,15,2,13,5,8
Xiaodong Zhuang,People's Hospital,24805.79287,100156,100111,54,6,48,31,17
People's Hospital,Xiaodong Zhuang,24805.79287,100111,100156,52,7,45,18,27
Gulou,Jinnan Campus of Nankai University,24804.9742,100045,100075,134,88,46,20,26
Jinnan Campus of Nankai University,Gulou,24804.9742,100075,100045,105,62,43,20,23
Gaozhuangzi,Benxi Road,24800.79287,100043,100008,145,25,120,72,48
Benxi Road,Gaozhuangzi,24800.79287,100008,100043,112,37,75,40,35
Zhanggui Zhuang,Haihe Education Zone,24800.55065,100184,100050,2,0,2,1,1
Haihe Education Zone,Zhanggui Zhuang,24800.55065,100050,100184,2,1,1,0,1
Zhongshan Gate,Xianshuigu West,24799.00879,100189,100152,60,17,43,24,19
Xianshuigu West,Zhongshan Gate,24799.00879,100152,100189,53,24,29,16,13
South Station,Xuelian South Road,24794.25412,100122,100164,1,1,0,0,0
Dongli Yijing Road,North China Group,24791.60497,100033,100107,4,2,2,0,2
North China Group,Dongli Yijing Road,24791.60497,100107,100033,1,1,0,0,0
Guorui Road,Changhong Park,24790.38047,100046,100012,8,4,4,1,3
Changhong Park,Guorui Road,24790.38047,100012,100046,8,4,4,2,2
Xingfu Park,Donggu Road,24786.38833,100159,100026,185,62,123,55,68
Donggu Road,Xingfu Park,24786.38833,100026,100159,176,43,133,78,55
Xinkai River,National Exhibition Centre,24779.3292,100160,100105,3,2,1,1,0
National Exhibition Centre,Xinkai River,24779.3292,100105,100160,2,0,2,0,2
Shuanggang,Gaozhuangzi,24773.11038,100118,100043,5,0,5,5,0
Bianxing,Beiyangyuan Campus of Tianjin University,24772.87124,100009,100007,9,3,6,5,1
Beiyangyuan Campus of Tianjin University,Bianxing,24772.87124,100007,100009,6,1,5,1,4
Dongli Yijing Road,University town,24766.21656,100033,100143,2,0,2,1,1
University town,Dongli Yijing Road,24766.21656,100143,100033,1,0,1,0,1
JinZhong River Street,Guorui Road,24765.35467,100079,100046,13,10,3,2,1
Guorui Road,JinZhong River Street,24765.35467,100046,100079,4,1,3,2,1
Tian Tower,Donggu Road,24764.84806,100133,100026,371,128,243,98,145
Donggu Road,Tian Tower,24764.84806,100026,100133,346,100,246,139,107
Donggu Road,Yihao Bridge,24759.00449,100026,100172,8,5,3,1,2
Yihao Bridge,Donggu Road,24759.00449,100172,100026,7,1,6,3,3
Xiaodong Zhuang,Dongting Road,24758.12553,100156,100034,5,0,5,5,0
Dongting Road,Xiaodong Zhuang,24758.12553,100034,100156,5,0,5,4,1
Bei Zhulin,Xiaodong Zhuang,24742.49031,100004,100156,1,0,1,0,1
Xiaodong Zhuang,Bei Zhulin,24742.49031,100156,100004,1,1,0,0,0
Jiayuan Li,Dongli Development Zone,24734.31934,100067,100030,80,10,70,55,15
Dongli Development Zone,Jiayuan Li,24734.31934,100030,100067,68,15,53,36,17
Danhebei Road,High-Tech Zone,24728.45362,100022,100054,5,2,3,1,2
High-Tech Zone,Danhebei Road,24728.45362,100054,100022,3,0,3,2,1
Tian Tower,Hehui South Road,24719.10633,100133,100052,69,22,47,29,18
Hehui South Road,Tian Tower,24719.10633,100052,100133,45,13,32,19,13
Lilou,Yangwu Zhuang,24718.71293,100086,100169,17,3,14,10,4
Yangwu Zhuang,Lilou,24718.71293,100169,100086,17,1,16,12,4
North Beichen Tech Park,Chinese Medicine First Affiliated Hospital,24718.61731,100106,100016,121,31,90,61,29
Chinese Medicine First Affiliated Hospital,North Beichen Tech Park,24718.61731,100016,100106,112,22,90,35,55
Minquan Gate,National Exhibition Centre,24718.48016,100099,100105,3,2,1,0,1
National Exhibition Centre,Minquan Gate,24718.48016,100105,100099,2,1,1,1,0
Gaozhuangzi,Yixingbu North,24717.00009,100043,100176,40,11,29,15,14
Yixingbu North,Gaozhuangzi,24717.00009,100176,100043,36,13,23,19,4
Junliangcheng,Tianjin Hotel,24700.67242,100081,100134,63,9,54,44,10
Tianjin Hotel,Junliangcheng,24700.67242,100134,100081,61,6,55,40,15
Beiyangyuan Campus of Tianjin University,Dengzhou South Road,24700.08275,100007,100025,3,3,0,0,0
Dengzhou South Road,Beiyangyuan Campus of Tianjin University,24700.08275,100025,100007,2,2,0,0,0
Guorui Road,Hongqi South Road,24697.63259,100046,100057,7,1,6,1,5
Hongqi South Road,Guorui Road,24697.63259,100057,100046,6,0,6,4,2
Cao Zhuang,Xinxing Village,24695.39344,100011,100162,9,1,8,3,5
Xinxing Village,Cao Zhuang,24695.39344,100162,100011,7,1,6,5,1
Donggu Road,Southwest corner,24694.61632,100026,100124,769,229,540,321,219
Southwest corner,Donggu Road,24694.61632,100124,100026,665,210,455,247,208
Shuanglin,Xiaodong Zhuang,24689.84236,100119,100156,3,1,2,1,1
Xiaodong Zhuang,Shuanglin,24689.84236,100156,100119,2,1,1,1,0
North Beichen Tech Park,Lijiang Road,24685.14043,100106,100085,10,3,7,7,0
Lijiang Road,North Beichen Tech Park,24685.14043,100085,100106,7,1,6,3,3
Dongli Development Zone,Hongni River East,24684.65391,100030,100056,1,0,1,0,1
High-Tech Zone,Dongli Development Zone,24684.62886,100054,100030,103,20,83,60,23
Dongli Development Zone,High-Tech Zone,24684.62886,100030,100054,77,16,61,54,7
Jinnan Campus of Nankai University,Tiantai Road,24681.67176,100075,100137,30,14,16,5,11
Tiantai Road,Jinnan Campus of Nankai University,24681.67176,100137,100075,27,14,13,4,9
Hangshuang Road,Yangwu Zhuang,24681.43986,100051,100169,31,2,29,25,4
Yangwu Zhuang,Hangshuang Road,24681.43986,100169,100051,30,3,27,26,1
Hongni River East,High-Tech Zone,24676.43625,100056,100054,52,5,47,33,14
High-Tech Zone,Hongni River East,24676.43625,100054,100056,39,3,36,29,7
Binhai International Airport,Ruijing XinYuan,24674.74303,100010,100114,256,75,181,55,126
Ruijing XinYuan,Binhai International Airport,24674.74303,100114,100010,230,62,168,87,81
Haihe Education Zone,Liulin Road,24674.29333,100050,100089,1,1,0,0,0
Tianjin Station,Hehui South Road,24664.42602,100135,100052,385,135,250,82,168
Hehui South Road,Tianjin Station,24664.42602,100052,100135,347,140,207,96,111
Guorui Road,Zhongshan Road,24661.6103,100046,100190,14,2,12,8,4
Zhongshan Road,Guorui Road,24661.6103,100190,100046,9,3,6,4,2
Haihe Education Zone,Yudongcheng,24656.71905,100050,100180,8,1,7,7,0
Yudongcheng,Haihe Education Zone,24656.71905,100180,100050,3,0,3,2,1
Xuzhuangzi,Xiaodong Zhuang,24654.09148,100168,100156,12,4,8,5,3
Xiaodong Zhuang,Xuzhuangzi,24654.09148,100156,100168,10,2,8,6,2
Donggu Road,Guoshan Road,24652.23604,100026,100047,20,4,16,6,10
Guoshan Road,Donggu Road,24652.23604,100047,100026,9,5,4,4,0
Jianguo Road,Donggu Road,24649.90498,100064,100026,163,72,91,58,33
Donggu Road,Jianguo Road,24649.90498,100026,100064,129,33,96,57,39
Steel Tube Company,Zhigu,24648.51992,100127,100188,434,97,337,219,118
Zhigu,Steel Tube Company,24648.51992,100188,100127,416,89,327,235,92
Beiyangyuan Campus of Tianjin University,Yixingbu,24644.18478,100007,100175,2,0,2,2,0
Yixingbu,Beiyangyuan Campus of Tianjin University,24644.18478,100175,100007,2,1,1,0,1
National Exhibition Centre,Jianchang Road,24636.18754,100105,100063,3,0,3,0,3
Jianchang Road,National Exhibition Centre,24636.18754,100063,100105,2,0,2,0,2
Cao Zhuang,Dongli Development Zone,24635.35929,100011,100030,314,55,259,187,72
Dongli Development Zone,Cao Zhuang,24635.35929,100030,100011,240,44,196,130,66
University town,Xinxing Village,24633.31825,100143,100162,1,0,1,0,1
Hehui South Road,Taichang Road,24628.08285,100052,100128,43,18,25,18,7
Taichang Road,Hehui South Road,24628.08285,100128,100052,33,10,23,17,6
North Beichen Tech Park,Meijiang Park,24627.94124,100106,100096,11,2,9,8,1
Meijiang Park,North Beichen Tech Park,24627.94124,100096,100106,11,2,9,6,3
Dongli Liujing Road,Foreign Languages High School,24627.63916,100031,100040,2,1,1,1,0
Nanhe Zhuang,Yangwu Zhuang,24618.23524,100101,100169,14,4,10,6,4
Yangwu Zhuang,Nanhe Zhuang,24618.23524,100169,100101,13,3,10,6,4
Hongni River East,Jiayuan Li,24617.68688,100056,100067,17,3,14,8,6
Jiayuan Li,Hongni River East,24617.68688,100067,100056,16,2,14,9,5
North Beichen Tech Park,Huashan Li,24611.5973,100106,100060,48,8,40,20,20
Huashan Li,North Beichen Tech Park,24611.5973,100060,100106,38,8,30,24,6
Dongli Development Zone,Jinghe Road,24608.92943,100030,100071,2,1,1,1,0
Jinghe Road,Dongli Development Zone,24608.92943,100071,100030,2,0,2,0,2
Ruijing XinYuan,Zhaoyuan Road,24601.02939,100114,100186,3,1,2,0,2
Zhaoyuan Road,Ruijing XinYuan,24601.02939,100186,100114,2,1,1,0,1
Beiyangyuan Campus of Tianjin University,Qinjian Road,24587.49527,100007,100113,42,22,20,8,12
Qinjian Road,Beiyangyuan Campus of Tianjin University,24587.49527,100113,100007,20,8,12,10,2
Xiaodong Zhuang,Zhangxing Zhuang,24587.17995,100156,100185,14,6,8,7,1
Zhangxing Zhuang,Xiaodong Zhuang,24587.17995,100185,100156,10,2,8,5,3
North China Group,Jinghe Road,24586.63877,100107,100071,11,1,10,9,1
Jinghe Road,North China Group,24586.63877,100071,100107,9,6,3,2,1
Heping Road,Xianshuigu West,24586.20901,100053,100152,407,189,218,97,121
Xianshuigu West,Heping Road,24586.20901,100152,100053,252,99,153,64,89
Hangshuang Road,Jingli Road,24586.05198,100051,100073,3,0,3,3,0
Jingli Road,Hangshuang Road,24586.05198,100073,100051,1,1,0,0,0
Shuanggang,Fengchan River,24581.49778,100118,100039,2,0,2,2,0
Anshan West Road,Xianshuigu West,24580.81999,100003,100152,641,159,482,290,192
Xianshuigu West,Anshan West Road,24580.81999,100152,100003,631,146,485,345,140
Xianshuigu West,Xikang Road,24579.56472,100152,100158,126,32,94,55,39
Xikang Road,Xianshuigu West,24579.56472,100158,100152,122,37,85,57,28
Jinnan Campus of Nankai University,People's Hospital,24578.95401,100075,100111,55,25,30,15,15
People's Hospital,Jinnan Campus of Nankai University,24578.95401,100111,100075,43,23,20,13,7
Beiyangyuan Campus of Tianjin University,Laoshan Road,24578.69104,100007,100082,2,1,1,1,0
Xiaodian,Magangchang,24576.93199,100155,100094,3,0,3,0,3
Magangchang,Xiaodian,24576.93199,100094,100155,2,0,2,1,1
Foreign Languages High School,Jinnan Campus of Nankai University,24574.9868,100040,100075,11,2,9,9,0
Jinnan Campus of Nankai University,Foreign Languages High School,24574.9868,100075,100040,9,2,7,4,3
Haihe Education Zone,Honghu Li,24573.15112,100050,100055,11,6,5,5,0
Honghu Li,Haihe Education Zone,24573.15112,100055,100050,6,1,5,2,3
Shunchi Bridge,Donggu Road,24565.87096,100120,100026,91,19,72,42,30
Donggu Road,Shunchi Bridge,24565.87096,100026,100120,67,26,41,27,14
Jianchang Road,Hehui South Road,24563.29954,100063,100052,6,2,4,2,2
Hehui South Road,Jianchang Road,24563.29954,100052,100063,4,1,3,2,1
Xiaodong Zhuang,Jiefang South Road,24561.35214,100156,100068,27,5,22,16,6
Jiefang South Road,Xiaodong Zhuang,24561.35214,100068,100156,27,7,20,12,8
Leyuan Road,Junliangcheng,24557.68351,100083,100081,19,5,14,5,9
Junliangcheng,Leyuan Road,24557.68351,100081,100083,7,3,4,0,4
Xuzhou Road,Donggu Road,24557.09255,100167,100026,7,6,1,0,1
Donggu Road,Xuzhou Road,24557.09255,100026,100167,1,1,0,0,0
Xianshuigu West,Liqi Zhuang South,24554.8354,100152,100088,27,5,22,18,4
Liqi Zhuang South,Xianshuigu West,24554.8354,100088,100152,18,5,13,9,4
Anshan West Road,National Exhibition Centre,24549.70622,100003,100105,4,3,1,1,0
National Exhibition Centre,Anshan West Road,24549.70622,100105,100003,2,0,2,1,1
Dongli Yijing Road,Qinjian Road,24549.29731,100033,100113,3,1,2,2,0
Xuefu Industrial Area,Airport Economic Zone,24540.26736,100163,100001,193,15,178,141,37
Airport Economic Zone,Xuefu Industrial Area,24540.26736,100001,100163,188,14,174,148,26
Dabi Zhuang,Hongni River East,24539.57497,100021,100056,8,2,6,1,5
Hongni River East,Dabi Zhuang,24539.57497,100056,100021,3,1,2,0,2
Yuejin North Road,South Station,24535.47997,100181,100122,79,20,59,37,22
South Station,Yuejin North Road,24535.47997,100122,100181,67,15,52,22,30
University town,Jinnan Campus of Nankai University,24534.73234,100143,100075,77,36,41,24,17
Jinnan Campus of Nankai University,University town,24534.73234,100075,100143,63,28,35,9,26
Xinli,Beichen Road,24530.78605,100161,100005,62,16,46,23,23
Beichen Road,Xinli,24530.78605,100005,100161,43,7,36,18,18
Danhebei Road,University of Civil Aviation,24530.49365,100022,100142,1,1,0,0,0
Jinnan Campus of Nankai University,West Station,24511.07977,100075,100149,450,167,283,123,160
West Station,Jinnan Campus of Nankai University,24511.07977,100149,100075,415,217,198,50,148
Guorui Road,Yingfeng Road,24510.97685,100046,100173,9,0,9,8,1
Yingfeng Road,Guorui Road,24510.97685,100173,100046,7,0,7,7,0
Yuanyang International Centre,Junliangcheng,24502.47987,100179,100081,121,37,84,50,34
Junliangcheng,Yuanyang International Centre,24502.47987,100081,100179,118,36,82,47,35
Yaohuan Road,North Beichen Tech Park,24497.68965,100170,100106,12,4,8,3,5
North Beichen Tech Park,Yaohuan Road,24497.68965,100106,100170,9,2,7,3,4
Jinghe Road,Ruijing XinYuan,24492.84343,100071,100114,24,2,22,18,4
Ruijing XinYuan,Jinghe Road,24492.84343,100114,100071,21,1,20,10,10
Tiedong Road,Dongli Liujing Road,24488.93805,100139,100031,1,0,1,1,0
Jinnan Campus of Nankai University,Bei Zhulin,24488.42659,100075,100004,17,13,4,2,2
Bei Zhulin,Jinnan Campus of Nankai University,24488.42659,100004,100075,11,4,7,0,7
Zhou and Deng Memorial Museum,Xianshuigu West,24487.65473,100191,100152,112,45,67,28,39
Xianshuigu West,Zhou and Deng Memorial Museum,24487.65473,100152,100191,102,38,64,33,31
Youyi South Road,Xiaodian,24481.74114,100178,100155,1,0,1,1,0
West Station,Guorui Road,24477.00003,100149,100046,184,61,123,21,102
Guorui Road,West Station,24477.00003,100046,100149,118,42,76,25,51
Hehui South Road,Jingjiang Road,24474.66262,100052,100072,38,7,31,25,6
Jingjiang Road,Hehui South Road,24474.66262,100072,100052,30,6,24,19,5
Beichen Road,Nanzhu Bridge,24459.15674,100005,100104,16,1,15,12,3
Nanzhu Bridge,Beichen Road,24459.15674,100104,100005,11,1,10,7,3
Xiaodong Zhuang,Tiantuo,24457.07807,100156,100138,58,15,43,35,8
Tiantuo,Xiaodong Zhuang,24457.07807,100138,100156,41,5,36,20,16
Yuejin North Road,Xiaodong Zhuang,24450.82824,100181,100156,4,2,2,1,1
Xiaodong Zhuang,Yuejin North Road,24450.82824,100156,100181,3,1,2,1,1
Dongli Liujing Road,Yixingbu North,24448.39911,100031,100176,1,0,1,0,1
Yixingbu North,Dongli Liujing Road,24448.39911,100176,100031,1,0,1,1,0
Southeast Corner,Donggu Road,24448.03203,100123,100026,673,344,329,151,178
Donggu Road,Southeast Corner,24448.03203,100026,100123,647,303,344,195,149
South Station,Guoshan Road,24443.67986,100122,100047,86,23,63,44,19
Guoshan Road,South Station,24443.67986,100047,100122,31,12,19,10,9
Jingli Road,Jiayuan Li,24442.41324,100073,100067,30,7,23,16,7
Jiayuan Li,Jingli Road,24442.41324,100067,100073,13,4,9,5,4
South Station,Haihe East Road,24432.22434,100122,100049,1,1,0,0,0
Haihe East Road,South Station,24432.22434,100049,100122,1,1,0,0,0
Xiaodong Zhuang,Longhan Road,24432.17593,100156,100092,1,0,1,0,1
North Station,Hehui South Road,24428.34966,100108,100052,32,9,23,15,8
Hehui South Road,North Station,24428.34966,100052,100108,26,12,14,10,4
Fuxing Gate,Hehui South Road,24402.62639,100041,100052,1,0,1,1,0
Meijiang Exhibition Centre,Guorui Road,24388.49531,100095,100046,2,2,0,0,0
Guorui Road,Meijiang Exhibition Centre,24388.49531,100046,100095,1,0,1,0,1
Liuyuan,Xuelian South Road,24388.30242,100091,100164,14,5,9,4,5
Xuelian South Road,Liuyuan,24388.30242,100164,100091,14,5,9,8,1
Xianshuigu West,Yutai,24383.71874,100152,100183,18,3,15,8,7
Yutai,Xianshuigu West,24383.71874,100183,100152,15,2,13,8,5
Binhai International Airport,University town,24375.14396,100010,100143,751,280,471,131,340
University town,Binhai International Airport,24375.14396,100143,100010,594,171,423,185,238
Xianshuigu West,Beining Park,24373.22442,100152,100006,71,28,43,23,20
Beining Park,Xianshuigu West,24373.22442,100006,100152,55,19,36,14,22
Bianxing,Xunhai Road,24364.20869,100009,100166,4,2,2,2,0
Xunhai Road,Bianxing,24364.20869,100166,100009,4,4,0,0,0
Junliangcheng,Donghai Road,24363.6288,100081,100027,762,154,608,447,161
Donghai Road,Junliangcheng,24363.6288,100027,100081,754,147,607,433,174
Yuanyang International Centre,Jinnan Campus of Nankai University,24357.18459,100179,100075,28,5,23,15,8
Jinnan Campus of Nankai University,Yuanyang International Centre,24357.18459,100075,100179,22,6,16,10,6
Anshan Road,Xianshuigu West,24352.83667,100002,100152,216,39,177,56,121
Xianshuigu West,Anshan Road,24352.83667,100152,100002,207,31,176,111,65
North China Group,Dongli Development Zone,24349.17949,100107,100030,171,56,115,64,51
Dongli Development Zone,North China Group,24349.17949,100030,100107,131,44,87,44,43
Lilou,Liuyuan,24336.21657,100086,100091,542,136,406,221,185
Liuyuan,Lilou,24336.21657,100091,100086,513,166,347,178,169
Jinnan Campus of Nankai University,Cuifu New Village,24334.29472,100075,100019,5,1,4,2,2
Cuifu New Village,Jinnan Campus of Nankai University,24334.29472,100019,100075,1,0,1,0,1
Professional University,Shuanggang,24330.73116,100112,100118,13,6,7,4,3
Shuanggang,Professional University,24330.73116,100118,100112,8,2,6,1,5
Liuwei Road,Jinnan Campus of Nankai University,24330.60345,100090,100075,2,0,2,1,1
Dongli Sanjing Road,Honghu Li,24328.57845,100032,100055,30,3,27,24,3
Honghu Li,Dongli Sanjing Road,24328.57845,100055,100032,11,1,10,5,5
Hehui South Road,Yibin Road,24325.12297,100052,100171,79,15,64,47,17
Yibin Road,Hehui South Road,24325.12297,100171,100052,65,12,53,48,5
Danhebei Road,Jiefang South Road,24314.19256,100022,100068,4,3,1,0,1
Jiefang South Road,Danhebei Road,24314.19256,100068,100022,2,1,1,1,0
National Exhibition Centre,Fuxing Road,24305.99916,100105,100042,7,2,5,3,2
Fuxing Road,National Exhibition Centre,24305.99916,100042,100105,6,2,4,4,0
Dongli Yijing Road,Jieyuan West Road,24299.7386,100033,100069,2,0,2,2,0
Jieyuan West Road,Dongli Yijing Road,24299.7386,100069,100033,1,0,1,0,1
Danhebei Road,Liulin Road,24298.52676,100022,100089,1,0,1,1,0
Xiaodong Zhuang,Taida,24297.46848,100156,100129,719,144,575,424,151
Taida,Xiaodong Zhuang,24297.46848,100129,100156,683,153,530,325,205
North Station,National Exhibition Centre,24294.93445,100108,100105,28,19,9,5,4
National Exhibition Centre,North Station,24294.93445,100105,100108,21,5,16,10,6
Lilou,Professional University,24294.82561,100086,100112,42,14,28,18,10
Professional University,Lilou,24294.82561,100112,100086,33,6,27,19,8
Junliangcheng,Jianguo Road,24294.1874,100081,100064,153,64,89,71,18
Jianguo Road,Junliangcheng,24294.1874,100064,100081,131,43,88,51,37
Jinnan Campus of Nankai University,Xingfu Park,24293.71734,100075,100159,18,7,11,7,4
Xingfu Park,Jinnan Campus of Nankai University,24293.71734,100159,100075,12,4,8,6,2
Jinnan Campus of Nankai University,Xuzhuangzi,24286.15513,100075,100168,2,0,2,0,2
Xinli,Xiaodian,24283.21291,100161,100155,29,7,22,5,17
Xiaodian,Xinli,24283.21291,100155,100161,19,3,16,4,12
Xinli,Xuefu Industrial Area,24283.13236,100161,100163,79,6,73,71,2
Xuefu Industrial Area,Xinli,24283.13236,100163,100161,73,3,70,54,16
Hehui South Road,Yueya River,24281.12525,100052,100182,11,1,10,7,3
Yueya River,Hehui South Road,24281.12525,100182,100052,9,3,6,2,4
Haiguang Temple,Hehui South Road,24279.57283,100048,100052,44,4,40,17,23
Hehui South Road,Haiguang Temple,24279.57283,100052,100048,35,5,30,24,6
Jinnan Campus of Nankai University,Southwest corner,24279.03312,100075,100124,31,12,19,10,9
Southwest corner,Jinnan Campus of Nankai University,24279.03312,100124,100075,26,9,17,13,4
Dongli Liujing Road,West Station,24274.23012,100031,100149,30,5,25,10,15
West Station,Dongli Liujing Road,24274.23012,100149,100031,9,4,5,0,5
National Exhibition Centre,Jiefang South Road,24273.99007,100105,100068,4,3,1,0,1
Jiefang South Road,National Exhibition Centre,24273.99007,100068,100105,3,0,3,0,3
Number Two Bridge,North Beichen Tech Park,24273.1839,100110,100106,21,9,12,6,6
North Beichen Tech Park,Number Two Bridge,24273.1839,100106,100110,16,8,8,4,4
Binhai International Airport,Danhebei Road,24272.8674,100010,100022,9,3,6,3,3
Xianshuigu West,Chenglin Road,24268.52509,100152,100014,103,25,78,56,22
Chenglin Road,Xianshuigu West,24268.52509,100014,100152,102,25,77,46,31
Nanhe Zhuang,Haihe Education Zone,24266.73978,100101,100050,3,2,1,0,1
Haihe Education Zone,Nanhe Zhuang,24266.73978,100050,100101,1,0,1,1,0
Jinwan Square,Hehui South Road,24261.57541,100078,100052,55,18,37,22,15
Hehui South Road,Jinwan Square,24261.57541,100052,100078,46,15,31,29,2
Beichen Road,Xuefu Industrial Area,24259.92755,100005,100163,87,8,79,72,7
Xuefu Industrial Area,Beichen Road,24259.92755,100163,100005,77,5,72,49,23
Yihao Bridge,Jinnan Campus of Nankai University,24257.99163,100172,100075,2,0,2,0,2
Jinnan Campus of Nankai University,Yihao Bridge,24257.99163,100075,100172,1,0,1,1,0
Nansun Zhuang,High-Tech Zone,24255.91644,100103,100054,3,0,3,2,1
High-Tech Zone,Nansun Zhuang,24255.91644,100054,100103,3,0,3,2,1
Tiantuo,Dongli Liujing Road,24255.9124,100138,100031,2,0,2,0,2
Wandong Road,Jinnan Campus of Nankai University,24251.41668,100144,100075,2,1,1,1,0
Jinnan Campus of Nankai University,Wandong Road,24251.41668,100075,100144,2,0,2,2,0
Beichen Road,Magangchang,24241.07458,100005,100094,6,0,6,5,1
Magangchang,Beichen Road,24241.07458,100094,100005,5,0,5,4,1
Junliangcheng,Jinwan Square,24226.88151,100081,100078,138,42,96,73,23
Jinwan Square,Junliangcheng,24226.88151,100078,100081,137,39,98,48,50
Xuefu Industrial Area,Beiyangyuan Campus of Tianjin University,24225.9709,100163,100007,22,3,19,12,7
Beiyangyuan Campus of Tianjin University,Xuefu Industrial Area,24225.9709,100007,100163,19,3,16,7,9
Xiaodong Zhuang,Yizhongxin Hospital,24222.12795,100156,100177,60,9,51,33,18
Yizhongxin Hospital,Xiaodong Zhuang,24222.12795,100177,100156,49,10,39,16,23
Junliangcheng,Yingkou Road,24219.95063,100081,100174,691,306,385,225,160
Yingkou Road,Junliangcheng,24219.95063,100174,100081,672,285,387,181,206
Donggu Road,Water Park Road East,24198.62137,100026,100147,125,74,51,32,19
Water Park Road East,Donggu Road,24198.62137,100147,100026,100,45,55,38,17
South Station,Longhan Road,24191.46291,100122,100092,3,1,2,0,2
Longhan Road,South Station,24191.46291,100092,100122,3,0,3,2,1
Xuefu Industrial Area,Xiaodian,24182.84272,100163,100155,40,5,35,31,4
Xiaodian,Xuefu Industrial Area,24182.84272,100155,100163,39,5,34,29,5
Dawang Zhuang,Xianshuigu West,24181.03318,100023,100152,66,14,52,37,15
Xianshuigu West,Dawang Zhuang,24181.03318,100152,100023,49,11,38,25,13
Binhai International Airport,Gaozhuangzi,24177.89274,100010,100043,55,24,31,9,22
Gaozhuangzi,Binhai International Airport,24177.89274,100043,100010,30,8,22,17,5
National Exhibition Centre,Airport Economic Zone,24175.4131,100105,100001,10,3,7,5,2
Airport Economic Zone,National Exhibition Centre,24175.4131,100001,100105,10,3,7,6,1
Gaozhuangzi,Xinli,24164.98527,100043,100161,4,0,4,2,2
Xinli,Gaozhuangzi,24164.98527,100161,100043,1,1,0,0,0
Liuyuan,Shuanggang,24161.80386,100091,100118,53,15,38,21,17
Shuanggang,Liuyuan,24161.80386,100118,100091,46,11,35,16,19
Jiangwan Erzhi Road,Xianshuigu West,24149.32455,100065,100152,9,0,9,0,9
Jianguo Road,Jinnan Campus of Nankai University,24148.89212,100064,100075,46,36,10,4,6
Jinnan Campus of Nankai University,Jianguo Road,24148.89212,100075,100064,5,5,0,0,0
Binhai International Airport,Lushui Road,24136.69522,100010,100093,29,5,24,3,21
Lushui Road,Binhai International Airport,24136.69522,100093,100010,26,9,17,7,10
Minquan Gate,Xianshuigu West,24135.43924,100099,100152,48,22,26,14,12
Xianshuigu West,Minquan Gate,24135.43924,100152,100099,47,19,28,8,20
Chentang Zhuang,Xianshuigu West,24125.66313,100015,100152,26,13,13,4,9
Xianshuigu West,Chentang Zhuang,24125.66313,100152,100015,15,4,11,8,3
Cao Zhuang,North Beichen Tech Park,24121.25243,100011,100106,28,17,11,3,8
North Beichen Tech Park,Cao Zhuang,24121.25243,100106,100011,22,9,13,4,9
Xuzhou Road,Jinnan Campus of Nankai University,24116.79538,100167,100075,1,0,1,0,1
Yixingbu,Gaozhuangzi,24111.66941,100175,100043,31,16,15,10,5
Gaozhuangzi,Yixingbu,24111.66941,100043,100175,30,9,21,9,12
West Station,Xiaodong Zhuang,24108.40894,100149,100156,134,44,90,24,66
Xiaodong Zhuang,West Station,24108.40894,100156,100149,116,53,63,31,32
Hongqi South Road,Xiaodong Zhuang,24104.79863,100057,100156,31,7,24,14,10
Xiaodong Zhuang,Hongqi South Road,24104.79863,100156,100057,21,3,18,11,7
Jinnan Campus of Nankai University,Shunchi Bridge,24104.08957,100075,100120,8,5,3,0,3
Shunchi Bridge,Jinnan Campus of Nankai University,24104.08957,100120,100075,5,3,2,0,2
Youyi South Road,Hehui South Road,24100.97583,100178,100052,3,0,3,0,3
Taichang Road,Junliangcheng,24099.60234,100128,100081,140,49,91,33,58
Junliangcheng,Taichang Road,24099.60234,100081,100128,125,43,82,50,32
Yueya River,Guorui Road,24099.39134,100182,100046,17,2,15,13,2
Guorui Road,Yueya River,24099.39134,100046,100182,15,5,10,7,3
Jingjiang Road,Junliangcheng,24088.38826,100072,100081,64,14,50,26,24
Junliangcheng,Jingjiang Road,24088.38826,100081,100072,60,13,47,37,10
Xianshuigu West,Tiantuo,24087.9357,100152,100138,324,65,259,190,69
Tiantuo,Xianshuigu West,24087.9357,100138,100152,321,77,244,147,97
Shuanglin,Xiaodian,24072.56064,100119,100155,21,6,15,11,4
Xiaodian,Shuanglin,24072.56064,100155,100119,21,7,14,9,5
Liuwei Road,Donggu Road,24066.11021,100090,100026,27,11,16,3,13
Donggu Road,Liuwei Road,24066.11021,100026,100090,24,6,18,7,11
North Beichen Tech Park,Airport Economic Zone,24066.07475,100106,100001,92,17,75,51,24
Airport Economic Zone,North Beichen Tech Park,24066.07475,100001,100106,88,26,62,42,20
Donggu Road,Erwei Road,24065.75509,100026,100036,943,238,705,487,218
Erwei Road,Donggu Road,24065.75509,100036,100026,925,202,723,320,403
Liaohe North Road,Hongni River East,24063.17765,100084,100056,12,5,7,7,0
Hongni River East,Liaohe North Road,24063.17765,100056,100084,7,3,4,3,1
JinZhong River Street,Xianshuigu West,24057.84882,100079,100152,91,33,58,32,26
Xianshuigu West,JinZhong River Street,24057.84882,100152,100079,75,20,55,29,26
Zhicheng Road,Xiaodong Zhuang,24056.79132,100187,100156,25,4,21,11,10
Xiaodong Zhuang,Zhicheng Road,24056.79132,100156,100187,17,3,14,7,7
Zhicheng Road,Haihe Education Zone,24053.24029,100187,100050,5,0,5,5,0
Haihe Education Zone,Zhicheng Road,24053.24029,100050,100187,5,0,5,5,0
Dabi Zhuang,Haihe Education Zone,24046.94781,100021,100050,5,4,1,1,0
Haihe Education Zone,Dabi Zhuang,24046.94781,100050,100021,3,0,3,0,3
Jin Street,Donggu Road,24042.4838,100070,100026,138,51,87,36,51
Donggu Road,Jin Street,24042.4838,100026,100070,80,16,64,41,23
Donggu Road,University of Civil Aviation,24035.9754,100026,100142,40,16,24,16,8
University of Civil Aviation,Donggu Road,24035.9754,100142,100026,37,15,22,11,11
Hujiayuan,Xinli,24033.41601,100062,100161,421,110,311,198,113
Xinli,Hujiayuan,24033.41601,100161,100062,391,100,291,165,126
Zhaoyuan Road,Xuefu Industrial Area,24031.17874,100186,100163,6,0,6,6,0
Xuefu Industrial Area,Zhaoyuan Road,24031.17874,100163,100186,5,0,5,3,2
Haihe East Road,Liuyuan,24026.27264,100049,100091,2,0,2,0,2
Wangdingdi,Dongli Liujing Road,24022.54715,100145,100031,6,0,6,6,0
Dongli Liujing Road,Wangdingdi,24022.54715,100031,100145,1,0,1,0,1
Donggu Road,Wujiayao,24014.23545,100026,100150,372,94,278,192,86
Wujiayao,Donggu Road,24014.23545,100150,100026,342,76,266,157,109
Jinghe Road,Huaihe Road,24011.14317,100071,100058,8,2,6,5,1
Huaihe Road,Jinghe Road,24011.14317,100058,100071,7,1,6,4,2
Jinnan Campus of Nankai University,Southeast Corner,24007.73486,100075,100123,75,56,19,10,9
Southeast Corner,Jinnan Campus of Nankai University,24007.73486,100123,100075,52,37,15,7,8
Dongli Liujing Road,Changhong Park,24007.52413,100031,100012,5,3,2,1,1
Changhong Park,Dongli Liujing Road,24007.52413,100012,100031,3,2,1,0,1
Jinnan Campus of Nankai University,Zhongshan Road,24002.91118,100075,100190,5,4,1,1,0
Zhongshan Road,Jinnan Campus of Nankai University,24002.91118,100190,100075,1,0,1,1,0
University town,Danhebei Road,23999.41689,100143,100022,7,3,4,2,2
Danhebei Road,University town,23999.41689,100022,100143,3,0,3,2,1
Fengchan River,Chunhai Road,23989.38007,100039,100017,1,0,1,0,1
Yingfeng Road,Xiaodong Zhuang,23978.28502,100173,100156,28,7,21,14,7
Xiaodong Zhuang,Yingfeng Road,23978.28502,100156,100173,20,4,16,7,9
Xiaodong Zhuang,Lijiang Road,23964.91896,100156,100085,13,4,9,8,1
Lijiang Road,Xiaodong Zhuang,23964.91896,100085,100156,11,2,9,6,3
Zhou and Deng Memorial Museum,Guorui Road,23962.96856,100191,100046,11,4,7,5,2
Guorui Road,Zhou and Deng Memorial Museum,23962.96856,100046,100191,4,1,3,0,3
Junliangcheng,Exhibition Centre,23951.0624,100081,100037,539,133,406,303,103
Exhibition Centre,Junliangcheng,23951.0624,100037,100081,489,109,380,243,137
North Beichen Tech Park,Huayuan,23948.79153,100106,100061,97,9,88,75,13
Huayuan,North Beichen Tech Park,23948.79153,100061,100106,93,7,86,72,14
Gaozhuangzi,Jieyuan West Road,23947.37128,100043,100069,61,11,50,20,30
Jieyuan West Road,Gaozhuangzi,23947.37128,100069,100043,53,20,33,20,13
JinZhong Street,Dongli Liujing Road,23944.33999,100080,100031,5,0,5,5,0
Dongli Liujing Road,JinZhong Street,23944.33999,100031,100080,4,0,4,2,2
Zhangxing Zhuang,Beiyangyuan Campus of Tianjin University,23939.22898,100185,100007,2,1,1,0,1
Wangdingdi,Xianshuigu West,23938.25124,100145,100152,32,8,24,21,3
Xianshuigu West,Wangdingdi,23938.25124,100152,100145,28,10,18,11,7
Xinxing Village,Lushui Road,23936.17003,100162,100093,1,0,1,1,0
Beiyangyuan Campus of Tianjin University,Shuanglin,23935.75537,100007,100119,1,0,1,1,0
National Exhibition Centre,Yizhongxin Hospital,23934.76587,100105,100177,5,0,5,4,1
Yizhongxin Hospital,National Exhibition Centre,23934.76587,100177,100105,1,0,1,0,1
South Station,Shuanglin,23933.17272,100122,100119,401,116,285,133,152
Shuanglin,South Station,23933.17272,100119,100122,240,73,167,81,86
Xiaodian,Liqi Zhuang South,23931.79898,100155,100088,3,0,3,1,2
Liqi Zhuang South,Xiaodian,23931.79898,100088,100155,2,0,2,2,0
North Beichen Tech Park,Yuejin North Road,23928.69851,100106,100181,26,7,19,16,3
Yuejin North Road,North Beichen Tech Park,23928.69851,100181,100106,23,6,17,14,3
Hehui South Road,Huayuan,23922.26337,100052,100061,126,6,120,107,13
Huayuan,Hehui South Road,23922.26337,100061,100052,110,8,102,77,25
North China Group,Xunhai Road,23916.98675,100107,100166,4,0,4,3,1
Xunhai Road,North China Group,23916.98675,100166,100107,3,1,2,0,2
Donggu Road,Cuifu New Village,23911.81718,100026,100019,35,9,26,20,6
Cuifu New Village,Donggu Road,23911.81718,100019,100026,29,8,21,16,5
Longhan Road,North Beichen Tech Park,23910.0462,100092,100106,2,0,2,1,1
Meijiang Road,Donggu Road,23907.13475,100097,100026,7,1,6,2,4
Donggu Road,Meijiang Road,23907.13475,100026,100097,4,0,4,2,2
Dongjiang Road,Cao Zhuang,23906.20126,100028,100011,1,0,1,0,1
National Exhibition Centre,Changhong Park,23900.16324,100105,100012,6,2,4,2,2
Changhong Park,National Exhibition Centre,23900.16324,100012,100105,2,1,1,1,0
Xunhai Road,University town,23891.59834,100166,100143,6,4,2,2,0
University town,Xunhai Road,23891.59834,100143,100166,5,1,4,2,2
Changhong Park,Jinnan Campus of Nankai University,23891.23272,100012,100075,36,12,24,19,5
Jinnan Campus of Nankai University,Changhong Park,23891.23272,100075,100012,14,5,9,7,2
Haihe Education Zone,JinZhong Street,23891.14518,100050,100080,7,0,7,4,3
JinZhong Street,Haihe Education Zone,23891.14518,100080,100050,5,3,2,0,2
National Exhibition Centre,JinZhong River Street,23885.15862,100105,100079,14,4,10,6,4
JinZhong River Street,National Exhibition Centre,23885.15862,100079,100105,14,3,11,9,2
North Beichen Tech Park,Liuyuan,23874.25143,100106,100091,6,4,2,0,2
Liuyuan,North Beichen Tech Park,23874.25143,100091,100106,3,1,2,0,2
Ruijing XinYuan,University of Civil Aviation,23871.82592,100114,100142,35,12,23,11,12
University of Civil Aviation,Ruijing XinYuan,23871.82592,100142,100114,25,14,11,2,9
Hehui South Road,Zhongshan Gate,23869.85106,100052,100189,8,3,5,4,1
Zhongshan Gate,Hehui South Road,23869.85106,100189,100052,6,3,3,0,3
Tiantai Road,Xiaodong Zhuang,23865.51507,100137,100156,21,6,15,7,8
Xiaodong Zhuang,Tiantai Road,23865.51507,100156,100137,10,2,8,4,4
Tianjin Station,Donggu Road,23862.1048,100135,100026,2727,1156,1571,608,963
Donggu Road,Tianjin Station,23862.1048,100026,100135,2439,868,1571,703,868
Xuefu Industrial Area,Lilou,23855.44429,100163,100086,63,1,62,54,8
Lilou,Xuefu Industrial Area,23855.44429,100086,100163,60,3,57,49,8
Jinnan Campus of Nankai University,Xinkai River,23847.8258,100075,100160,6,4,2,2,0
Xinkai River,Jinnan Campus of Nankai University,23847.8258,100160,100075,2,2,0,0,0
Changhong Park,Xiaodong Zhuang,23840.14744,100012,100156,94,24,70,45,25
Xiaodong Zhuang,Changhong Park,23840.14744,100156,100012,79,23,56,35,21
Liaohe North Road,Jingli Road,23830.74403,100084,100073,4,1,3,1,2
Jingli Road,Liaohe North Road,23830.74403,100073,100084,3,1,2,1,1
Haihe Education Zone,High-Tech Zone,23828.36985,100050,100054,25,2,23,17,6
High-Tech Zone,Haihe Education Zone,23828.36985,100054,100050,12,4,8,5,3
Chinese Medicine First Affiliated Hospital,Xiaodong Zhuang,23825.837,100016,100156,55,14,41,15,26
Xiaodong Zhuang,Chinese Medicine First Affiliated Hospital,23825.837,100156,100016,51,14,37,19,18
Ruijing XinYuan,Xinli,23824.37731,100114,100161,66,24,42,24,18
Xinli,Ruijing XinYuan,23824.37731,100161,100114,43,11,32,13,19
National Exhibition Centre,Hongqi South Road,23817.43655,100105,100057,9,2,7,5,2
Hongqi South Road,National Exhibition Centre,23817.43655,100057,100105,7,6,1,1,0
Dongli Sanjing Road,Tiantai Road,23817.34965,100032,100137,5,0,5,5,0
Dongli Culture and Sports Centre,Professional University,23817.01783,100029,100112,10,1,9,6,3
Professional University,Dongli Culture and Sports Centre,23817.01783,100112,100029,10,1,9,6,3
Xuefu Industrial Area,Hangshuang Road,23814.72602,100163,100051,5,0,5,4,1
Hangshuang Road,Xuefu Industrial Area,23814.72602,100051,100163,5,0,5,5,0
Dongli Culture and Sports Centre,High-Tech Zone,23808.58867,100029,100054,8,3,5,2,3
High-Tech Zone,Dongli Culture and Sports Centre,23808.58867,100054,100029,7,0,7,6,1
Beiyangyuan Campus of Tianjin University,Jieyuan West Road,23808.49637,100007,100069,12,7,5,1,4
Jieyuan West Road,Beiyangyuan Campus of Tianjin University,23808.49637,100069,100007,4,2,2,0,2
Meijiang Exhibition Centre,Xiaodong Zhuang,23795.66134,100095,100156,17,5,12,4,8
Xiaodong Zhuang,Meijiang Exhibition Centre,23795.66134,100156,100095,14,6,8,6,2
Dongli Liujing Road,Yizhongxin Hospital,23790.66404,100031,100177,6,1,5,3,2
Yizhongxin Hospital,Dongli Liujing Road,23790.66404,100177,100031,3,1,2,2,0
Dongli Sanjing Road,Liaohe North Road,23790.52923,100032,100084,3,0,3,3,0
Liaohe North Road,Dongli Sanjing Road,23790.52923,100084,100032,1,0,1,1,0
Beichen Road,Lushui Road,23789.32235,100005,100093,16,7,9,6,3
Lushui Road,Beichen Road,23789.32235,100093,100005,11,5,6,3,3
Yangwu Zhuang,Professional University,23785.43599,100169,100112,26,9,17,11,6
Professional University,Yangwu Zhuang,23785.43599,100112,100169,18,6,12,12,0
Nanhe Zhuang,Xuefu Industrial Area,23783.84349,100101,100163,17,0,17,12,5
Xuefu Industrial Area,Nanhe Zhuang,23783.84349,100163,100101,9,1,8,4,4
Zhongshan Road,National Exhibition Centre,23781.41426,100190,100105,5,1,4,2,2
National Exhibition Centre,Zhongshan Road,23781.41426,100105,100190,3,0,3,1,2
Dongli Culture and Sports Centre,Benxi Road,23779.06044,100029,100008,28,15,13,7,6
Benxi Road,Dongli Culture and Sports Centre,23779.06044,100008,100029,18,4,14,5,9
Xiaodong Zhuang,Yaohuan Road,23777.46818,100156,100170,5,0,5,2,3
Yaohuan Road,Xiaodong Zhuang,23777.46818,100170,100156,5,2,3,2,1
North Beichen Tech Park,Zuojiang Road,23776.15485,100106,100192,14,3,11,9,2
Zuojiang Road,North Beichen Tech Park,23776.15485,100192,100106,5,0,5,4,1
Jiangwan Erzhi Road,Danhebei Road,23774.48752,100065,100022,1,0,1,1,0
Zhaoyuan Road,Xiaodian,23760.9581,100186,100155,1,0,1,0,1
Yutai,Xiaodian,23760.68232,100183,100155,1,0,1,1,0
Nanhe Zhuang,Beiyangyuan Campus of Tianjin University,23750.70257,100101,100007,4,1,3,2,1
Junliangcheng,Cultural centre,23744.64111,100081,100020,146,51,95,50,45
Cultural centre,Junliangcheng,23744.64111,100020,100081,127,39,88,42,46
Yibin Road,Dongli Sanjing Road,23744.01022,100171,100032,4,0,4,4,0
Jianchang Road,Jinnan Campus of Nankai University,23737.37197,100063,100075,3,2,1,1,0
Jinnan Campus of Nankai University,Jianchang Road,23737.37197,100075,100063,2,1,1,0,1
South Station,North China Group,23732.12023,100122,100107,1293,410,883,326,557
North China Group,South Station,23732.12023,100107,100122,962,343,619,282,337
Beiyangyuan Campus of Tianjin University,Nansun Zhuang,23731.52963,100007,100103,1,0,1,1,0
South Station,Zhanggui Zhuang,23731.05702,100122,100184,328,86,242,128,114
Zhanggui Zhuang,South Station,23731.05702,100184,100122,260,97,163,93,70
Guangkaisima Road,Guorui Road,23725.58644,100044,100046,11,2,9,7,2
Guorui Road,Guangkaisima Road,23725.58644,100046,100044,5,1,4,4,0
Beiyangyuan Campus of Tianjin University,Zhanggui Zhuang,23723.84922,100007,100184,2,1,1,0,1
Zhanggui Zhuang,Beiyangyuan Campus of Tianjin University,23723.84922,100184,100007,2,2,0,0,0
Fengchan River,Yangwu Zhuang,23718.48849,100039,100169,16,3,13,12,1
Yangwu Zhuang,Fengchan River,23718.48849,100169,100039,12,5,7,6,1
Dengzhou Road,Xiaodong Zhuang,23713.65222,100024,100156,15,5,10,6,4
Xiaodong Zhuang,Dengzhou Road,23713.65222,100156,100024,13,7,6,1,5
Yixingbu,Dongli Liujing Road,23705.33124,100175,100031,4,1,3,3,0
Dongli Liujing Road,Yixingbu,23705.33124,100031,100175,3,1,2,2,0
Dongli Sanjing Road,Xianyang Road,23704.26031,100032,100153,21,2,19,17,2
Xianyang Road,Dongli Sanjing Road,23704.26031,100153,100032,20,2,18,9,9
Hehui South Road,Beining Park,23703.66144,100052,100006,21,1,20,11,9
Beining Park,Hehui South Road,23703.66144,100006,100052,16,5,11,9,2
Xianshuigu West,Yizhongxin Hospital,23702.65805,100152,100177,530,147,383,232,151
Yizhongxin Hospital,Xianshuigu West,23702.65805,100177,100152,517,129,388,234,154
South Station,JinZhong Street,23695.75009,100122,100080,135,26,109,41,68
JinZhong Street,South Station,23695.75009,100080,100122,107,30,77,43,34
Gaozhuangzi,Xuzhuangzi,23692.57495,100043,100168,12,3,9,2,7
Xuzhuangzi,Gaozhuangzi,23692.57495,100168,100043,5,3,2,2,0
Dongli Liujing Road,Xinkai River,23685.19452,100031,100160,1,1,0,0,0
Yingfeng Road,National Exhibition Centre,23684.9286,100173,100105,4,1,3,3,0
National Exhibition Centre,Yingfeng Road,23684.9286,100105,100173,3,0,3,3,0
Nanhe Zhuang,Dongli Development Zone,23684.82153,100101,100030,24,2,22,9,13
Dongli Development Zone,Nanhe Zhuang,23684.82153,100030,100101,21,8,13,6,7
University of Civil Aviation,High-Tech Zone,23684.58256,100142,100054,48,23,25,11,14
High-Tech Zone,University of Civil Aviation,23684.58256,100054,100142,43,16,27,11,16
Xuelian South Road,Yangwu Zhuang,23680.49828,100164,100169,1,0,1,0,1
Huaihe Road,Dongli Development Zone,23678.29747,100058,100030,40,6,34,23,11
Dongli Development Zone,Huaihe Road,23678.29747,100030,100058,35,10,25,19,6
Steel Tube Company,Dongxing Road,23678.0797,100127,100035,499,79,420,300,120
Dongxing Road,Steel Tube Company,23678.0797,100035,100127,407,82,325,218,107
Xinxing Village,Professional University,23674.75001,100162,100112,1,1,0,0,0
Professional University,Xinxing Village,23674.75001,100112,100162,1,1,0,0,0
Qinjian Road,Xunhai Road,23674.67909,100113,100166,13,3,10,7,3
Xunhai Road,Qinjian Road,23674.67909,100166,100113,12,4,8,8,0
South Station,Huanyu Road,23666.52853,100122,100059,5,1,4,0,4
Huanyu Road,South Station,23666.52853,100059,100122,5,2,3,3,0
Shuanggang,University of Civil Aviation,23666.26739,100118,100142,6,5,1,0,1
University of Civil Aviation,Shuanggang,23666.26739,100142,100118,5,3,2,1,1
Jingli Road,Cao Zhuang,23665.53973,100073,100011,69,11,58,49,9
Cao Zhuang,Jingli Road,23665.53973,100011,100073,67,14,53,27,26
Fengchan River,Xinli,23662.43209,100039,100161,8,3,5,5,0
Xinli,Fengchan River,23662.43209,100161,100039,6,1,5,5,0
University town,Dongli Development Zone,23658.53354,100143,100030,174,45,129,83,46
Dongli Development Zone,University town,23658.53354,100030,100143,140,46,94,60,34
Chunhai Road,Professional University,23658.39389,100017,100112,7,1,6,4,2
Professional University,Chunhai Road,23658.39389,100112,100017,6,0,6,5,1
Heping Road,Hehui South Road,23657.05127,100053,100052,120,40,80,58,22
Hehui South Road,Heping Road,23657.05127,100052,100053,92,33,59,40,19
Dongli Liujing Road,Zhou and Deng Memorial Museum,23656.23799,100031,100191,2,0,2,0,2
Benxi Road,Xinxing Village,23656.23497,100008,100162,4,2,2,2,0
Xinxing Village,Benxi Road,23656.23497,100162,100008,2,0,2,2,0
Lilou,North China Group,23652.69284,100086,100107,119,30,89,40,49
North China Group,Lilou,23652.69284,100107,100086,104,41,63,29,34
Hehui South Road,Xikang Road,23650.40699,100052,100158,60,15,45,33,12
Xikang Road,Hehui South Road,23650.40699,100158,100052,52,15,37,25,12
Hongni River East,University town,23650.34093,100056,100143,45,15,30,23,7
University town,Hongni River East,23650.34093,100143,100056,43,13,30,25,5
The Financial University,Danhebei Road,23643.37738,100132,100022,8,4,4,3,1
Danhebei Road,The Financial University,23643.37738,100022,100132,6,3,3,3,0
South Station,Jingli Road,23638.74724,100122,100073,131,27,104,67,37
Jingli Road,South Station,23638.74724,100073,100122,112,24,88,59,29
Jingjiang Road,Donggu Road,23633.10993,100072,100026,195,46,149,94,55
Donggu Road,Jingjiang Road,23633.10993,100026,100072,174,41,133,86,47
Weishan Road,Beichen Road,23632.17289,100148,100005,3,0,3,1,2
Beichen Road,Weishan Road,23632.17289,100005,100148,2,2,0,0,0
Jinnan Campus of Nankai University,Erwei Road,23625.22991,100075,100036,25,8,17,9,8
Erwei Road,Jinnan Campus of Nankai University,23625.22991,100036,100075,24,11,13,4,9
North Beichen Tech Park,Changling Road,23624.11823,100106,100013,62,14,48,38,10
Changling Road,North Beichen Tech Park,23624.11823,100013,100106,49,11,38,29,9
Hehui South Road,Anshan West Road,23621.67435,100052,100003,157,29,128,91,37
Anshan West Road,Hehui South Road,23621.67435,100003,100052,145,26,119,71,48
Beichen Road,Shuanglin,23619.6045,100005,100119,46,14,32,27,5
Shuanglin,Beichen Road,23619.6045,100119,100005,42,6,36,24,12
Benxi Road,Dongli Development Zone,23617.90016,100008,100030,159,34,125,92,33
Dongli Development Zone,Benxi Road,23617.90016,100030,100008,132,30,102,68,34
Xinli,Nansun Zhuang,23617.21688,100161,100103,1,0,1,0,1
Jiayuan Li,Binhai International Airport,23612.89621,100067,100010,202,56,146,60,86
Binhai International Airport,Jiayuan Li,23612.89621,100010,100067,200,64,136,31,105
Guoshan Road,Jingli Road,23612.82898,100047,100073,5,1,4,1,3
Jingli Road,Guoshan Road,23612.82898,100073,100047,2,0,2,2,0
Jingli Road,Xinli,23607.86116,100073,100161,6,0,6,4,2
Xinli,Jingli Road,23607.86116,100161,100073,4,0,4,3,1
Fengchan River,Magangchang,23607.68086,100039,100094,8,0,8,8,0
Magangchang,Fengchan River,23607.68086,100094,100039,7,0,7,4,3
Jinghe Road,Hangshuang Road,23606.73662,100071,100051,5,1,4,4,0
Hangshuang Road,Jinghe Road,23606.73662,100051,100071,5,1,4,4,0
Jin Street,Jinnan Campus of Nankai University,23602.18663,100070,100075,29,20,9,2,7
Jinnan Campus of Nankai University,Jin Street,23602.18663,100075,100070,15,9,6,2,4
Fuxing Gate,North Beichen Tech Park,23599.12172,100041,100106,36,6,30,25,5
North Beichen Tech Park,Fuxing Gate,23599.12172,100106,100041,27,6,21,20,1
Beiyangyuan Campus of Tianjin University,Liulin Road,23597.5919,100007,100089,1,0,1,0,1
Liulin Road,Beiyangyuan Campus of Tianjin University,23597.5919,100089,100007,1,0,1,0,1
Xiaodian,Lushui Road,23582.31066,100155,100093,12,3,9,7,2
Lushui Road,Xiaodian,23582.31066,100093,100155,7,0,7,5,2
Yudongcheng,Beiyangyuan Campus of Tianjin University,23580.01762,100180,100007,24,6,18,4,14
Beiyangyuan Campus of Tianjin University,Yudongcheng,23580.01762,100007,100180,18,4,14,5,9
Wujiayao,Jinnan Campus of Nankai University,23573.93829,100150,100075,40,15,25,13,12
Jinnan Campus of Nankai University,Wujiayao,23573.93829,100075,100150,39,16,23,10,13
West Station,National Exhibition Centre,23568.34151,100149,100105,120,54,66,20,46
National Exhibition Centre,West Station,23568.34151,100105,100149,76,22,54,17,37
Xiaodong Zhuang,Siyuan Road,23567.16052,100156,100121,7,2,5,2,3
Siyuan Road,Xiaodong Zhuang,23567.16052,100121,100156,5,2,3,0,3
Honghu Li,Beiyangyuan Campus of Tianjin University,23561.17698,100055,100007,39,24,15,7,8
Beiyangyuan Campus of Tianjin University,Honghu Li,23561.17698,100007,100055,38,21,17,9,8
Hongni River East,JinZhong Street,23552.67376,100056,100080,4,0,4,4,0
JinZhong Street,Hongni River East,23552.67376,100080,100056,2,1,1,0,1
Liqi Zhuang South,Hehui South Road,23551.03368,100088,100052,4,1,3,2,1
Hehui South Road,Liqi Zhuang South,23551.03368,100052,100088,3,1,2,2,0
Jinmao Industrial Area,South Station,23549.55625,100074,100122,14,0,14,8,6
South Station,Jinmao Industrial Area,23549.55625,100122,100074,12,0,12,11,1
Meijiang Exhibition Centre,Danhebei Road,23548.50176,100095,100022,2,0,2,2,0
Danhebei Road,Meijiang Exhibition Centre,23548.50176,100022,100095,1,0,1,0,1
Honghu Li,Dongli Yijing Road,23540.97258,100055,100033,12,1,11,9,2
Dongli Yijing Road,Honghu Li,23540.97258,100033,100055,6,0,6,6,0
Jiayuan Li,Zhaoyuan Road,23539.18257,100067,100186,7,1,6,2,4
Zhaoyuan Road,Jiayuan Li,23539.18257,100186,100067,3,2,1,0,1
Junliangcheng,Tucheng,23538.61576,100081,100140,81,20,61,38,23
Tucheng,Junliangcheng,23538.61576,100140,100081,67,10,57,24,33
Airport Economic Zone,Shuanggang,23537.3461,100001,100118,20,3,17,10,7
Shuanggang,Airport Economic Zone,23537.3461,100118,100001,17,1,16,12,4
South Station,Xiangshan Road,23529.32471,100122,100151,142,46,96,53,43
Xiangshan Road,South Station,23529.32471,100151,100122,94,28,66,36,30
Danhebei Road,Zhanggui Zhuang,23528.25551,100022,100184,9,2,7,3,4
Zhanggui Zhuang,Danhebei Road,23528.25551,100184,100022,4,1,3,3,0
Xiaodian,Jiangwan Erzhi Road,23526.28813,100155,100065,2,0,2,2,0
Jiangwan Erzhi Road,Xiaodian,23526.28813,100065,100155,1,0,1,0,1
Hangshuang Road,Liuyuan,23522.29753,100051,100091,26,2,24,16,8
Liuyuan,Hangshuang Road,23522.29753,100091,100051,20,2,18,17,1
Binhai International Airport,Cao Zhuang,23519.4438,100010,100011,1886,568,1318,363,955
Cao Zhuang,Binhai International Airport,23519.4438,100011,100010,1884,509,1375,564,811
Haihe Education Zone,Tiedong Road,23518.75096,100050,100139,4,1,3,2,1
Tiedong Road,Haihe Education Zone,23518.75096,100139,100050,3,2,1,0,1
Yangwu Zhuang,Dabi Zhuang,23515.40353,100169,100021,18,0,18,11,7
Dabi Zhuang,Yangwu Zhuang,23515.40353,100021,100169,9,2,7,3,4
Chunhai Road,Liuyuan,23510.99626,100017,100091,31,5,26,21,5
Liuyuan,Chunhai Road,23510.99626,100091,100017,27,4,23,17,6
National Exhibition Centre,Meijiang Exhibition Centre,23508.29926,100105,100095,1,0,1,1,0
Tianjin Station,Junliangcheng,23506.38722,100135,100081,2825,1038,1787,665,1122
Junliangcheng,Tianjin Station,23506.38722,100081,100135,2375,825,1550,693,857
Hehui South Road,Minquan Gate,23502.78642,100052,100099,11,1,10,2,8
Minquan Gate,Hehui South Road,23502.78642,100099,100052,9,4,5,1,4
Dongli Sanjing Road,Huayuan,23496.40295,100032,100061,2,0,2,1,1
Hongni River East,Tianshili,23495.37466,100056,100136,5,3,2,1,1
Tianshili,Hongni River East,23495.37466,100136,100056,1,1,0,0,0
South Station,Huaihe Road,23494.55276,100122,100058,125,33,92,52,40
Huaihe Road,South Station,23494.55276,100058,100122,106,35,71,54,17
Number Two Bridge,Haihe Education Zone,23493.282,100110,100050,2,2,0,0,0
Haihe Education Zone,Number Two Bridge,23493.282,100050,100110,2,2,0,0,0
Haihe Education Zone,Xianyang Road,23489.45106,100050,100153,14,1,13,7,6
Xianyang Road,Haihe Education Zone,23489.45106,100153,100050,11,0,11,9,2
Xianshuigu West,Yingkou Road,23487.60148,100152,100174,748,402,346,135,211
Yingkou Road,Xianshuigu West,23487.60148,100174,100152,727,375,352,155,197
Dongli Sanjing Road,Fuxing Road,23484.14984,100032,100042,2,2,0,0,0
Xiaodong Zhuang,Xiangshan Road,23483.79393,100156,100151,4,0,4,3,1
Xiangshan Road,Xiaodong Zhuang,23483.79393,100151,100156,3,0,3,2,1
Dabi Zhuang,Beiyangyuan Campus of Tianjin University,23478.87307,100021,100007,2,1,1,1,0
Beiyangyuan Campus of Tianjin University,Dabi Zhuang,23478.87307,100007,100021,1,0,1,0,1
Hehui South Road,Zhou and Deng Memorial Museum,23470.07313,100052,100191,34,9,25,15,10
Zhou and Deng Memorial Museum,Hehui South Road,23470.07313,100191,100052,33,12,21,11,10
Zhaoyuan Road,Cao Zhuang,23461.92187,100186,100011,9,2,7,4,3
Cao Zhuang,Zhaoyuan Road,23461.92187,100011,100186,7,0,7,4,3
JinZhong River Street,Hehui South Road,23459.89212,100079,100052,17,4,13,7,6
Hehui South Road,JinZhong River Street,23459.89212,100052,100079,14,3,11,7,4
Jinnan Campus of Nankai University,Yueya River,23455.19768,100075,100182,15,6,9,5,4
Yueya River,Jinnan Campus of Nankai University,23455.19768,100182,100075,8,2,6,4,2
Jinshi Bridge,Guorui Road,23452.92593,100076,100046,16,1,15,10,5
Guorui Road,Jinshi Bridge,23452.92593,100046,100076,8,2,6,4,2
Guorui Road,Northwest Corner,23447.71999,100046,100109,72,26,46,28,18
Northwest Corner,Guorui Road,23447.71999,100109,100046,58,21,37,21,16
Hongni River East,Bianxing,23446.68062,100056,100009,19,7,12,5,7
Bianxing,Hongni River East,23446.68062,100009,100056,4,2,2,2,0
People's Hospital,Dongli Sanjing Road,23445.43164,100111,100032,2,0,2,1,1
Dongli Sanjing Road,People's Hospital,23445.43164,100032,100111,1,0,1,1,0
Liuyuan,Airport Economic Zone,23445.376,100091,100001,672,169,503,334,169
Airport Economic Zone,Liuyuan,23445.376,100001,100091,594,136,458,275,183
Jinghe Road,Jiayuan Li,23444.03298,100071,100067,14,2,12,5,7
Jiayuan Li,Jinghe Road,23444.03298,100067,100071,10,1,9,6,3
North Station,Jinnan Campus of Nankai University,23431.85888,100108,100075,21,15,6,3,3
Jinnan Campus of Nankai University,North Station,23431.85888,100075,100108,12,5,7,5,2
Xiaodong Zhuang,Zhou and Deng Memorial Museum,23431.05711,100156,100191,38,13,25,8,17
Zhou and Deng Memorial Museum,Xiaodong Zhuang,23431.05711,100191,100156,32,9,23,5,18
Xunhai Road,Jieyuan West Road,23425.12038,100166,100069,3,1,2,2,0
Jieyuan West Road,Xunhai Road,23425.12038,100069,100166,1,0,1,0,1
Hehui South Road,Anshan Road,23423.67893,100052,100002,118,29,89,63,26
Anshan Road,Hehui South Road,23423.67893,100002,100052,116,25,91,47,44
Nancuiping,North Beichen Tech Park,23414.42688,100100,100106,24,13,11,9,2
North Beichen Tech Park,Nancuiping,23414.42688,100106,100100,21,4,17,14,3
North Beichen Tech Park,Yihao Bridge,23412.38702,100106,100172,33,4,29,26,3
Yihao Bridge,North Beichen Tech Park,23412.38702,100172,100106,20,3,17,11,6
Gaozhuangzi,Zhangxing Zhuang,23406.71361,100043,100185,31,4,27,15,12
Zhangxing Zhuang,Gaozhuangzi,23406.71361,100185,100043,30,10,20,10,10
Meilin Road,Beichen Road,23406.07532,100098,100005,37,4,33,21,12
Beichen Road,Meilin Road,23406.07532,100005,100098,18,2,16,5,11
Hongni River East,Benxi Road,23404.31243,100056,100008,36,10,26,14,12
Benxi Road,Hongni River East,23404.31243,100008,100056,29,9,20,12,8
Chunhai Road,Nansun Zhuang,23403.9174,100017,100103,1,1,0,0,0
Dabi Zhuang,Dongli Sanjing Road,23403.50327,100021,100032,2,1,1,1,0
Dongli Sanjing Road,Dabi Zhuang,23403.50327,100032,100021,1,0,1,1,0
Jinwan Square,Donggu Road,23398.53849,100078,100026,574,207,367,187,180
Donggu Road,Jinwan Square,23398.53849,100026,100078,496,118,378,278,100
Donggu Road,Dengzhou Road,23393.93589,100026,100024,44,11,33,20,13
Dengzhou Road,Donggu Road,23393.93589,100024,100026,43,14,29,16,13
Weishan Road,Beiyangyuan Campus of Tianjin University,23391.33522,100148,100007,1,0,1,0,1
Donggu Road,Haiguang Temple,23390.8076,100026,100048,1907,412,1495,1108,387
Haiguang Temple,Donggu Road,23390.8076,100048,100026,1718,359,1359,830,529
Guorui Road,Gulou,23388.7647,100046,100045,33,14,19,5,14
Gulou,Guorui Road,23388.7647,100045,100046,18,10,8,5,3
Ruijing XinYuan,Xuelian South Road,23387.08029,100114,100164,3,0,3,1,2
Xuelian South Road,Ruijing XinYuan,23387.08029,100164,100114,2,1,1,1,0
Hehui South Road,Yutai,23379.91702,100052,100183,6,0,6,6,0
Yutai,Hehui South Road,23379.91702,100183,100052,3,0,3,3,0
Xianshuigu West,Shiyijing Road,23378.15108,100152,100117,93,13,80,59,21
Shiyijing Road,Xianshuigu West,23378.15108,100117,100152,87,10,77,44,33
Professional University,Nanzhu Bridge,23374.3118,100112,100104,15,1,14,8,6
Nanzhu Bridge,Professional University,23374.3118,100104,100112,14,3,11,9,2
Youyi South Road,Beichen Road,23370.29548,100178,100005,3,1,2,1,1
Beichen Road,Youyi South Road,23370.29548,100005,100178,2,0,2,0,2
Lilou,Ruijing XinYuan,23369.38742,100086,100114,156,35,121,77,44
Ruijing XinYuan,Lilou,23369.38742,100114,100086,154,32,122,69,53
Haihe Education Zone,Northwest Corner,23364.20948,100050,100109,15,6,9,7,2
Northwest Corner,Haihe Education Zone,23364.20948,100109,100050,14,9,5,1,4
Jinnan Campus of Nankai University,Tianjin Station,23361.09194,100075,100135,357,136,221,99,122
Tianjin Station,Jinnan Campus of Nankai University,23361.09194,100135,100075,318,149,169,54,115
Dongli Sanjing Road,Anshan West Road,23360.82241,100032,100003,7,0,7,7,0
Anshan West Road,Dongli Sanjing Road,23360.82241,100003,100032,3,0,3,3,0
Junliangcheng,Taihu Road,23360.53697,100081,100130,310,67,243,175,68
Taihu Road,Junliangcheng,23360.53697,100130,100081,287,56,231,137,94
Gaozhuangzi,Qinjian Road,23354.10628,100043,100113,201,68,133,96,37
Qinjian Road,Gaozhuangzi,23354.10628,100113,100043,143,26,117,83,34
South Station,Dengzhou South Road,23353.64195,100122,100025,82,15,67,28,39
Dengzhou South Road,South Station,23353.64195,100025,100122,51,14,37,30,7
Yangwu Zhuang,Yuejin North Road,23342.16299,100169,100181,5,1,4,4,0
Yuejin North Road,Yangwu Zhuang,23342.16299,100181,100169,3,1,2,2,0
Hehui South Road,Chenglin Road,23339.36735,100052,100014,29,9,20,18,2
Chenglin Road,Hehui South Road,23339.36735,100014,100052,26,5,21,10,11
Haihe Education Zone,Guangkaisima Road,23329.4084,100050,100044,5,0,5,4,1
Guangkaisima Road,Haihe Education Zone,23329.4084,100044,100050,4,1,3,1,2
Binhai International Airport,Meilin Road,23328.95458,100010,100098,32,10,22,14,8
Meilin Road,Binhai International Airport,23328.95458,100098,100010,23,0,23,5,18
Jinnan Campus of Nankai University,Taichang Road,23324.74876,100075,100128,16,7,9,7,2
Taichang Road,Jinnan Campus of Nankai University,23324.74876,100128,100075,16,4,12,3,9
Shuanggang,Dongli Development Zone,23320.58799,100118,100030,9,5,4,4,0
Dongli Development Zone,Shuanggang,23320.58799,100030,100118,3,1,2,2,0
Shaliu South Road,Beiyangyuan Campus of Tianjin University,23320.35178,100116,100007,6,3,3,0,3
Beiyangyuan Campus of Tianjin University,Shaliu South Road,23320.35178,100007,100116,3,1,2,1,1
Beiyangyuan Campus of Tianjin University,Zhicheng Road,23305.70661,100007,100187,13,6,7,0,7
Zhicheng Road,Beiyangyuan Campus of Tianjin University,23305.70661,100187,100007,12,4,8,5,3
Liqi Zhuang South,Donggu Road,23305.00161,100088,100026,22,1,21,19,2
Donggu Road,Liqi Zhuang South,23305.00161,100026,100088,21,0,21,12,9
Haihe Education Zone,Fuxing Road,23298.61217,100050,100042,8,4,4,4,0
Fuxing Road,Haihe Education Zone,23298.61217,100042,100050,7,3,4,4,0
Professional University,Xinli,23288.82413,100112,100161,38,16,22,14,8
Xinli,Professional University,23288.82413,100161,100112,37,20,17,6,11
Huaihe Road,Xunhai Road,23288.37327,100058,100166,1,1,0,0,0
Xiaodong Zhuang,Laoshan Road,23284.99678,100156,100082,6,0,6,6,0
Laoshan Road,Xiaodong Zhuang,23284.99678,100082,100156,4,0,4,2,2
Nancuiping,Xiaodong Zhuang,23281.2413,100100,100156,7,2,5,0,5
Xiaodong Zhuang,Nancuiping,23281.2413,100156,100100,3,3,0,0,0
Magangchang,Liuyuan,23275.78176,100094,100091,63,27,36,24,12
Liuyuan,Magangchang,23275.78176,100091,100094,39,13,26,13,13
Tian Tower,Jinnan Campus of Nankai University,23274.15582,100133,100075,179,98,81,22,59
Jinnan Campus of Nankai University,Tian Tower,23274.15582,100075,100133,89,54,35,16,19
North Beichen Tech Park,Yingfeng Road,23271.15916,100106,100173,13,4,9,8,1
Yingfeng Road,North Beichen Tech Park,23271.15916,100173,100106,10,4,6,3,3
Jiefang South Road,Xiaodian,23269.21692,100068,100155,37,7,30,19,11
Xiaodian,Jiefang South Road,23269.21692,100155,100068,21,3,18,16,2
JinZhong Street,Beiyangyuan Campus of Tianjin University,23268.30623,100080,100007,5,4,1,0,1
Beiyangyuan Campus of Tianjin University,JinZhong Street,23268.30623,100007,100080,4,3,1,1,0
Benxi Road,Jingli Road,23264.80488,100008,100073,29,8,21,11,10
Jingli Road,Benxi Road,23264.80488,100073,100008,28,7,21,12,9
Dengzhou South Road,Xiaodong Zhuang,23264.18234,100025,100156,4,0,4,2,2
Xiaodong Zhuang,Dengzhou South Road,23264.18234,100156,100025,2,0,2,2,0
Huanyu Road,Liuyuan,23260.57684,100059,100091,11,6,5,2,3
Liuyuan,Huanyu Road,23260.57684,100091,100059,6,2,4,1,3
Hongni River East,Yixingbu North,23256.28509,100056,100176,12,1,11,10,1
Yixingbu North,Hongni River East,23256.28509,100176,100056,11,2,9,3,6
Chinese Medicine First Affiliated Hospital,Xianshuigu West,23255.20203,100016,100152,214,72,142,31,111
Xianshuigu West,Chinese Medicine First Affiliated Hospital,23255.20203,100152,100016,201,56,145,98,47
Dongli Culture and Sports Centre,Bianxing,23255.10369,100029,100009,1,0,1,0,1
Bianxing,Dongli Culture and Sports Centre,23255.10369,100009,100029,1,0,1,0,1
North Station,Dongli Liujing Road,23255.07467,100108,100031,3,2,1,1,0
North China Group,Shuanggang,23254.13214,100107,100118,27,6,21,10,11
Shuanggang,North China Group,23254.13214,100118,100107,24,7,17,9,8
Hehui South Road,Dawang Zhuang,23251.87545,100052,100023,31,4,27,25,2
Dawang Zhuang,Hehui South Road,23251.87545,100023,100052,28,2,26,15,11
Xiaodong Zhuang,Foreign Languages High School,23244.93129,100156,100040,3,0,3,1,2
Haihe Education Zone,Siyuan Road,23243.71089,100050,100121,3,0,3,1,2
North China Group,Nanzhu Bridge,23242.19566,100107,100104,14,5,9,5,4
Nanzhu Bridge,North China Group,23242.19566,100104,100107,12,2,10,7,3
Jingli Road,Yuejin North Road,23241.64078,100073,100181,1,0,1,0,1
Xiaodong Zhuang,Tiedong Road,23238.79507,100156,100139,61,15,46,31,15
Tiedong Road,Xiaodong Zhuang,23238.79507,100139,100156,43,3,40,19,21
Hongqi South Road,Dongli Liujing Road,23233.2523,100057,100031,5,1,4,2,2
Dongli Liujing Road,Hongqi South Road,23233.2523,100031,100057,4,1,3,3,0
Xiaodian,Meilin Road,23232.00529,100155,100098,1,1,0,0,0
Nansun Zhuang,University town,23229.82112,100103,100143,5,3,2,2,0
University town,Nansun Zhuang,23229.82112,100143,100103,3,0,3,0,3
South Station,Liulin Road,23223.58406,100122,100089,109,49,60,23,37
Liulin Road,South Station,23223.58406,100089,100122,98,52,46,19,27
Haihe Education Zone,Tiantai Road,23223.23392,100050,100137,18,6,12,7,5
Tiantai Road,Haihe Education Zone,23223.23392,100137,100050,14,3,11,4,7
National Exhibition Centre,Yueya River,23219.1953,100105,100182,14,2,12,10,2
Yueya River,National Exhibition Centre,23219.1953,100182,100105,13,6,7,6,1
Donggu Road,Tumour Hospital,23214.74754,100026,100141,412,54,358,237,121
Tumour Hospital,Donggu Road,23214.74754,100141,100026,408,57,351,122,229
Xiaodong Zhuang,The Financial University,23214.62934,100156,100132,13,4,9,1,8
The Financial University,Xiaodong Zhuang,23214.62934,100132,100156,4,0,4,1,3
Lijiang Road,Xianshuigu West,23213.73111,100085,100152,25,5,20,12,8
Xianshuigu West,Lijiang Road,23213.73111,100152,100085,13,3,10,5,5
Foreign Languages High School,Gaozhuangzi,23211.78677,100040,100043,6,0,6,4,2
Gaozhuangzi,Foreign Languages High School,23211.78677,100043,100040,6,0,6,1,5
Yangwu Zhuang,Guoshan Road,23210.58023,100169,100047,30,6,24,24,0
Guoshan Road,Yangwu Zhuang,23210.58023,100047,100169,16,3,13,9,4
Tiedong Road,Gaozhuangzi,23205.65056,100139,100043,31,15,16,11,5
Gaozhuangzi,Tiedong Road,23205.65056,100043,100139,26,6,20,8,12
Hehui South Road,Chentang Zhuang,23196.50539,100052,100015,8,0,8,5,3
Chentang Zhuang,Hehui South Road,23196.50539,100015,100052,8,1,7,4,3
South Station,Dengzhou Road,23194.23362,100122,100024,351,109,242,124,118
Dengzhou Road,South Station,23194.23362,100024,100122,271,77,194,130,64
Binhai International Airport,Xinli,23186.0523,100010,100161,41,8,33,18,15
Xinli,Binhai International Airport,23186.0523,100161,100010,35,6,29,20,9
Jinshi Bridge,Haihe Education Zone,23182.7064,100076,100050,7,3,4,1,3
Haihe Education Zone,Jinshi Bridge,23182.7064,100050,100076,6,1,5,3,2
Danhebei Road,Hangshuang Road,23182.62144,100022,100051,1,0,1,1,0
Hangshuang Road,Danhebei Road,23182.62144,100051,100022,1,0,1,1,0
Nansun Zhuang,Shuanglin,23180.55744,100103,100119,2,2,0,0,0
Shuanglin,Nansun Zhuang,23180.55744,100119,100103,1,1,0,0,0
Lilou,Jingli Road,23180.17309,100086,100073,6,0,6,6,0
Jingli Road,Lilou,23180.17309,100073,100086,1,0,1,0,1
Haihe Education Zone,Gulou,23179.46768,100050,100045,27,18,9,5,4
Gulou,Haihe Education Zone,23179.46768,100045,100050,27,18,9,4,5
Jinnan Campus of Nankai University,Jingjiang Road,23171.32853,100075,100072,13,4,9,7,2
Jingjiang Road,Jinnan Campus of Nankai University,23171.32853,100072,100075,7,3,4,1,3
Ruijing XinYuan,Shuanggang,23169.17728,100114,100118,30,12,18,5,13
Shuanggang,Ruijing XinYuan,23169.17728,100118,100114,21,5,16,6,10
North Beichen Tech Park,Meijiang Road,23169.10422,100106,100097,25,1,24,20,4
Meijiang Road,North Beichen Tech Park,23169.10422,100097,100106,24,0,24,19,5
Xuzhuangzi,Haihe Education Zone,23166.39032,100168,100050,5,1,4,2,2
Haihe Education Zone,Xuzhuangzi,23166.39032,100050,100168,2,1,1,0,1
Xiaodian,Dongting Road,23162.49076,100155,100034,1,1,0,0,0
Dongting Road,Xiaodian,23162.49076,100034,100155,1,1,0,0,0
Beichen Road,High-Tech Zone,23162.23811,100005,100054,69,10,59,51,8
High-Tech Zone,Beichen Road,23162.23811,100054,100005,59,4,55,42,13
Nanhe Zhuang,Lilou,23157.28405,100101,100086,10,3,7,1,6
Lilou,Nanhe Zhuang,23157.28405,100086,100101,5,3,2,1,1
Foreign Languages High School,Haihe Education Zone,23150.64382,100040,100050,1,0,1,0,1
Haihe Education Zone,Foreign Languages High School,23150.64382,100050,100040,1,0,1,1,0
Hongqi South Road,Xianshuigu West,23148.95639,100057,100152,385,123,262,155,107
Xianshuigu West,Hongqi South Road,23148.95639,100152,100057,384,133,251,153,98
Xinxing Village,Bianxing,23132.27822,100162,100009,2,0,2,0,2
Jianchang Road,Xiaodong Zhuang,23131.4569,100063,100156,11,2,9,4,5
Xiaodong Zhuang,Jianchang Road,23131.4569,100156,100063,8,3,5,5,0
Xinxing Village,Meilin Road,23128.42939,100162,100098,1,0,1,0,1
Meilin Road,Xinxing Village,23128.42939,100098,100162,1,0,1,0,1
Xiaodong Zhuang,Minquan Gate,23125.30802,100156,100099,24,8,16,14,2
Minquan Gate,Xiaodong Zhuang,23125.30802,100099,100156,22,6,16,12,4
High-Tech Zone,Airport Economic Zone,23121.27829,100054,100001,390,66,324,236,88
Airport Economic Zone,High-Tech Zone,23121.27829,100001,100054,351,57,294,240,54
Xiaodian,High-Tech Zone,23111.66381,100155,100054,121,7,114,95,19
High-Tech Zone,Xiaodian,23111.66381,100054,100155,116,7,109,79,30
Hehui South Road,Tiantuo,23111.33517,100052,100138,103,7,96,77,19
Tiantuo,Hehui South Road,23111.33517,100138,100052,83,5,78,48,30
Dongli Liujing Road,Donggu Road,23104.9766,100031,100026,5,1,4,1,3
Donggu Road,Dongli Liujing Road,23104.9766,100026,100031,5,2,3,3,0
Shuanglin,Fengchan River,23103.30951,100119,100039,8,2,6,5,1
Fengchan River,Shuanglin,23103.30951,100039,100119,6,1,5,4,1
Xiaodong Zhuang,Beining Park,23100.00431,100156,100006,24,6,18,14,4
Beining Park,Xiaodong Zhuang,23100.00431,100006,100156,21,4,17,11,6
Dongli Sanjing Road,Foreign Languages High School,23099.90124,100032,100040,2,2,0,0,0
Foreign Languages High School,Dongli Sanjing Road,23099.90124,100040,100032,1,0,1,1,0
Fuxing Gate,Jinnan Campus of Nankai University,23099.2923,100041,100075,1,0,1,0,1
Zhou and Deng Memorial Museum,National Exhibition Centre,23080.9786,100191,100105,6,3,3,3,0
National Exhibition Centre,Zhou and Deng Memorial Museum,23080.9786,100105,100191,5,4,1,1,0
Dongli Liujing Road,Northwest Corner,23075.61486,100031,100109,21,10,11,1,10
Northwest Corner,Dongli Liujing Road,23075.61486,100109,100031,13,3,10,8,2
Lushui Road,Gaozhuangzi,23067.84695,100093,100043,2,0,2,0,2
Gaozhuangzi,Lushui Road,23067.84695,100043,100093,1,0,1,0,1
Zhongshan Gate,Donggu Road,23067.52983,100189,100026,74,25,49,17,32
Donggu Road,Zhongshan Gate,23067.52983,100026,100189,64,12,52,28,24
Dongxing Road,Xianshuigu West,23067.03277,100035,100152,22,5,17,11,6
Xianshuigu West,Dongxing Road,23067.03277,100152,100035,15,3,12,9,3
Beining Park,Gaozhuangzi,23066.85979,100006,100043,18,9,9,5,4
Gaozhuangzi,Beining Park,23066.85979,100043,100006,15,6,9,3,6
Bianxing,Dongli Development Zone,23063.62505,100009,100030,79,12,67,55,12
Dongli Development Zone,Bianxing,23063.62505,100030,100009,72,11,61,50,11
Beichen Road,Dongting Road,23062.04379,100005,100034,5,2,3,3,0
Dongting Road,Beichen Road,23062.04379,100034,100005,5,1,4,3,1
Huayuan,Gaozhuangzi,23053.63645,100061,100043,230,28,202,137,65
Gaozhuangzi,Huayuan,23053.63645,100043,100061,218,19,199,170,29
Tiantai Road,Dongli Yijing Road,23029.74378,100137,100033,2,1,1,0,1
Dongli Yijing Road,Tiantai Road,23029.74378,100033,100137,1,1,0,0,0
Magangchang,Professional University,23026.79011,100094,100112,11,4,7,4,3
Professional University,Magangchang,23026.79011,100112,100094,6,1,5,2,3
Xianshuigu West,Yaohuan Road,23026.28033,100152,100170,12,7,5,3,2
Yaohuan Road,Xianshuigu West,23026.28033,100170,100152,11,4,7,4,3
Haihe East Road,Ruijing XinYuan,23025.05051,100049,100114,1,0,1,0,1
Dongli Sanjing Road,Tianshili,23022.01358,100032,100136,1,0,1,0,1
Tianshili,Jingli Road,23016.2666,100136,100073,8,0,8,7,1
Jingli Road,Tianshili,23016.2666,100073,100136,4,0,4,3,1
North Beichen Tech Park,Wangdingdi,23010.24947,100106,100145,29,8,21,17,4
Wangdingdi,North Beichen Tech Park,23010.24947,100145,100106,29,5,24,17,7
Donggu Road,Sports Centre,23003.83938,100026,100126,249,69,180,118,62
Sports Centre,Donggu Road,23003.83938,100126,100026,219,57,162,112,50
Liaohe North Road,Dongli Yijing Road,23002.92336,100084,100033,5,0,5,5,0
Dongli Yijing Road,Liaohe North Road,23002.92336,100033,100084,4,0,4,4,0
Yuanyang International Centre,Guorui Road,23001.8976,100179,100046,12,5,7,4,3
Guorui Road,Yuanyang International Centre,23001.8976,100046,100179,9,7,2,1,1
Zhangxing Zhuang,Dongli Liujing Road,23000.37545,100185,100031,2,1,1,1,0
Dongli Liujing Road,Zhangxing Zhuang,23000.37545,100031,100185,1,0,1,0,1
University of Civil Aviation,Xiaodian,22999.82126,100142,100155,5,4,1,1,0
Xiaodian,University of Civil Aviation,22999.82126,100155,100142,1,1,0,0,0
Jinnan Campus of Nankai University,Yibin Road,22998.71846,100075,100171,44,11,33,13,20
Yibin Road,Jinnan Campus of Nankai University,22998.71846,100171,100075,38,13,25,13,12
Binhai International Airport,Dongting Road,22984.92305,100010,100034,15,6,9,4,5
Dongting Road,Binhai International Airport,22984.92305,100034,100010,9,2,7,2,5
North Beichen Tech Park,Jinmao Industrial Area,22981.89573,100106,100074,13,0,13,13,0
Jinmao Industrial Area,North Beichen Tech Park,22981.89573,100074,100106,9,0,9,9,0
Jinnan Campus of Nankai University,Haiguang Temple,22976.23874,100075,100048,36,18,18,9,9
Haiguang Temple,Jinnan Campus of Nankai University,22976.23874,100048,100075,26,10,16,4,12
Bei Zhulin,Haihe Education Zone,22976.04919,100004,100050,11,4,7,4,3
Haihe Education Zone,Bei Zhulin,22976.04919,100050,100004,10,5,5,5,0
Xuefu Industrial Area,Professional University,22975.91137,100163,100112,72,8,64,52,12
Professional University,Xuefu Industrial Area,22975.91137,100112,100163,68,6,62,57,5
Haihe Education Zone,People's Hospital,22974.06356,100050,100111,49,8,41,35,6
People's Hospital,Haihe Education Zone,22974.06356,100111,100050,41,4,37,23,14
Haihe Education Zone,West Station,22973.72987,100050,100149,115,32,83,43,40
West Station,Haihe Education Zone,22973.72987,100149,100050,89,30,59,24,35
University of Civil Aviation,Beichen Road,22973.18053,100142,100005,28,7,21,11,10
Beichen Road,University of Civil Aviation,22973.18053,100005,100142,22,6,16,10,6
Dongli Sanjing Road,Tiedong Road,22961.20013,100032,100139,7,1,6,6,0
Yixingbu North,Jingli Road,22960.07723,100176,100073,11,4,7,3,4
Jingli Road,Yixingbu North,22960.07723,100073,100176,11,2,9,5,4
Jinwan Square,Jinnan Campus of Nankai University,22958.24133,100078,100075,57,30,27,7,20
Jinnan Campus of Nankai University,Jinwan Square,22958.24133,100075,100078,56,26,30,21,9
Yibin Road,Dongli Yijing Road,22956.40435,100171,100033,2,0,2,2,0
Dongli Yijing Road,Yibin Road,22956.40435,100033,100171,1,0,1,1,0
Danhebei Road,Huanyu Road,22949.9558,100022,100059,1,0,1,0,1
Huanyu Road,Danhebei Road,22949.9558,100059,100022,1,0,1,1,0
Guangkaisima Road,Dongli Liujing Road,22942.76062,100044,100031,12,4,8,6,2
Dongli Liujing Road,Guangkaisima Road,22942.76062,100031,100044,7,2,5,5,0
Xuefu Industrial Area,Fengchan River,22939.86546,100163,100039,30,2,28,17,11
Fengchan River,Xuefu Industrial Area,22939.86546,100039,100163,29,3,26,26,0
Tiantai Road,Gaozhuangzi,22932.04648,100137,100043,40,19,21,12,9
Gaozhuangzi,Tiantai Road,22932.04648,100043,100137,34,5,29,16,13
Guorui Road,Xingfu Park,22930.08848,100046,100159,12,6,6,3,3
Xingfu Park,Guorui Road,22930.08848,100159,100046,11,3,8,5,3
Wangdingdi,Hehui South Road,22920.66964,100145,100052,8,1,7,6,1
Hehui South Road,Wangdingdi,22920.66964,100052,100145,5,1,4,3,1
Dongli Sanjing Road,Yixingbu North,22920.66119,100032,100176,1,0,1,1,0
Yixingbu North,Dongli Sanjing Road,22920.66119,100176,100032,1,0,1,1,0
Meijiang Park,Xiaodong Zhuang,22916.83795,100096,100156,7,0,7,6,1
Xiaodong Zhuang,Meijiang Park,22916.83795,100156,100096,5,1,4,1,3
Dongli Yijing Road,Xianyang Road,22916.65444,100033,100153,7,0,7,6,1
Xianyang Road,Dongli Yijing Road,22916.65444,100153,100033,4,1,3,2,1
Xiaodong Zhuang,Northwest Corner,22909.79368,100156,100109,203,43,160,115,45
Northwest Corner,Xiaodong Zhuang,22909.79368,100109,100156,173,28,145,79,66
Guorui Road,Tian Tower,22908.34139,100046,100133,20,4,16,11,5
Tian Tower,Guorui Road,22908.34139,100133,100046,13,5,8,3,5
Xiaodong Zhuang,Changling Road,22903.89676,100156,100013,49,10,39,12,27
Changling Road,Xiaodong Zhuang,22903.89676,100013,100156,36,11,25,8,17
Fengchan River,Yutai,22902.83409,100039,100183,1,0,1,0,1
South Station,Liuyuan,22895.29104,100122,100091,1041,287,754,344,410
Liuyuan,South Station,22895.29104,100091,100122,646,214,432,204,228
Number Two Bridge,National Exhibition Centre,22883.30548,100110,100105,1,1,0,0,0
National Exhibition Centre,Number Two Bridge,22883.30548,100105,100110,1,0,1,0,1
North Beichen Tech Park,Ruijing XinYuan,22881.62486,100106,100114,3,2,1,0,1
Ruijing XinYuan,North Beichen Tech Park,22881.62486,100114,100106,2,1,1,1,0
Danhebei Road,Chinese Medicine First Affiliated Hospital,22877.11529,100022,100016,25,2,23,12,11
Chinese Medicine First Affiliated Hospital,Danhebei Road,22877.11529,100016,100022,17,1,16,6,10
Liqi Zhuang South,Binhai International Airport,22877.017,100088,100010,18,6,12,3,9
Binhai International Airport,Liqi Zhuang South,22877.017,100010,100088,16,2,14,6,8
Xueyuan North Road,Jiayuan Li,22873.92086,100165,100067,1,0,1,0,1
Dongli Liujing Road,Yingfeng Road,22872.08412,100031,100173,10,0,10,6,4
Yingfeng Road,Dongli Liujing Road,22872.08412,100173,100031,7,0,7,5,2
Jiefang South Road,Beichen Road,22865.27041,100068,100005,97,19,78,47,31
Beichen Road,Jiefang South Road,22865.27041,100005,100068,94,21,73,53,20
Airport Economic Zone,Dongli Development Zone,22861.82338,100001,100030,41,12,29,12,17
Dongli Development Zone,Airport Economic Zone,22861.82338,100030,100001,36,11,25,13,12
Zhicheng Road,Gaozhuangzi,22854.05572,100187,100043,31,8,23,13,10
Gaozhuangzi,Zhicheng Road,22854.05572,100043,100187,23,4,19,9,10
Dongli Development Zone,University of Civil Aviation,22848.53852,100030,100142,10,8,2,1,1
University of Civil Aviation,Dongli Development Zone,22848.53852,100142,100030,9,2,7,4,3
Southwest corner,Guorui Road,22837.30289,100124,100046,62,12,50,23,27
Guorui Road,Southwest corner,22837.30289,100046,100124,49,12,37,25,12
Liaohe North Road,Jinghe Road,22837.1705,100084,100071,24,7,17,13,4
Jinghe Road,Liaohe North Road,22837.1705,100071,100084,13,0,13,11,2
Guangkaisima Road,National Exhibition Centre,22835.36921,100044,100105,7,3,4,2,2
National Exhibition Centre,Guangkaisima Road,22835.36921,100105,100044,2,0,2,1,1
Second hospital of the Medical University,Donggu Road,22831.13027,100115,100026,11,4,7,1,6
Donggu Road,Second hospital of the Medical University,22831.13027,100026,100115,7,2,5,1,4
Xianshuigu West,Jintang Road,22828.61606,100152,100077,96,24,72,44,28
Jintang Road,Xianshuigu West,22828.61606,100077,100152,85,30,55,33,22
Xiaobailou,Junliangcheng,22825.25387,100154,100081,168,50,118,74,44
Junliangcheng,Xiaobailou,22825.25387,100081,100154,166,40,126,91,35
Yangwu Zhuang,Shuanglin,22819.41689,100169,100119,28,11,17,6,11
Shuanglin,Yangwu Zhuang,22819.41689,100119,100169,24,8,16,10,6
Xuefu Industrial Area,Xuelian South Road,22817.22964,100163,100164,4,0,4,3,1
Xuelian South Road,Xuefu Industrial Area,22817.22964,100164,100163,1,0,1,1,0
Yutai,Donggu Road,22812.1813,100183,100026,61,14,47,33,14
Donggu Road,Yutai,22812.1813,100026,100183,53,20,33,23,10
Junliangcheng,Chenglin Road,22810.88685,100081,100014,108,18,90,73,17
Chenglin Road,Junliangcheng,22810.88685,100014,100081,98,19,79,68,11
University of Civil Aviation,Jiayuan Li,22809.9791,100142,100067,18,3,15,2,13
Jiayuan Li,University of Civil Aviation,22809.9791,100067,100142,16,8,8,5,3
North China Group,Dongli Culture and Sports Centre,22807.88176,100107,100029,5,2,3,0,3
Dongli Culture and Sports Centre,North China Group,22807.88176,100029,100107,4,3,1,1,0
Tucheng,Xianshuigu West,22806.26661,100140,100152,13,0,13,6,7
Xianshuigu West,Tucheng,22806.26661,100152,100140,12,4,8,0,8
Liqi Zhuang South,Nansun Zhuang,22803.9433,100088,100103,1,0,1,1,0
University town,Haihe Education Zone,22802.27453,100143,100050,37,12,25,17,8
Haihe Education Zone,University town,22802.27453,100050,100143,36,14,22,8,14
Xueyuan North Road,Cao Zhuang,22796.66016,100165,100011,5,3,2,2,0
Heping Road,Donggu Road,22794.01435,100053,100026,1792,666,1126,557,569
Donggu Road,Heping Road,22794.01435,100026,100053,1311,473,838,550,288
Guorui Road,Jianguo Road,22793.60513,100046,100064,10,5,5,1,4
Jianguo Road,Guorui Road,22793.60513,100064,100046,6,5,1,0,1
National Exhibition Centre,Nancuiping,22792.25947,100105,100100,5,4,1,0,1
Binhai International Airport,Jiefang South Road,22788.14966,100010,100068,137,42,95,45,50
Jiefang South Road,Binhai International Airport,22788.14966,100068,100010,135,29,106,54,52
Donggu Road,Xikang Road,22787.37007,100026,100158,367,89,278,190,88
Xikang Road,Donggu Road,22787.37007,100158,100026,331,79,252,184,68
Dongli Culture and Sports Centre,University town,22782.49335,100029,100143,14,5,9,5,4
University town,Dongli Culture and Sports Centre,22782.49335,100143,100029,12,3,9,3,6
Xiaodong Zhuang,Guangkaisima Road,22775.60722,100156,100044,116,14,102,82,20
Guangkaisima Road,Xiaodong Zhuang,22775.60722,100044,100156,100,12,88,58,30
Junliangcheng,Southwest Tower,22774.57693,100081,100125,213,33,180,134,46
Southwest Tower,Junliangcheng,22774.57693,100125,100081,210,35,175,124,51
Beining Park,Jinnan Campus of Nankai University,22771.56088,100006,100075,4,2,2,1,1
Jinnan Campus of Nankai University,Beining Park,22771.56088,100075,100006,4,3,1,1,0
Xiaodian,Liulin Road,22767.85437,100155,100089,5,3,2,1,1
Liulin Road,Xiaodian,22767.85437,100089,100155,2,2,0,0,0
South Station,Laoshan Road,22764.97638,100122,100082,103,44,59,35,24
Laoshan Road,South Station,22764.97638,100082,100122,63,18,45,28,17
Xinli,Jiayuan Li,22762.53049,100161,100067,38,11,27,14,13
Jiayuan Li,Xinli,22762.53049,100067,100161,32,14,18,15,3
Fengchan River,Lushui Road,22756.07279,100039,100093,4,1,3,2,1
Lushui Road,Fengchan River,22756.07279,100093,100039,2,0,2,1,1
South Station,Wanshan Road,22754.81155,100122,100146,18,8,10,7,3
Wanshan Road,South Station,22754.81155,100146,100122,17,5,12,6,6
South Station,Jinghe Road,22748.8308,100122,100071,117,30,87,44,43
Jinghe Road,South Station,22748.8308,100071,100122,80,27,53,38,15
Dongli Sanjing Road,West Station,22746.49219,100032,100149,21,1,20,7,13
West Station,Dongli Sanjing Road,22746.49219,100149,100032,21,4,17,6,11
Huaihe Road,Lilou,22745.38897,100058,100086,36,9,27,21,6
Lilou,Huaihe Road,22745.38897,100086,100058,34,7,27,20,7
North Beichen Tech Park,Dengzhou South Road,22742.05261,100106,100025,10,2,8,4,4
Dengzhou South Road,North Beichen Tech Park,22742.05261,100025,100106,5,1,4,3,1
Dongli Liujing Road,Zhongshan Road,22741.55448,100031,100190,2,1,1,0,1
Beichen Road,Liulin Road,22741.21364,100005,100089,27,8,19,10,9
Liulin Road,Beichen Road,22741.21364,100089,100005,23,6,17,8,9
South Station,Fangshan Road,22735.10672,100122,100038,22,8,14,8,6
Fangshan Road,South Station,22735.10672,100038,100122,20,4,16,10,6
University of Civil Aviation,Cao Zhuang,22732.7184,100142,100011,145,58,87,46,41
Cao Zhuang,University of Civil Aviation,22732.7184,100011,100142,138,46,92,49,43
Yuanyang International Centre,Haihe Education Zone,22731.67807,100179,100050,7,1,6,5,1
Haihe Education Zone,Yuanyang International Centre,22731.67807,100050,100179,5,1,4,3,1
Weishan Road,Nansun Zhuang,22728.32009,100148,100103,3,1,2,2,0
Tiantuo,Dongli Sanjing Road,22728.17447,100138,100032,4,0,4,4,0
Dongli Sanjing Road,Tiantuo,22728.17447,100032,100138,3,0,3,3,0
Meijiang Exhibition Centre,Xiaodian,22719.75134,100095,100155,33,7,26,16,10
Xiaodian,Meijiang Exhibition Centre,22719.75134,100155,100095,16,6,10,7,3
Hehui South Road,Yizhongxin Hospital,22711.77012,100052,100177,124,27,97,60,37
Yizhongxin Hospital,Hehui South Road,22711.77012,100177,100052,112,36,76,42,34
Binhai International Airport,Beichen Road,22710.19592,100010,100005,147,36,111,25,86
Beichen Road,Binhai International Airport,22710.19592,100005,100010,107,46,61,27,34
Shunchi Bridge,Guorui Road,22709.57111,100120,100046,5,2,3,3,0
Guorui Road,Shunchi Bridge,22709.57111,100046,100120,1,0,1,1,0
Xiaodong Zhuang,Wanshan Road,22709.28077,100156,100146,4,1,3,0,3
Huayuan,Dongli Yijing Road,22708.79708,100061,100033,2,1,1,0,1
Haihe Education Zone,Cuifu New Village,22708.78821,100050,100019,2,0,2,1,1
Cuifu New Village,Haihe Education Zone,22708.78821,100019,100050,1,0,1,1,0
Liuwei Road,Haihe Education Zone,22705.09693,100090,100050,2,2,0,0,0
Xinli,High-Tech Zone,22704.24523,100161,100054,107,18,89,73,16
High-Tech Zone,Xinli,22704.24523,100054,100161,103,17,86,70,16
Lingbin Road,Xiaodong Zhuang,22699.65049,100087,100156,50,5,45,30,15
Xiaodong Zhuang,Lingbin Road,22699.65049,100156,100087,44,6,38,30,8
Binhai International Airport,Xiaodian,22694.81304,100010,100155,39,12,27,11,16
Xiaodian,Binhai International Airport,22694.81304,100155,100010,25,9,16,4,12
Binhai International Airport,Hongni River East,22694.10058,100010,100056,24,6,18,5,13
Hongni River East,Binhai International Airport,22694.10058,100056,100010,22,3,19,10,9
University town,University of Civil Aviation,22693.99849,100143,100142,96,42,54,20,34
University of Civil Aviation,University town,22693.99849,100142,100143,76,39,37,14,23
Jinghe Road,Cao Zhuang,22692.09612,100071,100011,63,25,38,23,15
Cao Zhuang,Jinghe Road,22692.09612,100011,100071,46,14,32,23,9
Fangshan Road,Xiaodong Zhuang,22689.57594,100038,100156,1,1,0,0,0
Donggu Road,Hangshuang Road,22684.86575,100026,100051,16,0,16,15,1
Hangshuang Road,Donggu Road,22684.86575,100051,100026,12,3,9,7,2
Jinnan Campus of Nankai University,Youyi South Road,22681.72829,100075,100178,2,2,0,0,0
Xuefu Industrial Area,Dabi Zhuang,22681.01178,100163,100021,33,2,31,25,6
Dabi Zhuang,Xuefu Industrial Area,22681.01178,100021,100163,29,3,26,24,2
Shuanggang,Huaihe Road,22678.63654,100118,100058,22,4,18,16,2
Huaihe Road,Shuanggang,22678.63654,100058,100118,20,1,19,16,3
Danhebei Road,Meijiang Park,22669.67836,100022,100096,1,0,1,1,0
Fengchan River,Jiangwan Erzhi Road,22668.43991,100039,100065,5,1,4,4,0
Jiangwan Erzhi Road,Fengchan River,22668.43991,100065,100039,5,1,4,3,1
Haihe Education Zone,Xingfu Park,22668.21082,100050,100159,20,5,15,14,1
Xingfu Park,Haihe Education Zone,22668.21082,100159,100050,14,2,12,10,2
Dongli Development Zone,Dabi Zhuang,22667.23336,100030,100021,77,17,60,36,24
Dabi Zhuang,Dongli Development Zone,22667.23336,100021,100030,73,19,54,42,12
Weishan Road,Liuyuan,22666.88007,100148,100091,19,7,12,6,6
Liuyuan,Weishan Road,22666.88007,100091,100148,9,3,6,2,4
Yingfeng Road,Xianshuigu West,22666.55919,100173,100152,262,85,177,93,84
Xianshuigu West,Yingfeng Road,22666.55919,100152,100173,233,75,158,83,75
Xunhai Road,Honghu Li,22666.35436,100166,100055,13,6,7,6,1
Honghu Li,Xunhai Road,22666.35436,100055,100166,11,3,8,6,2
North China Group,Xinxing Village,22665.61394,100107,100162,2,0,2,0,2
Xinxing Village,North China Group,22665.61394,100162,100107,2,0,2,2,0
Cao Zhuang,Xinli,22663.57044,100011,100161,275,77,198,119,79
Xinli,Cao Zhuang,22663.57044,100161,100011,237,77,160,103,57
Xiaodong Zhuang,Tanggu,22660.46972,100156,100131,1750,395,1355,774,581
Tanggu,Xiaodong Zhuang,22660.46972,100131,100156,1556,514,1042,590,452
Dongli Yijing Road,People's Hospital,22657.82577,100033,100111,1,0,1,0,1
People's Hospital,Dongli Yijing Road,22657.82577,100111,100033,1,0,1,0,1
Haihe Education Zone,Southwest corner,22653.5266,100050,100124,27,1,26,21,5
Southwest corner,Haihe Education Zone,22653.5266,100124,100050,24,1,23,19,4
Yixingbu,Hongni River East,22650.95441,100175,100056,14,4,10,3,7
Hongni River East,Yixingbu,22650.95441,100056,100175,8,1,7,3,4
Dongli Development Zone,Nanzhu Bridge,22650.25353,100030,100104,1,1,0,0,0
Beichen Road,Liqi Zhuang South,22650.22525,100005,100088,14,5,9,9,0
Liqi Zhuang South,Beichen Road,22650.22525,100088,100005,13,2,11,7,4
Chunhai Road,North China Group,22649.25782,100017,100107,13,4,9,1,8
North China Group,Chunhai Road,22649.25782,100107,100017,11,4,7,5,2
Yutai,Beichen Road,22649.23667,100183,100005,8,2,6,3,3
Beichen Road,Yutai,22649.23667,100005,100183,8,2,6,4,2
Beiyangyuan Campus of Tianjin University,High-Tech Zone,22647.08378,100007,100054,27,17,10,4,6
High-Tech Zone,Beiyangyuan Campus of Tianjin University,22647.08378,100054,100007,26,15,11,4,7
Beiyangyuan Campus of Tianjin University,Tiedong Road,22639.28235,100007,100139,6,3,3,2,1
Tiedong Road,Beiyangyuan Campus of Tianjin University,22639.28235,100139,100007,3,2,1,0,1
Jinnan Campus of Nankai University,JinZhong River Street,22633.96455,100075,100079,3,3,0,0,0
JinZhong River Street,Jinnan Campus of Nankai University,22633.96455,100079,100075,2,2,0,0,0
Guoshan Road,Jinghe Road,22633.51361,100047,100071,6,0,6,5,1
Jinghe Road,Guoshan Road,22633.51361,100071,100047,4,0,4,4,0
Yihao Bridge,Haihe Education Zone,22632.48511,100172,100050,2,0,2,0,2
Haihe Education Zone,Yihao Bridge,22632.48511,100050,100172,1,0,1,1,0
Xiaodian,Chinese Medicine First Affiliated Hospital,22632.16561,100155,100016,37,7,30,19,11
Chinese Medicine First Affiliated Hospital,Xiaodian,22632.16561,100016,100155,35,8,27,15,12
Jinghe Road,Xinli,22628.5458,100071,100161,2,0,2,0,2
Lilou,Cao Zhuang,22627.6551,100086,100011,212,70,142,105,37
Cao Zhuang,Lilou,22627.6551,100011,100086,197,51,146,92,54
Wandong Road,Haihe Education Zone,22625.91016,100144,100050,3,1,2,1,1
Haihe Education Zone,Wandong Road,22625.91016,100050,100144,2,0,2,2,0
Minquan Gate,Jinnan Campus of Nankai University,22625.67447,100099,100075,4,2,2,0,2
Jinnan Campus of Nankai University,Minquan Gate,22625.67447,100075,100099,1,0,1,1,0
Haihe Education Zone,Zhongshan Road,22624.05642,100050,100190,9,1,8,4,4
Zhongshan Road,Haihe Education Zone,22624.05642,100190,100050,6,0,6,2,4
Xuzhuangzi,Dongli Liujing Road,22623.52618,100168,100031,2,0,2,1,1
Zhanggui Zhuang,Yangwu Zhuang,22617.30119,100184,100169,40,13,27,14,13
Yangwu Zhuang,Zhanggui Zhuang,22617.30119,100169,100184,40,15,25,15,10
Dabi Zhuang,Dongli Yijing Road,22615.8974,100021,100033,2,1,1,1,0
Dongli Yijing Road,Dabi Zhuang,22615.8974,100033,100021,1,0,1,0,1
Shuanglin,Liuyuan,22615.88949,100119,100091,705,169,536,364,172
Liuyuan,Shuanglin,22615.88949,100091,100119,668,181,487,290,197
Junliangcheng,Nanlou,22613.43931,100081,100102,70,19,51,36,15
Nanlou,Junliangcheng,22613.43931,100102,100081,56,13,43,21,22
Jianshan Road,Donggu Road,22605.41294,100066,100026,6,5,1,1,0
Donggu Road,Jianshan Road,22605.41294,100026,100066,2,0,2,0,2
Dongli Liujing Road,Tian Tower,22601.61082,100031,100133,10,1,9,7,2
Tian Tower,Dongli Liujing Road,22601.61082,100133,100031,4,0,4,4,0
Gaozhuangzi,Yibin Road,22598.61086,100043,100171,21,6,15,10,5
Yibin Road,Gaozhuangzi,22598.61086,100171,100043,12,6,6,1,5
The Financial University,Xiaodian,22597.34762,100132,100155,21,2,19,15,4
Xiaodian,The Financial University,22597.34762,100155,100132,13,6,7,6,1
Dongli Yijing Road,Bei Zhulin,22592.96769,100033,100004,1,0,1,0,1
Bei Zhulin,Dongli Yijing Road,22592.96769,100004,100033,1,0,1,0,1
Huashan Li,Danhebei Road,22592.39495,100060,100022,8,5,3,2,1
Danhebei Road,Huashan Li,22592.39495,100022,100060,3,1,2,1,1
Guorui Road,Southeast Corner,22591.52536,100046,100123,22,11,11,4,7
Southeast Corner,Guorui Road,22591.52536,100123,100046,20,6,14,9,5
Xiaodian,Lijiang Road,22590.69469,100155,100085,12,4,8,8,0
Lijiang Road,Xiaodian,22590.69469,100085,100155,4,0,4,3,1
Xinxing Village,Jiefang South Road,22587.62447,100162,100068,3,0,3,3,0
North Beichen Tech Park,Bianxing,22585.62577,100106,100009,5,0,5,4,1
Bianxing,North Beichen Tech Park,22585.62577,100009,100106,4,2,2,2,0
Anshan West Road,Dongli Yijing Road,22573.21654,100003,100033,5,1,4,3,1
Dongli Yijing Road,Anshan West Road,22573.21654,100033,100003,1,0,1,0,1
Jinshi Bridge,National Exhibition Centre,22572.72989,100076,100105,9,6,3,2,1
National Exhibition Centre,Jinshi Bridge,22572.72989,100105,100076,6,1,5,2,3
Zhongshan Gate,Jinnan Campus of Nankai University,22566.51697,100189,100075,5,3,2,0,2
Jinnan Campus of Nankai University,Zhongshan Gate,22566.51697,100075,100189,5,2,3,1,2
Hongqi South Road,North Beichen Tech Park,22565.93344,100057,100106,35,9,26,20,6
North Beichen Tech Park,Hongqi South Road,22565.93344,100106,100057,34,9,25,18,7
Dongli Culture and Sports Centre,Qinjian Road,22565.57409,100029,100113,9,8,1,0,1
Qinjian Road,Dongli Culture and Sports Centre,22565.57409,100113,100029,5,2,3,2,1
Dongli Development Zone,Liaohe North Road,22559.9524,100030,100084,33,6,27,21,6
Liaohe North Road,Dongli Development Zone,22559.9524,100084,100030,32,6,26,14,12
Xianyang Road,Gaozhuangzi,22559.02669,100153,100043,67,27,40,29,11
Gaozhuangzi,Xianyang Road,22559.02669,100043,100153,51,13,38,24,14
Yingkou Road,Hehui South Road,22558.44374,100174,100052,213,73,140,64,76
Hehui South Road,Yingkou Road,22558.44374,100052,100174,206,83,123,83,40
Donggu Road,Anshan Road,22553.39051,100026,100002,2872,643,2229,1415,814
Anshan Road,Donggu Road,22553.39051,100002,100026,2699,531,2168,919,1249
Yangwu Zhuang,Huanyu Road,22552.7727,100169,100059,6,0,6,6,0
Huanyu Road,Yangwu Zhuang,22552.7727,100059,100169,6,0,6,6,0
National Exhibition Centre,Northwest Corner,22546.74228,100105,100109,50,16,34,19,15
Northwest Corner,National Exhibition Centre,22546.74228,100109,100105,43,19,24,14,10
Jingli Road,Yangwu Zhuang,22524.9914,100073,100169,10,1,9,5,4
Yangwu Zhuang,Jingli Road,22524.9914,100169,100073,8,1,7,7,0
Nanhe Zhuang,High-Tech Zone,22524.70177,100101,100054,45,10,35,29,6
High-Tech Zone,Nanhe Zhuang,22524.70177,100054,100101,44,12,32,18,14
Jianguo Road,Haihe Education Zone,22523.3856,100064,100050,11,5,6,5,1
Haihe Education Zone,Jianguo Road,22523.3856,100050,100064,9,3,6,4,2
Ruijing XinYuan,Hangshuang Road,22521.07539,100114,100051,30,4,26,26,0
Hangshuang Road,Ruijing XinYuan,22521.07539,100051,100114,25,3,22,16,6
Haihe Education Zone,Jianchang Road,22520.55724,100050,100063,3,0,3,0,3
Jianchang Road,Haihe Education Zone,22520.55724,100063,100050,2,1,1,1,0
Chunhai Road,Ruijing XinYuan,22518.36969,100017,100114,15,3,12,8,4
Ruijing XinYuan,Chunhai Road,22518.36969,100114,100017,14,2,12,11,1
Xinxing Village,Huayuan,22512.90771,100162,100061,6,0,6,5,1
Huayuan,Xinxing Village,22512.90771,100061,100162,5,1,4,4,0
Gulou,National Exhibition Centre,22506.77474,100045,100105,17,13,4,0,4
National Exhibition Centre,Gulou,22506.77474,100105,100045,13,10,3,2,1
Lushui Road,Professional University,22505.30617,100093,100112,13,3,10,4,6
Professional University,Lushui Road,22505.30617,100112,100093,8,4,4,3,1
Jieyuan West Road,Hongni River East,22499.78421,100069,100056,19,4,15,10,5
Hongni River East,Jieyuan West Road,22499.78421,100056,100069,12,2,10,8,2
Binhai International Airport,Benxi Road,22496.47704,100010,100008,305,112,193,57,136
Benxi Road,Binhai International Airport,22496.47704,100008,100010,256,57,199,84,115
Beiyangyuan Campus of Tianjin University,Siyuan Road,22496.17721,100007,100121,8,1,7,4,3
Siyuan Road,Beiyangyuan Campus of Tianjin University,22496.17721,100121,100007,7,1,6,1,5
Dongli Sanjing Road,Wangdingdi,22494.80922,100032,100145,3,0,3,3,0
Wangdingdi,Dongli Sanjing Road,22494.80922,100145,100032,1,0,1,0,1
Xuzhuangzi,Beiyangyuan Campus of Tianjin University,22491.03186,100168,100007,1,1,0,0,0
Changhong Park,Dongli Sanjing Road,22479.78621,100012,100032,15,0,15,14,1
Dongli Sanjing Road,Changhong Park,22479.78621,100032,100012,11,0,11,11,0
Haihe Education Zone,Shunchi Bridge,22478.58305,100050,100120,4,1,3,1,2
Shunchi Bridge,Haihe Education Zone,22478.58305,100120,100050,2,0,2,0,2
Chenglin Road,Donggu Road,22478.06682,100014,100026,168,50,118,75,43
Donggu Road,Chenglin Road,22478.06682,100026,100014,165,50,115,77,38
Jinnan Campus of Nankai University,Huayuan,22477.31286,100075,100061,57,14,43,26,17
Huayuan,Jinnan Campus of Nankai University,22477.31286,100061,100075,52,17,35,20,15
Yutai,Nansun Zhuang,22475.65467,100183,100103,1,0,1,0,1
Yuejin North Road,Xuefu Industrial Area,22475.44916,100181,100163,30,3,27,22,5
Xuefu Industrial Area,Yuejin North Road,22475.44916,100163,100181,25,1,24,22,2
Zhaoyuan Road,Professional University,22460.72078,100186,100112,1,0,1,1,0
Professional University,Zhaoyuan Road,22460.72078,100112,100186,1,0,1,1,0
The Financial University,Beiyangyuan Campus of Tianjin University,22460.54235,100132,100007,1,0,1,0,1
Xinkai River,Haihe Education Zone,22456.22492,100160,100050,4,1,3,0,3
Haihe Education Zone,Xinkai River,22456.22492,100050,100160,4,1,3,3,0
Zhaoyuan Road,High-Tech Zone,22452.29162,100186,100054,5,2,3,2,1
High-Tech Zone,Zhaoyuan Road,22452.29162,100054,100186,3,1,2,0,2
Donggu Road,Dawang Zhuang,22449.55422,100026,100023,151,32,119,88,31
Dawang Zhuang,Donggu Road,22449.55422,100023,100026,134,28,106,64,42
Nanzhu Bridge,Liuyuan,22449.23037,100104,100091,37,9,28,10,18
Liuyuan,Nanzhu Bridge,22449.23037,100091,100104,24,7,17,9,8
Shiyijing Road,Hehui South Road,22448.99334,100117,100052,24,1,23,14,9
Hehui South Road,Shiyijing Road,22448.99334,100052,100117,17,3,14,11,3
Siyuan Road,Gaozhuangzi,22444.64248,100121,100043,6,0,6,5,1
Gaozhuangzi,Siyuan Road,22444.64248,100043,100121,6,1,5,5,0
Ruijing XinYuan,Airport Economic Zone,22444.15386,100114,100001,317,70,247,183,64
Airport Economic Zone,Ruijing XinYuan,22444.15386,100001,100114,266,66,200,136,64
Jiefang South Road,Fengchan River,22442.97905,100068,100039,11,2,9,1,8
Fengchan River,Jiefang South Road,22442.97905,100039,100068,6,0,6,2,4
Qinjian Road,Xinxing Village,22442.74862,100113,100162,1,0,1,1,0
University town,Beichen Road,22433.20138,100143,100005,106,31,75,42,33
Beichen Road,University town,22433.20138,100005,100143,60,33,27,14,13
Yutai,Binhai International Airport,22432.12094,100183,100010,51,17,34,27,7
Binhai International Airport,Yutai,22432.12094,100010,100183,44,6,38,19,19
South Station,Number Two Bridge,22423.78837,100122,100110,176,63,113,55,58
Number Two Bridge,South Station,22423.78837,100110,100122,151,60,91,58,33
Zhaoyuan Road,Benxi Road,22422.76339,100186,100008,5,2,3,0,3
Benxi Road,Zhaoyuan Road,22422.76339,100008,100186,4,0,4,1,3
Weishan Road,Professional University,22417.88842,100148,100112,5,1,4,2,2
Professional University,Weishan Road,22417.88842,100112,100148,1,0,1,1,0
South Station,The Financial University,22417.1127,100122,100132,559,230,329,138,191
The Financial University,South Station,22417.1127,100132,100122,402,138,264,129,135
JinZhong Street,Dongli Sanjing Road,22416.60207,100080,100032,5,0,5,5,0
Beiyangyuan Campus of Tianjin University,Number Two Bridge,22416.58057,100007,100110,4,2,2,2,0
Number Two Bridge,Beiyangyuan Campus of Tianjin University,22416.58057,100110,100007,2,1,1,0,1
Beichen Road,Jiangwan Erzhi Road,22414.84248,100005,100065,6,0,6,5,1
Jiangwan Erzhi Road,Beichen Road,22414.84248,100065,100005,6,2,4,2,2
Donggu Road,Lingbin Road,22412.67786,100026,100087,84,20,64,49,15
Lingbin Road,Donggu Road,22412.67786,100087,100026,79,18,61,38,23
Fengchan River,Meilin Road,22405.76742,100039,100098,5,0,5,3,2
Meilin Road,Fengchan River,22405.76742,100098,100039,2,0,2,0,2
Shuanglin,Professional University,22405.32002,100119,100112,47,21,26,14,12
Professional University,Shuanglin,22405.32002,100112,100119,38,11,27,9,18
Dongli Development Zone,Qinjian Road,22404.41381,100030,100113,134,25,109,79,30
Qinjian Road,Dongli Development Zone,22404.41381,100113,100030,104,13,91,67,24
Yaohuan Road,Xiaodian,22403.24391,100170,100155,6,2,4,2,2
Xiaodian,Yaohuan Road,22403.24391,100155,100170,4,0,4,3,1
Beiyangyuan Campus of Tianjin University,Xianyang Road,22401.85289,100007,100153,22,9,13,7,6
Xianyang Road,Beiyangyuan Campus of Tianjin University,22401.85289,100153,100007,18,12,6,4,2
North Beichen Tech Park,Chentang Zhuang,22393.00073,100106,100015,58,7,51,50,1
Chentang Zhuang,North Beichen Tech Park,22393.00073,100015,100106,45,4,41,30,11
University town,Xiaodian,22383.91746,100143,100155,98,24,74,55,19
Xiaodian,University town,22383.91746,100155,100143,93,33,60,48,12
Haihe Education Zone,Southeast Corner,22382.22834,100050,100123,30,18,12,9,3
Southeast Corner,Haihe Education Zone,22382.22834,100123,100050,24,16,8,2,6
North China Group,Xinli,22377.39065,100107,100161,105,27,78,30,48
Xinli,North China Group,22377.39065,100161,100107,99,25,74,31,43
Tian Tower,Xiaodong Zhuang,22376.42994,100133,100156,75,31,44,22,22
Xiaodong Zhuang,Tian Tower,22376.42994,100156,100133,71,26,45,20,25
Dongli Liujing Road,Zhicheng Road,22369.53192,100031,100187,4,0,4,3,1
Yangwu Zhuang,JinZhong Street,22369.36081,100169,100080,20,6,14,6,8
JinZhong Street,Yangwu Zhuang,22369.36081,100080,100169,18,4,14,12,2
Lushui Road,Liuyuan,22368.6832,100093,100091,63,23,40,31,9
Liuyuan,Lushui Road,22368.6832,100091,100093,55,21,34,15,19
Liuyuan,Zhanggui Zhuang,22365.73723,100091,100184,187,55,132,62,70
Zhanggui Zhuang,Liuyuan,22365.73723,100184,100091,187,44,143,81,62
Dengzhou Road,Jingli Road,22362.2586,100024,100073,4,0,4,3,1
Jingli Road,Dengzhou Road,22362.2586,100073,100024,3,0,3,2,1
Guorui Road,Water Park Road East,22361.57716,100046,100147,2,1,1,1,0
Water Park Road East,Guorui Road,22361.57716,100147,100046,2,0,2,0,2
Yangwu Zhuang,Jinmao Industrial Area,22356.23926,100169,100074,1,0,1,1,0
Heping Road,Jinnan Campus of Nankai University,22353.71719,100053,100075,218,114,104,32,72
Jinnan Campus of Nankai University,Heping Road,22353.71719,100075,100053,171,81,90,43,47
Lilou,Jiayuan Li,22347.71113,100086,100067,108,22,86,50,36
Jiayuan Li,Lilou,22347.71113,100067,100086,89,24,65,44,21
Guoshan Road,Xuefu Industrial Area,22347.60983,100047,100163,19,2,17,17,0
Xuefu Industrial Area,Guoshan Road,22347.60983,100163,100047,19,2,17,11,6
North China Group,Yangwu Zhuang,22347.23893,100107,100169,160,43,117,48,69
Yangwu Zhuang,North China Group,22347.23893,100169,100107,136,39,97,55,42
Xikang Road,Jinnan Campus of Nankai University,22347.0729,100158,100075,48,20,28,14,14
Jinnan Campus of Nankai University,Xikang Road,22347.0729,100075,100158,41,16,25,16,9
South Station,Xuzhuangzi,22346.80189,100122,100168,70,15,55,32,23
Xuzhuangzi,South Station,22346.80189,100168,100122,68,20,48,26,22
Junliangcheng,Dawang Zhuang,22337.83383,100081,100023,506,128,378,265,113
Dawang Zhuang,Junliangcheng,22337.83383,100023,100081,431,101,330,182,148
Yangwu Zhuang,Xiangshan Road,22336.00773,100169,100151,6,1,5,3,2
Xiangshan Road,Yangwu Zhuang,22336.00773,100151,100169,4,2,2,1,1
Hangshuang Road,High-Tech Zone,22334.33652,100051,100054,4,0,4,2,2
High-Tech Zone,Hangshuang Road,22334.33652,100054,100051,4,0,4,0,4
Binhai International Airport,Dongli Liujing Road,22328.35866,100010,100031,3,0,3,1,2
Dongli Liujing Road,Binhai International Airport,22328.35866,100031,100010,2,0,2,0,2
South Station,Liaohe North Road,22320.58009,100122,100084,56,16,40,24,16
Liaohe North Road,South Station,22320.58009,100084,100122,36,9,27,17,10
Liuyuan,Liulin Road,22316.1482,100091,100089,343,102,241,143,98
Liulin Road,Liuyuan,22316.1482,100089,100091,336,75,261,142,119
Dongli Culture and Sports Centre,Jieyuan West Road,22316.01538,100029,100069,8,1,7,4,3
Jieyuan West Road,Dongli Culture and Sports Centre,22316.01538,100069,100029,5,1,4,3,1
Gaozhuangzi,People's Hospital,22300.03227,100043,100111,49,13,36,18,18
People's Hospital,Gaozhuangzi,22300.03227,100111,100043,47,12,35,17,18
JinZhong River Street,Xiaodong Zhuang,22291.98648,100079,100156,37,14,23,13,10
Xiaodong Zhuang,JinZhong River Street,22291.98648,100156,100079,28,4,24,13,11
Magangchang,Ruijing XinYuan,22291.17145,100094,100114,19,6,13,7,6
Ruijing XinYuan,Magangchang,22291.17145,100114,100094,14,3,11,9,2
Northwest Corner,Beiyangyuan Campus of Tianjin University,22287.50806,100109,100007,71,22,49,25,24
Beiyangyuan Campus of Tianjin University,Northwest Corner,22287.50806,100007,100109,70,29,41,18,23
Yudongcheng,Xiaodong Zhuang,22286.32337,100180,100156,107,23,84,34,50
Xiaodong Zhuang,Yudongcheng,22286.32337,100156,100180,97,25,72,59,13
Youyi South Road,Professional University,22285.45054,100178,100112,2,2,0,0,0
Professional University,Youyi South Road,22285.45054,100112,100178,2,1,1,1,0
Dongli Development Zone,Lilou,22284.77481,100030,100086,6,0,6,5,1
Lilou,Dongli Development Zone,22284.77481,100086,100030,2,1,1,1,0
Youyi South Road,North China Group,22283.77065,100178,100107,2,0,2,0,2
North China Group,Youyi South Road,22283.77065,100107,100178,1,0,1,0,1
Honghu Li,Gaozhuangzi,22278.72127,100055,100043,165,98,67,38,29
Gaozhuangzi,Honghu Li,22278.72127,100043,100055,162,71,91,47,44
Beiyangyuan Campus of Tianjin University,Tiantai Road,22276.61739,100007,100137,30,10,20,7,13
Tiantai Road,Beiyangyuan Campus of Tianjin University,22276.61739,100137,100007,29,9,20,10,10
High-Tech Zone,Lilou,22276.55716,100054,100086,131,27,104,78,26
Lilou,High-Tech Zone,22276.55716,100086,100054,126,20,106,87,19
Xiangshan Road,Jingli Road,22274.60647,100151,100073,3,1,2,0,2
Jingli Road,Xiangshan Road,22274.60647,100073,100151,2,2,0,0,0
North China Group,Magangchang,22267.55861,100107,100094,19,6,13,6,7
Magangchang,North China Group,22267.55861,100094,100107,19,6,13,8,5
Benxi Road,Jinghe Road,22266.42461,100008,100071,31,8,23,17,6
Jinghe Road,Benxi Road,22266.42461,100071,100008,26,7,19,17,2
Fuxing Road,Beiyangyuan Campus of Tianjin University,22265.61693,100042,100007,35,16,19,6,13
Beiyangyuan Campus of Tianjin University,Fuxing Road,22265.61693,100007,100042,31,17,14,4,10
Haihe Education Zone,Changhong Park,22264.51839,100050,100012,29,12,17,13,4
Changhong Park,Haihe Education Zone,22264.51839,100012,100050,25,15,10,8,2
Dongli Sanjing Road,Yizhongxin Hospital,22262.92612,100032,100177,2,0,2,1,1
Yizhongxin Hospital,Dongli Sanjing Road,22262.92612,100177,100032,1,0,1,1,0
Yuejin North Road,Jinghe Road,22262.32541,100181,100071,1,0,1,1,0
Anshan West Road,Jinnan Campus of Nankai University,22261.18851,100003,100075,116,56,60,28,32
Jinnan Campus of Nankai University,Anshan West Road,22261.18851,100075,100003,99,37,62,29,33
Meilin Road,Gaozhuangzi,22260.10631,100098,100043,1,0,1,1,0
Lingbin Road,North Beichen Tech Park,22258.75511,100087,100106,38,12,26,18,8
North Beichen Tech Park,Lingbin Road,22258.75511,100106,100087,27,11,16,13,3
Xiaodong Zhuang,Xinkai River,22257.78504,100156,100160,2,2,0,0,0
Xinkai River,Xiaodong Zhuang,22257.78504,100160,100156,2,1,1,1,0
Chinese Medicine First Affiliated Hospital,Hehui South Road,22251.4003,100016,100052,58,23,35,8,27
Hehui South Road,Chinese Medicine First Affiliated Hospital,22251.4003,100052,100016,46,15,31,20,11
Cao Zhuang,Xuelian South Road,22247.97276,100011,100164,11,0,11,6,5
Xuelian South Road,Cao Zhuang,22247.97276,100164,100011,2,2,0,0,0
Beiyangyuan Campus of Tianjin University,Guangkaisima Road,22241.81023,100007,100044,16,6,10,6,4
Guangkaisima Road,Beiyangyuan Campus of Tianjin University,22241.81023,100044,100007,16,3,13,5,8
Haihe Education Zone,Yueya River,22238.38295,100050,100182,19,4,15,12,3
Yueya River,Haihe Education Zone,22238.38295,100182,100050,13,2,11,11,0
Tianjin Hotel,Donggu Road,22236.84431,100134,100026,134,30,104,67,37
Donggu Road,Tianjin Hotel,22236.84431,100026,100134,125,19,106,92,14
Beiyangyuan Campus of Tianjin University,Foreign Languages High School,22232.14552,100007,100040,5,1,4,1,3
Foreign Languages High School,Beiyangyuan Campus of Tianjin University,22232.14552,100040,100007,3,2,1,0,1
Xuzhuangzi,Hongni River East,22231.85995,100168,100056,3,0,3,2,1
Hongni River East,Xuzhuangzi,22231.85995,100056,100168,2,2,0,0,0
Liuwei Road,Guorui Road,22229.06599,100090,100046,3,1,2,1,1
Xinkai River,Gaozhuangzi,22224.64052,100160,100043,8,2,6,4,2
Gaozhuangzi,Xinkai River,22224.64052,100043,100160,7,0,7,5,2
Binhai International Airport,Huayuan,22223.99565,100010,100061,398,89,309,106,203
Huayuan,Binhai International Airport,22223.99565,100061,100010,351,74,277,125,152
Danhebei Road,Number Two Bridge,22220.98686,100022,100110,2,1,1,1,0
Number Two Bridge,Danhebei Road,22220.98686,100110,100022,1,1,0,0,0
Xuefu Industrial Area,Longhan Road,22214.43843,100163,100092,1,0,1,1,0
Lijiang Road,Hehui South Road,22209.92938,100085,100052,1,1,0,0,0
Erwei Road,Guorui Road,22209.22393,100036,100046,45,12,33,18,15
Guorui Road,Erwei Road,22209.22393,100046,100036,38,11,27,13,14
Xiaodong Zhuang,Sports Centre,22199.01003,100156,100126,69,25,44,25,19
Sports Centre,Xiaodong Zhuang,22199.01003,100126,100156,57,19,38,12,26
University of Civil Aviation,Guorui Road,22198.93119,100142,100046,4,3,1,0,1
Guorui Road,University of Civil Aviation,22198.93119,100046,100142,2,0,2,2,0
Jieyuan West Road,Xinxing Village,22193.18991,100069,100162,2,0,2,2,0
Xinxing Village,Jieyuan West Road,22193.18991,100162,100069,1,0,1,1,0
Jin Street,Guorui Road,22185.97713,100070,100046,4,1,3,2,1
Guorui Road,Jin Street,22185.97713,100046,100070,2,2,0,0,0
Dongli Culture and Sports Centre,Huaihe Road,22179.26827,100029,100058,7,0,7,4,3
Huaihe Road,Dongli Culture and Sports Centre,22179.26827,100058,100029,6,1,5,2,3
Dongli Sanjing Road,Yixingbu,22177.59332,100032,100175,3,0,3,3,0
Yixingbu,Dongli Sanjing Road,22177.59332,100175,100032,1,1,0,0,0
Liuyuan,Yuejin North Road,22177.35401,100091,100181,70,22,48,32,16
Yuejin North Road,Liuyuan,22177.35401,100181,100091,56,12,44,37,7
University town,Airport Economic Zone,22173.25852,100143,100001,555,131,424,297,127
Airport Economic Zone,University town,22173.25852,100001,100143,521,168,353,218,135
Yixingbu,Jingli Road,22169.78995,100175,100073,11,3,8,5,3
Jingli Road,Yixingbu,22169.78995,100073,100175,6,2,4,0,4
Fangshan Road,North Beichen Tech Park,22167.44621,100038,100106,6,1,5,3,2
North Beichen Tech Park,Fangshan Road,22167.44621,100106,100038,5,3,2,1,1
Minquan Gate,Gaozhuangzi,22163.79149,100099,100043,23,16,7,3,4
Gaozhuangzi,Minquan Gate,22163.79149,100043,100099,9,1,8,5,3
Xiaodong Zhuang,Huashan Li,22163.64692,100156,100060,13,3,10,9,1
Huashan Li,Xiaodong Zhuang,22163.64692,100060,100156,7,2,5,2,3
Dengzhou South Road,Yangwu Zhuang,22160.32496,100025,100169,12,5,7,3,4
Yangwu Zhuang,Dengzhou South Road,22160.32496,100169,100025,7,3,4,3,1
Guorui Road,Wujiayao,22157.72878,100046,100150,14,1,13,10,3
Wujiayao,Guorui Road,22157.72878,100150,100046,6,0,6,3,3
North Beichen Tech Park,Water Park Road East,22157.69632,100106,100147,41,22,19,14,5
Water Park Road East,North Beichen Tech Park,22157.69632,100147,100106,20,8,12,4,8
Professional University,Meilin Road,22155.0008,100112,100098,21,8,13,9,4
Meilin Road,Professional University,22155.0008,100098,100112,14,5,9,5,4
Xianshuigu West,Changling Road,22152.70891,100152,100013,85,37,48,28,20
Changling Road,Xianshuigu West,22152.70891,100013,100152,73,20,53,26,27
The Financial University,Beichen Road,22144.39148,100132,100005,56,13,43,30,13
Beichen Road,The Financial University,22144.39148,100005,100132,38,10,28,23,5
Lilou,Dabi Zhuang,22139.69587,100086,100021,37,7,30,14,16
Dabi Zhuang,Lilou,22139.69587,100021,100086,36,15,21,13,8
Dongxing Road,Hehui South Road,22137.87503,100035,100052,10,1,9,7,2
Hehui South Road,Dongxing Road,22137.87503,100052,100035,7,2,5,4,1
Jieyuan West Road,Dongli Development Zone,22137.22064,100069,100030,154,17,137,105,32
Dongli Development Zone,Jieyuan West Road,22137.22064,100030,100069,120,24,96,73,23
Yangwu Zhuang,Huaihe Road,22133.34138,100169,100058,20,2,18,15,3
Huaihe Road,Yangwu Zhuang,22133.34138,100058,100169,13,2,11,7,4
Liqi Zhuang South,Jinnan Campus of Nankai University,22131.78614,100088,100075,2,2,0,0,0
Jinnan Campus of Nankai University,Liqi Zhuang South,22131.78614,100075,100088,1,1,0,0,0
Hehui South Road,Hongqi South Road,22131.37479,100052,100057,120,32,88,68,20
Hongqi South Road,Hehui South Road,22131.37479,100057,100052,119,31,88,62,26
Longhan Road,Liuyuan,22130.17896,100092,100091,28,11,17,8,9
Liuyuan,Longhan Road,22130.17896,100091,100092,22,7,15,2,13
Bianxing,Jingli Road,22129.91306,100009,100073,39,3,36,34,2
Jingli Road,Bianxing,22129.91306,100073,100009,33,4,29,22,7
Zhou and Deng Memorial Museum,Dongli Sanjing Road,22128.50007,100191,100032,3,0,3,1,2
Liaohe North Road,Xunhai Road,22128.30514,100084,100166,1,0,1,1,0
Xunhai Road,Liaohe North Road,22128.30514,100166,100084,1,0,1,1,0
National Exhibition Centre,Yuanyang International Centre,22121.70156,100105,100179,7,1,6,2,4
Yuanyang International Centre,National Exhibition Centre,22121.70156,100179,100105,3,1,2,0,2
Shuanggang,Jiayuan Li,22120.36684,100118,100067,24,4,20,16,4
Jiayuan Li,Shuanggang,22120.36684,100067,100118,20,3,17,13,4
Jinnan Campus of Nankai University,Anshan Road,22120.34485,100075,100002,82,28,54,31,23
Anshan Road,Jinnan Campus of Nankai University,22120.34485,100002,100075,55,20,35,8,27
Liulin Road,Yangwu Zhuang,22109.82822,100089,100169,18,5,13,4,9
Yangwu Zhuang,Liulin Road,22109.82822,100169,100089,16,5,11,5,6
Jinshi Bridge,Beiyangyuan Campus of Tianjin University,22106.00498,100076,100007,20,12,8,7,1
Beiyangyuan Campus of Tianjin University,Jinshi Bridge,22106.00498,100007,100076,18,10,8,6,2
Gulou,Beiyangyuan Campus of Tianjin University,22102.76626,100045,100007,157,110,47,16,31
Beiyangyuan Campus of Tianjin University,Gulou,22102.76626,100007,100045,115,81,34,11,23
Beichen Road,Meijiang Exhibition Centre,22099.5796,100005,100095,64,25,39,28,11
Meijiang Exhibition Centre,Beichen Road,22099.5796,100095,100005,47,25,22,13,9
Leyuan Road,Donggu Road,22093.8554,100083,100026,32,16,16,11,5
Donggu Road,Leyuan Road,22093.8554,100026,100083,6,0,6,6,0
North Beichen Tech Park,Second hospital of the Medical University,22093.09974,100106,100115,25,3,22,17,5
Second hospital of the Medical University,North Beichen Tech Park,22093.09974,100115,100106,22,5,17,11,6
Xianshuigu West,Xiaobailou,22092.90472,100152,100154,303,91,212,158,54
Xiaobailou,Xianshuigu West,22092.90472,100154,100152,302,93,209,133,76
Nanzhu Bridge,Nanhe Zhuang,22084.07627,100104,100101,3,2,1,0,1
Nanhe Zhuang,Nanzhu Bridge,22084.07627,100101,100104,2,1,1,1,0
Jianchang Road,Gaozhuangzi,22081.49887,100063,100043,23,6,17,12,5
Gaozhuangzi,Jianchang Road,22081.49887,100043,100063,20,2,18,8,10
Hujiayuan,Dongli Development Zone,22078.76004,100062,100030,483,98,385,294,91
Dongli Development Zone,Hujiayuan,22078.76004,100030,100062,460,107,353,264,89
Guorui Road,Cuifu New Village,22074.77296,100046,100019,3,1,2,1,1
Cuifu New Village,Guorui Road,22074.77296,100019,100046,3,2,1,1,0
Xiaodong Zhuang,Water Park Road East,22071.91019,100156,100147,38,22,16,13,3
Water Park Road East,Xiaodong Zhuang,22071.91019,100147,100156,30,16,14,12,2
Xiaodong Zhuang,Zuojiang Road,22065.05156,100156,100192,19,6,13,7,6
Zuojiang Road,Xiaodong Zhuang,22065.05156,100192,100156,16,3,13,6,7
Nanzhu Bridge,Haihe Education Zone,22057.53412,100104,100050,1,0,1,0,1
Jingli Road,Dengzhou South Road,22054.99487,100073,100025,3,1,2,2,0
Southwest corner,Dongli Liujing Road,22054.4786,100124,100031,8,2,6,5,1
Dongli Liujing Road,Southwest corner,22054.4786,100031,100124,6,1,5,1,4
Haihe Education Zone,North Station,22053.00412,100050,100108,18,4,14,8,6
North Station,Haihe Education Zone,22053.00412,100108,100050,15,2,13,5,8
Gaozhuangzi,Wangdingdi,22052.04272,100043,100145,33,6,27,15,12
Wangdingdi,Gaozhuangzi,22052.04272,100145,100043,24,8,16,11,5
Guorui Road,Meijiang Road,22050.8349,100046,100097,1,0,1,1,0
National Exhibition Centre,Xingfu Park,22049.89243,100105,100159,11,3,8,1,7
Xingfu Park,National Exhibition Centre,22049.89243,100159,100105,9,3,6,4,2
Xianyang Road,Xunhai Road,22042.03622,100153,100166,12,5,7,4,3
Xunhai Road,Xianyang Road,22042.03622,100166,100153,12,7,5,4,1
Jinnan Campus of Nankai University,Chenglin Road,22036.03327,100075,100014,31,9,22,12,10
Chenglin Road,Jinnan Campus of Nankai University,22036.03327,100014,100075,24,8,16,6,10
Fengchan River,University of Civil Aviation,22030.57013,100039,100142,3,3,0,0,0
University of Civil Aviation,Fengchan River,22030.57013,100142,100039,2,1,1,0,1
Dongli Liujing Road,Beining Park,22027.76869,100031,100006,1,0,1,0,1
Tian Tower,National Exhibition Centre,22026.35143,100133,100105,14,1,13,1,12
National Exhibition Centre,Tian Tower,22026.35143,100105,100133,7,3,4,1,3
Zhou and Deng Memorial Museum,Jinnan Campus of Nankai University,22025.12262,100191,100075,145,60,85,21,64
Jinnan Campus of Nankai University,Zhou and Deng Memorial Museum,22025.12262,100075,100191,123,57,66,27,39
Yaohuan Road,Hehui South Road,22022.4786,100170,100052,6,2,4,0,4
Hehui South Road,Yaohuan Road,22022.4786,100052,100170,4,3,1,0,1
Binhai International Airport,Meijiang Exhibition Centre,22022.45886,100010,100095,75,30,45,13,32
Meijiang Exhibition Centre,Binhai International Airport,22022.45886,100095,100010,59,13,46,21,25
Huaihe Road,Chunhai Road,22020.64433,100058,100017,9,1,8,5,3
Chunhai Road,Huaihe Road,22020.64433,100017,100058,8,0,8,6,2
Danhebei Road,Cao Zhuang,22017.20787,100022,100011,13,4,9,1,8
Cao Zhuang,Danhebei Road,22017.20787,100011,100022,1,0,1,1,0
Tianshili,Jinghe Road,22014.21283,100136,100071,2,0,2,2,0
Jinghe Road,Tianshili,22014.21283,100071,100136,1,1,0,0,0
Nanzhu Bridge,Huaihe Road,22005.99132,100104,100058,9,4,5,3,2
Huaihe Road,Nanzhu Bridge,22005.99132,100058,100104,4,2,2,0,2
Tianjin Station,Guorui Road,22005.80495,100135,100046,144,56,88,15,73
Guorui Road,Tianjin Station,22005.80495,100046,100135,103,38,65,30,35
Zhou and Deng Memorial Museum,North Beichen Tech Park,22004.98433,100191,100106,26,2,24,19,5
North Beichen Tech Park,Zhou and Deng Memorial Museum,22004.98433,100106,100191,23,7,16,8,8
Beichen Road,Zhanggui Zhuang,22001.68624,100005,100184,77,14,63,26,37
Zhanggui Zhuang,Beichen Road,22001.68624,100184,100005,61,17,44,25,19
Haihe Education Zone,Erwei Road,21999.72339,100050,100036,4,0,4,2,2
Erwei Road,Haihe Education Zone,21999.72339,100036,100050,3,0,3,1,2
Gaozhuangzi,Anshan West Road,21995.01755,100043,100003,41,18,23,19,4
Anshan West Road,Gaozhuangzi,21995.01755,100003,100043,38,18,20,16,4
Beiyangyuan Campus of Tianjin University,Bei Zhulin,21985.00331,100007,100004,17,12,5,1,4
Bei Zhulin,Beiyangyuan Campus of Tianjin University,21985.00331,100004,100007,13,7,6,1,5
Nancuiping,Dongli Liujing Road,21979.41499,100100,100031,6,0,6,6,0
Dongli Liujing Road,Nancuiping,21979.41499,100031,100100,3,0,3,2,1
Jin Street,Haihe Education Zone,21976.68011,100070,100050,10,6,4,2,2
Haihe Education Zone,Jin Street,21976.68011,100050,100070,4,0,4,3,1
Danhebei Road,Airport Economic Zone,21968.25484,100022,100001,9,4,5,4,1
Airport Economic Zone,Danhebei Road,21968.25484,100001,100022,9,0,9,5,4
Haihe East Road,Jiayuan Li,21963.20369,100049,100067,1,0,1,1,0
Qinjian Road,Hongni River East,21961.9603,100113,100056,37,9,28,15,13
Hongni River East,Qinjian Road,21961.9603,100056,100113,35,8,27,13,14
Beiyangyuan Campus of Tianjin University,West Station,21961.75573,100007,100149,477,173,304,113,191
West Station,Beiyangyuan Campus of Tianjin University,21961.75573,100149,100007,462,253,209,54,155
Yudongcheng,Donggu Road,21961.28792,100180,100026,342,78,264,156,108
Donggu Road,Yudongcheng,21961.28792,100026,100180,267,62,205,124,81
Dengzhou Road,Yangwu Zhuang,21961.13398,100024,100169,45,14,31,26,5
Yangwu Zhuang,Dengzhou Road,21961.13398,100169,100024,32,5,27,20,7
Lushui Road,University of Civil Aviation,21961.00395,100093,100142,6,4,2,2,0
University of Civil Aviation,Lushui Road,21961.00395,100142,100093,5,3,2,1,1
Jinnan Campus of Nankai University,Yutai,21960.66948,100075,100183,4,0,4,3,1
Dongli Yijing Road,West Station,21958.88632,100033,100149,11,0,11,6,5
West Station,Dongli Yijing Road,21958.88632,100149,100033,3,1,2,1,1
Yizhongxin Hospital,Xinxing Village,21958.29211,100177,100162,1,0,1,1,0
Xinxing Village,Yizhongxin Hospital,21958.29211,100162,100177,1,0,1,1,0
Yixingbu North,Jinghe Road,21958.02345,100176,100071,20,2,18,12,6
Jinghe Road,Yixingbu North,21958.02345,100071,100176,19,2,17,11,6
Shuanglin,Xuefu Industrial Area,21956.14824,100119,100163,75,5,70,55,15
Xuefu Industrial Area,Shuanglin,21956.14824,100163,100119,73,4,69,49,20
Fengchan River,High-Tech Zone,21955.64228,100039,100054,71,11,60,59,1
High-Tech Zone,Fengchan River,21955.64228,100054,100039,65,8,57,41,16
Jingli Road,Qinjian Road,21950.45887,100073,100113,41,14,27,20,7
Qinjian Road,Jingli Road,21950.45887,100113,100073,33,4,29,21,8
Jinnan Campus of Nankai University,Dawang Zhuang,21948.54136,100075,100023,10,4,6,1,5
Dawang Zhuang,Jinnan Campus of Nankai University,21948.54136,100023,100075,8,5,3,1,2
Wujiayao,Haihe Education Zone,21948.43177,100150,100050,14,2,12,6,6
Haihe Education Zone,Wujiayao,21948.43177,100050,100150,12,4,8,2,6
National Exhibition Centre,Southwest corner,21947.08566,100105,100124,18,6,12,5,7
Southwest corner,National Exhibition Centre,21947.08566,100124,100105,15,11,4,0,4
Zhangxing Zhuang,Hongni River East,21945.99861,100185,100056,8,1,7,4,3
Hongni River East,Zhangxing Zhuang,21945.99861,100056,100185,8,1,7,5,2
Xinxing Village,Anshan West Road,21945.30192,100162,100003,7,2,5,3,2
Anshan West Road,Xinxing Village,21945.30192,100003,100162,6,1,5,2,3
Bianxing,Binhai International Airport,21943.48816,100009,100010,219,54,165,91,74
Binhai International Airport,Bianxing,21943.48816,100010,100009,175,56,119,43,76
Xianshuigu West,Zhigu,21941.49322,100152,100188,130,28,102,70,32
Zhigu,Xianshuigu West,21941.49322,100188,100152,97,28,69,47,22
Tiantuo,Dongli Yijing Road,21940.5686,100138,100033,5,0,5,4,1
Dongli Yijing Road,Tiantuo,21940.5686,100033,100138,4,0,4,4,0
Jingli Road,Laoshan Road,21933.60316,100073,100082,4,1,3,3,0
Laoshan Road,Jingli Road,21933.60316,100082,100073,1,1,0,0,0
South Station,Shaliu South Road,21929.98215,100122,100116,143,58,85,47,38
Shaliu South Road,South Station,21929.98215,100116,100122,104,24,80,41,39
Nanhe Zhuang,Youyi South Road,21926.57815,100101,100178,3,1,2,0,2
Youyi South Road,Nanhe Zhuang,21926.57815,100178,100101,1,0,1,0,1
National Exhibition Centre,Jianguo Road,21913.40909,100105,100064,8,3,5,0,5
Jianguo Road,National Exhibition Centre,21913.40909,100064,100105,2,0,2,0,2
Beiyangyuan Campus of Tianjin University,People's Hospital,21904.714,100007,100111,81,41,40,16,24
People's Hospital,Beiyangyuan Campus of Tianjin University,21904.714,100111,100007,56,25,31,11,20
South Station,Ruijing XinYuan,21902.66446,100122,100114,305,87,218,106,112
Ruijing XinYuan,South Station,21902.66446,100114,100122,278,85,193,87,106
Hehui South Road,Jintang Road,21899.45833,100052,100077,23,6,17,9,8
Jintang Road,Hehui South Road,21899.45833,100077,100052,12,3,9,6,3
Dongting Road,Professional University,21895.79022,100034,100112,13,0,13,7,6
Professional University,Dongting Road,21895.79022,100112,100034,13,0,13,4,9
Jinnan Campus of Nankai University,Chentang Zhuang,21893.17131,100075,100015,3,1,2,0,2
Chentang Zhuang,Jinnan Campus of Nankai University,21893.17131,100015,100075,2,1,1,0,1
Fengchan River,Meijiang Exhibition Centre,21890.53468,100039,100095,17,12,5,5,0
Meijiang Exhibition Centre,Fengchan River,21890.53468,100095,100039,15,6,9,9,0
Xiaodong Zhuang,Southwest corner,21888.65743,100156,100124,147,30,117,78,39
Southwest corner,Xiaodong Zhuang,21888.65743,100124,100156,147,20,127,61,66
Haihe East Road,Cao Zhuang,21885.94298,100049,100011,5,5,0,0,0
Xiaodong Zhuang,Shaliu South Road,21884.45137,100156,100116,1,0,1,1,0
Shaliu South Road,Xiaodong Zhuang,21884.45137,100116,100156,1,0,1,1,0
Erwei Road,Dongli Liujing Road,21882.15628,100036,100031,10,1,9,6,3
Dongli Liujing Road,Erwei Road,21882.15628,100031,100036,7,0,7,4,3
Nanlou,Xianshuigu West,21881.09016,100102,100152,23,10,13,9,4
Xianshuigu West,Nanlou,21881.09016,100152,100102,17,2,15,7,8
Professional University,High-Tech Zone,21878.22193,100112,100054,145,28,117,96,21
High-Tech Zone,Professional University,21878.22193,100054,100112,129,33,96,72,24
Hehui South Road,Tucheng,21877.10887,100052,100140,8,0,8,8,0
Tucheng,Hehui South Road,21877.10887,100140,100052,4,0,4,2,2
North Beichen Tech Park,Guoshan Road,21873.90083,100106,100047,14,2,12,10,2
Guoshan Road,North Beichen Tech Park,21873.90083,100047,100106,3,0,3,1,2
Jianshan Road,North Beichen Tech Park,21867.38241,100066,100106,29,5,24,20,4
North Beichen Tech Park,Jianshan Road,21867.38241,100106,100066,27,3,24,17,7
Wujiayao,Dongli Liujing Road,21850.99821,100150,100031,11,3,8,7,1
Dongli Liujing Road,Wujiayao,21850.99821,100031,100150,6,0,6,4,2
Donggu Road,Chinese Medicine First Affiliated Hospital,21847.039,100026,100016,204,65,139,79,60
Chinese Medicine First Affiliated Hospital,Donggu Road,21847.039,100016,100026,189,63,126,30,96
Huayuan,Danhebei Road,21844.74697,100061,100022,4,0,4,1,3
Danhebei Road,Huayuan,21844.74697,100022,100061,2,1,1,0,1
Tianshili,Dongli Development Zone,21840.62116,100136,100030,29,10,19,13,6
Dongli Development Zone,Tianshili,21840.62116,100030,100136,24,10,14,12,2
Danhebei Road,Yuejin North Road,21838.21024,100022,100181,3,0,3,0,3
Xunhai Road,Huayuan,21834.17886,100166,100061,6,2,4,4,0
Huayuan,Xunhai Road,21834.17886,100061,100166,4,1,3,1,2
North Beichen Tech Park,Jiayuan Li,21832.81441,100106,100067,7,0,7,5,2
Jiayuan Li,North Beichen Tech Park,21832.81441,100067,100106,4,0,4,4,0
Airport Economic Zone,Lushui Road,21832.08266,100001,100093,23,0,23,17,6
Lushui Road,Airport Economic Zone,21832.08266,100093,100001,21,2,19,13,6
Xiaodian,Meijiang Park,21831.34928,100155,100096,9,2,7,7,0
Meijiang Park,Xiaodian,21831.34928,100096,100155,7,0,7,5,2
National Exhibition Centre,Shunchi Bridge,21829.37507,100105,100120,1,0,1,0,1
Shunchi Bridge,National Exhibition Centre,21829.37507,100120,100105,1,1,0,0,0
Zhanggui Zhuang,Xiaodian,21823.35069,100184,100155,34,11,23,19,4
Xiaodian,Zhanggui Zhuang,21823.35069,100155,100184,26,4,22,7,15
Xinxing Village,Meijiang Exhibition Centre,21821.93367,100162,100095,2,0,2,1,1
Meijiang Exhibition Centre,Xinxing Village,21821.93367,100095,100162,2,1,1,0,1
Xunhai Road,Fuxing Road,21821.92575,100166,100042,2,1,1,0,1
Zuojiang Road,Danhebei Road,21817.89198,100192,100022,3,2,1,1,0
Danhebei Road,Zuojiang Road,21817.89198,100022,100192,1,0,1,0,1
Steel Tube Company,Zhongshan Gate,21801.09244,100127,100189,1607,318,1289,892,397
Zhongshan Gate,Steel Tube Company,21801.09244,100189,100127,1391,291,1100,732,368
Liulin Road,Fengchan River,21798.60324,100089,100039,3,1,2,1,1
Fengchan River,Liulin Road,21798.60324,100039,100089,2,2,0,0,0
Xueyuan North Road,Professional University,21795.45906,100165,100112,1,0,1,0,1
Xueyuan North Road,High-Tech Zone,21787.0299,100165,100054,3,1,2,2,0
High-Tech Zone,Xueyuan North Road,21787.0299,100054,100165,2,0,2,1,1
Xunhai Road,People's Hospital,21783.20755,100166,100111,5,2,3,1,2
People's Hospital,Xunhai Road,21783.20755,100111,100166,4,2,2,0,2
Yangwu Zhuang,Liuyuan,21781.5352,100169,100091,139,42,97,67,30
Liuyuan,Yangwu Zhuang,21781.5352,100091,100169,111,29,82,41,41
North China Group,Liqi Zhuang South,21778.19547,100107,100088,11,6,5,3,2
Liqi Zhuang South,North China Group,21778.19547,100088,100107,9,4,5,2,3
Danhebei Road,Changling Road,21777.87188,100022,100013,20,4,16,9,7
Changling Road,Danhebei Road,21777.87188,100013,100022,13,3,10,8,2
North Beichen Tech Park,Wanshan Road,21776.94485,100106,100146,2,0,2,2,0
Jingjiang Road,Guorui Road,21776.81008,100072,100046,8,1,7,5,2
Guorui Road,Jingjiang Road,21776.81008,100046,100072,5,0,5,4,1
North China Group,Weishan Road,21775.75564,100107,100148,5,1,4,1,3
Weishan Road,North China Group,21775.75564,100148,100107,5,2,3,0,3
North Station,Xiaodong Zhuang,21773.39029,100108,100156,30,9,21,9,12
Xiaodong Zhuang,North Station,21773.39029,100156,100108,15,5,10,6,4
Beiyangyuan Campus of Tianjin University,Jianchang Road,21773.02356,100007,100063,8,3,5,5,0
Jianchang Road,Beiyangyuan Campus of Tianjin University,21773.02356,100063,100007,5,1,4,1,3
Liuyuan,Danhebei Road,21770.20687,100091,100022,1,1,0,0,0
Yudongcheng,South Station,21766.30297,100180,100122,650,173,477,298,179
South Station,Yudongcheng,21766.30297,100122,100180,603,202,401,211,190
Shuanglin,North China Group,21763.18725,100119,100107,102,27,75,44,31
North China Group,Shuanglin,21763.18725,100107,100119,98,31,67,42,25
Chinese Medicine First Affiliated Hospital,Fengchan River,21758.27839,100016,100039,14,3,11,4,7
Fengchan River,Chinese Medicine First Affiliated Hospital,21758.27839,100039,100016,13,3,10,7,3
Xuefu Industrial Area,Zhanggui Zhuang,21754.03255,100163,100184,144,7,137,117,20
Zhanggui Zhuang,Xuefu Industrial Area,21754.03255,100184,100163,143,10,133,124,9
Foreign Languages High School,Hongni River East,21751.07177,100040,100056,4,0,4,2,2
Hongni River East,Foreign Languages High School,21751.07177,100056,100040,1,0,1,0,1
Tiedong Road,Hongni River East,21744.93556,100139,100056,12,5,7,3,4
Hongni River East,Tiedong Road,21744.93556,100056,100139,7,3,4,4,0
Beiyangyuan Campus of Tianjin University,Zhongshan Road,21744.58781,100007,100190,10,5,5,4,1
Zhongshan Road,Beiyangyuan Campus of Tianjin University,21744.58781,100190,100007,7,3,4,0,4
Xunhai Road,Dabi Zhuang,21741.27918,100166,100021,12,0,12,8,4
Dabi Zhuang,Xunhai Road,21741.27918,100021,100166,9,5,4,1,3
Gaozhuangzi,North Station,21740.24578,100043,100108,155,40,115,47,68
North Station,Gaozhuangzi,21740.24578,100108,100043,105,69,36,14,22
Tianjin Station,Haihe Education Zone,21735.58542,100135,100050,88,27,61,21,40
Haihe Education Zone,Tianjin Station,21735.58542,100050,100135,81,28,53,22,31
Meilin Road,Liuyuan,21734.83793,100098,100091,115,18,97,49,48
Liuyuan,Meilin Road,21734.83793,100091,100098,98,18,80,34,46
Lijiang Road,Fengchan River,21732.84646,100085,100039,3,0,3,0,3
Fengchan River,Lijiang Road,21732.84646,100039,100085,2,0,2,1,1
Gaozhuangzi,Fuxing Road,21730.10611,100043,100042,38,10,28,14,14
Fuxing Road,Gaozhuangzi,21730.10611,100042,100043,28,12,16,9,7
Dongli Sanjing Road,North Station,21727.33675,100032,100108,2,0,2,2,0
Jinnan Campus of Nankai University,Tiantuo,21725.74664,100075,100138,52,12,40,13,27
Tiantuo,Jinnan Campus of Nankai University,21725.74664,100138,100075,52,23,29,9,20
Binhai International Airport,Fengchan River,21725.56191,100010,100039,15,8,7,2,5
Fengchan River,Binhai International Airport,21725.56191,100039,100010,8,3,5,2,3
Yixingbu North,Dongli Development Zone,21723.37909,100176,100030,86,9,77,53,24
Dongli Development Zone,Yixingbu North,21723.37909,100030,100176,75,13,62,35,27
North Beichen Tech Park,Zhongshan Gate,21720.91236,100106,100189,50,13,37,30,7
Zhongshan Gate,North Beichen Tech Park,21720.91236,100189,100106,43,5,38,30,8
Airport Economic Zone,Gaozhuangzi,21720.72969,100001,100043,61,20,41,21,20
Gaozhuangzi,Airport Economic Zone,21720.72969,100043,100001,59,18,41,26,15
Binhai International Airport,Yizhongxin Hospital,21719.99499,100010,100177,241,71,170,60,110
Yizhongxin Hospital,Binhai International Airport,21719.99499,100177,100010,167,50,117,56,61
Gaozhuangzi,Jiefang South Road,21719.30139,100043,100068,7,2,5,2,3
Jiefang South Road,Gaozhuangzi,21719.30139,100068,100043,5,3,2,0,2
Southeast Corner,National Exhibition Centre,21709.5354,100123,100105,27,23,4,3,1
National Exhibition Centre,Southeast Corner,21709.5354,100105,100123,20,13,7,4,3
Dongli Yijing Road,Wangdingdi,21707.20335,100033,100145,1,0,1,1,0
Wangdingdi,Dongli Yijing Road,21707.20335,100145,100033,1,0,1,1,0
Hongqi South Road,Dongli Sanjing Road,21705.51438,100057,100032,16,1,15,15,0
Dongli Sanjing Road,Hongqi South Road,21705.51438,100032,100057,9,0,9,6,3
Nansun Zhuang,The Financial University,21705.34441,100103,100132,1,1,0,0,0
Nanhe Zhuang,Xinli,21704.4379,100101,100161,27,9,18,6,12
Xinli,Nanhe Zhuang,21704.4379,100161,100101,24,7,17,9,8
Professional University,University of Civil Aviation,21699.58394,100112,100142,26,7,19,11,8
University of Civil Aviation,Professional University,21699.58394,100142,100112,25,10,15,11,4
Haihe Education Zone,Taichang Road,21699.24224,100050,100128,12,3,9,4,5
Taichang Road,Haihe Education Zone,21699.24224,100128,100050,9,4,5,1,4
Professional University,Jiefang South Road,21699.01683,100112,100068,113,29,84,43,41
Jiefang South Road,Professional University,21699.01683,100068,100112,110,46,64,39,25
Anshan West Road,Xunhai Road,21698.59832,100003,100166,10,2,8,5,3
Xunhai Road,Anshan West Road,21698.59832,100166,100003,10,3,7,7,0
Huaihe Road,Xinli,21697.91384,100058,100161,32,9,23,13,10
Xinli,Huaihe Road,21697.91384,100161,100058,30,12,18,9,9
Yingkou Road,Donggu Road,21695.40682,100174,100026,5488,2395,3093,1352,1741
Donggu Road,Yingkou Road,21695.40682,100026,100174,5206,2129,3077,1565,1512
University of Civil Aviation,Benxi Road,21693.55992,100142,100008,55,22,33,13,20
Benxi Road,University of Civil Aviation,21693.55992,100008,100142,47,15,32,18,14
Dongli Yijing Road,Changhong Park,21692.18034,100033,100012,7,2,5,4,1
Changhong Park,Dongli Yijing Road,21692.18034,100012,100033,5,1,4,4,0
Huanyu Road,Xuefu Industrial Area,21689.50405,100059,100163,2,1,1,1,0
Ruijing XinYuan,Weishan Road,21682.26976,100114,100148,1,0,1,1,0
Dongli Development Zone,JinZhong Street,21680.33215,100030,100080,118,13,105,82,23
JinZhong Street,Dongli Development Zone,21680.33215,100080,100030,97,17,80,68,12
University town,Xinli,21678.14991,100143,100161,171,58,113,74,39
Xinli,University town,21678.14991,100161,100143,134,52,82,56,26
Xiaodong Zhuang,Erwei Road,21677.10895,100156,100036,73,16,57,45,12
Erwei Road,Xiaodong Zhuang,21677.10895,100036,100156,66,12,54,24,30
North Beichen Tech Park,Yizhongxin Hospital,21669.29992,100106,100177,24,5,19,14,5
Yizhongxin Hospital,North Beichen Tech Park,21669.29992,100177,100106,19,3,16,12,4
Lilou,Liaohe North Road,21663.29856,100086,100084,29,8,21,15,6
Liaohe North Road,Lilou,21663.29856,100084,100086,28,6,22,15,7
Jingli Road,Xuefu Industrial Area,21661.72276,100073,100163,45,5,40,34,6
Xuefu Industrial Area,Jingli Road,21661.72276,100163,100073,44,6,38,32,6
Yuanyang International Centre,Beiyangyuan Campus of Tianjin University,21654.97665,100179,100007,34,22,12,7,5
Beiyangyuan Campus of Tianjin University,Yuanyang International Centre,21654.97665,100007,100179,33,14,19,9,10
Junliangcheng,Shiyijing Road,21651.29505,100081,100117,588,109,479,353,126
Shiyijing Road,Junliangcheng,21651.29505,100117,100081,588,87,501,285,216
Dongli Culture and Sports Centre,Nanhe Zhuang,21649.76236,100029,100101,6,6,0,0,0
Nanhe Zhuang,Dongli Culture and Sports Centre,21649.76236,100101,100029,4,4,0,0,0
Civic Square,Junliangcheng,21646.82551,100018,100081,1279,236,1043,690,353
Junliangcheng,Civic Square,21646.82551,100081,100018,1268,241,1027,810,217
Donggu Road,Shiyijing Road,21646.67212,100026,100117,185,20,165,134,31
Shiyijing Road,Donggu Road,21646.67212,100117,100026,179,23,156,104,52
Benxi Road,Xinli,21646.11131,100008,100161,81,23,58,35,23
Xinli,Benxi Road,21646.11131,100161,100008,70,17,53,36,17
Gaozhuangzi,Zhanggui Zhuang,21635.88546,100043,100184,7,1,6,5,1
Zhanggui Zhuang,Gaozhuangzi,21635.88546,100184,100043,4,1,3,1,2
Shuanglin,Ruijing XinYuan,21635.59484,100119,100114,187,56,131,82,49
Ruijing XinYuan,Shuanglin,21635.59484,100114,100119,187,48,139,87,52
Jinghe Road,Yangwu Zhuang,21635.07497,100071,100169,6,0,6,3,3
Yangwu Zhuang,Jinghe Road,21635.07497,100169,100071,5,1,4,4,0
Hehui South Road,Yingfeng Road,21635.03107,100052,100173,56,14,42,29,13
Yingfeng Road,Hehui South Road,21635.03107,100173,100052,56,18,38,28,10
Nancuiping,Xianshuigu West,21633.3558,100100,100152,223,76,147,80,67
Xianshuigu West,Nancuiping,21633.3558,100152,100100,182,68,114,66,48
Beiyangyuan Campus of Tianjin University,Cuifu New Village,21632.08678,100007,100019,4,3,1,1,0
Cuifu New Village,Beiyangyuan Campus of Tianjin University,21632.08678,100019,100007,2,2,0,0,0
Dongli Yijing Road,JinZhong Street,21628.9962,100033,100080,4,1,3,1,2
JinZhong Street,Dongli Yijing Road,21628.9962,100080,100033,4,0,4,4,0
The Financial University,Fengchan River,21628.09649,100132,100039,17,4,13,13,0
Fengchan River,The Financial University,21628.09649,100039,100132,15,4,11,7,4
Bei Zhulin,Gaozhuangzi,21626.52983,100004,100043,9,4,5,0,5
Gaozhuangzi,Bei Zhulin,21626.52983,100043,100004,2,1,1,0,1
Xiaodong Zhuang,Wujiayao,21625.81733,100156,100150,71,16,55,41,14
Wujiayao,Xiaodong Zhuang,21625.81733,100150,100156,59,12,47,20,27
Beichen Road,Hangshuang Road,21625.30832,100005,100051,14,4,10,7,3
Hangshuang Road,Beichen Road,21625.30832,100051,100005,6,2,4,2,2
Nanhe Zhuang,Jingli Road,21623.49283,100101,100073,6,0,6,3,3
Jingli Road,Nanhe Zhuang,21623.49283,100073,100101,2,1,1,0,1
Jieyuan West Road,North Beichen Tech Park,21621.2509,100069,100106,16,5,11,11,0
North Beichen Tech Park,Jieyuan West Road,21621.2509,100106,100069,11,2,9,9,0
University town,Beiyangyuan Campus of Tianjin University,21620.98846,100143,100007,92,45,47,24,23
Beiyangyuan Campus of Tianjin University,University town,21620.98846,100007,100143,68,32,36,13,23
Dongli Development Zone,Lushui Road,21615.32456,100030,100093,12,1,11,7,4
Lushui Road,Dongli Development Zone,21615.32456,100093,100030,12,4,8,3,5
Gaozhuangzi,Tiantuo,21615.02732,100043,100138,31,3,28,12,16
Tiantuo,Gaozhuangzi,21615.02732,100138,100043,30,7,23,8,15
Yaohuan Road,Donggu Road,21608.34656,100170,100026,120,33,87,47,40
Donggu Road,Yaohuan Road,21608.34656,100026,100170,112,35,77,53,24
Professional University,Liqi Zhuang South,21607.04688,100112,100088,12,5,7,5,2
Liqi Zhuang South,Professional University,21607.04688,100088,100112,11,6,5,4,1
Hongni River East,Beining Park,21606.14479,100056,100006,7,2,5,2,3
Beining Park,Hongni River East,21606.14479,100006,100056,5,3,2,1,1
Huayuan,Dongli Development Zone,21601.11407,100061,100030,220,23,197,124,73
Dongli Development Zone,Huayuan,21601.11407,100030,100061,211,31,180,146,34
South Station,Shuanggang,21599.73189,100122,100118,139,32,107,47,60
Shuanggang,South Station,21599.73189,100118,100122,97,35,62,37,25
Binhai International Airport,Tiantuo,21595.70899,100010,100138,173,53,120,33,87
Tiantuo,Binhai International Airport,21595.70899,100138,100010,136,27,109,50,59
Nansun Zhuang,Cao Zhuang,21595.064,100103,100011,12,10,2,1,1
Cao Zhuang,Nansun Zhuang,21595.064,100011,100103,9,2,7,5,2
Huayuan,Hongni River East,21592.92145,100061,100056,93,11,82,59,23
Hongni River East,Huayuan,21592.92145,100056,100061,92,4,88,78,10
Beiyangyuan Campus of Tianjin University,Xingfu Park,21591.5094,100007,100159,22,6,16,8,8
Xingfu Park,Beiyangyuan Campus of Tianjin University,21591.5094,100159,100007,22,10,12,2,10
Junliangcheng,Xiawafang,21583.94076,100081,100157,271,52,219,165,54
Xiawafang,Junliangcheng,21583.94076,100157,100081,246,38,208,125,83
Danhebei Road,Fuxing Gate,21579.91938,100022,100041,17,4,13,9,4
Fuxing Gate,Danhebei Road,21579.91938,100041,100022,12,4,8,7,1
Taichang Road,Donggu Road,21579.41626,100128,100026,329,113,216,123,93
Donggu Road,Taichang Road,21579.41626,100026,100128,272,84,188,107,81
Donggu Road,Dongli Sanjing Road,21577.23868,100026,100032,35,9,26,26,0
Dongli Sanjing Road,Donggu Road,21577.23868,100032,100026,8,2,6,1,5
Southwest corner,Beiyangyuan Campus of Tianjin University,21576.82518,100124,100007,48,18,30,14,16
Beiyangyuan Campus of Tianjin University,Southwest corner,21576.82518,100007,100124,25,8,17,7,10
Xiaodong Zhuang,Yueya River,21573.66665,100156,100182,63,14,49,40,9
Yueya River,Xiaodong Zhuang,21573.66665,100182,100156,57,9,48,40,8
North China Group,Xuefu Industrial Area,21566.34382,100107,100163,128,23,105,76,29
Xuefu Industrial Area,North China Group,21566.34382,100163,100107,121,17,104,76,28
Xinkai River,Beiyangyuan Campus of Tianjin University,21565.63009,100160,100007,3,3,0,0,0
Beiyangyuan Campus of Tianjin University,Xinkai River,21565.63009,100007,100160,2,1,1,0,1
Yutai,Professional University,21564.39172,100183,100112,16,6,10,7,3
Professional University,Yutai,21564.39172,100112,100183,13,3,10,2,8
South Station,Yihao Bridge,21562.99149,100122,100172,191,58,133,87,46
Yihao Bridge,South Station,21562.99149,100172,100122,176,25,151,65,86
North China Group,Yutai,21562.71183,100107,100183,27,5,22,17,5
Yutai,North China Group,21562.71183,100183,100107,24,4,20,16,4
Wanshan Road,Yangwu Zhuang,21561.49456,100146,100169,1,0,1,1,0
Honghu Li,Dongli Culture and Sports Centre,21557.24936,100055,100029,19,13,6,4,2
Dongli Culture and Sports Centre,Honghu Li,21557.24936,100029,100055,13,6,7,3,4
Dengzhou Road,Guorui Road,21556.89167,100024,100046,4,2,2,1,1
Guorui Road,Dengzhou Road,21556.89167,100046,100024,2,1,1,1,0
Yihao Bridge,Beiyangyuan Campus of Tianjin University,21555.78369,100172,100007,2,0,2,2,0
Beiyangyuan Campus of Tianjin University,Wandong Road,21549.20874,100007,100144,7,5,2,1,1
Wandong Road,Beiyangyuan Campus of Tianjin University,21549.20874,100144,100007,2,1,1,0,1
Dongli Sanjing Road,Northwest Corner,21547.87693,100032,100109,20,1,19,16,3
Northwest Corner,Dongli Sanjing Road,21547.87693,100109,100032,10,1,9,8,1
Huashan Li,Xiaodian,21546.36519,100060,100155,71,15,56,41,15
Xiaodian,Huashan Li,21546.36519,100155,100060,43,7,36,23,13
Haihe Education Zone,Jingjiang Road,21545.82201,100050,100072,10,4,6,5,1
Jingjiang Road,Haihe Education Zone,21545.82201,100072,100050,8,3,5,5,0
Yaohuan Road,Fengchan River,21545.39568,100170,100039,2,0,2,1,1
Fengchan River,Yaohuan Road,21545.39568,100039,100170,1,0,1,0,1
Guorui Road,Jinwan Square,21542.03182,100046,100078,17,7,10,1,9
Jinwan Square,Guorui Road,21542.03182,100078,100046,15,8,7,4,3
Tian Tower,Haihe Education Zone,21541.69801,100133,100050,17,8,9,2,7
Haihe Education Zone,Tian Tower,21541.69801,100050,100133,15,5,10,4,6
Guorui Road,Haiguang Temple,21536.48493,100046,100048,83,10,73,52,21
Haiguang Temple,Guorui Road,21536.48493,100048,100046,82,11,71,51,20
Water Park Road East,National Exhibition Centre,21535.52891,100147,100105,4,4,0,0,0
National Exhibition Centre,Water Park Road East,21535.52891,100105,100147,3,0,3,0,3
JinZhong Street,Xuefu Industrial Area,21534.96906,100080,100163,50,4,46,38,8
Xuefu Industrial Area,JinZhong Street,21534.96906,100163,100080,49,5,44,38,6
Nanhe Zhuang,Liqi Zhuang South,21533.80797,100101,100088,2,0,2,1,1
Liqi Zhuang South,Nanhe Zhuang,21533.80797,100088,100101,1,0,1,1,0
Jinshi Bridge,Dongli Liujing Road,21532.87011,100076,100031,12,2,10,9,1
Dongli Liujing Road,Jinshi Bridge,21532.87011,100031,100076,6,0,6,5,1
Yangwu Zhuang,Laoshan Road,21531.87675,100169,100082,26,6,20,17,3
Laoshan Road,Yangwu Zhuang,21531.87675,100082,100169,19,6,13,10,3
Changling Road,Xiaodian,21529.67249,100013,100155,32,4,28,20,8
Xiaodian,Changling Road,21529.67249,100155,100013,28,11,17,16,1
Yingfeng Road,Xinxing Village,21527.38963,100173,100162,2,0,2,2,0
North Beichen Tech Park,Sports Centre,21524.74787,100106,100126,80,27,53,32,21
Sports Centre,North Beichen Tech Park,21524.74787,100126,100106,68,22,46,38,8
Chinese Medicine First Affiliated Hospital,Beichen Road,21519.80584,100016,100005,203,48,155,78,77
Beichen Road,Chinese Medicine First Affiliated Hospital,21519.80584,100005,100016,182,48,134,91,43
Tiantai Road,Hongni River East,21514.70585,100137,100056,22,4,18,11,7
Hongni River East,Tiantai Road,21514.70585,100056,100137,22,3,19,18,1
South Station,Jianchang Road,21508.92861,100122,100063,100,27,73,33,40
Jianchang Road,South Station,21508.92861,100063,100122,62,12,50,35,15
Nanhe Zhuang,Xinxing Village,21507.49455,100101,100162,6,3,3,0,3
Xinxing Village,Nanhe Zhuang,21507.49455,100162,100101,6,3,3,3,0
Liaohe North Road,Shuanggang,21504.66388,100084,100118,14,5,9,7,2
Shuanggang,Liaohe North Road,21504.66388,100118,100084,7,5,2,2,0
Hangshuang Road,Dongli Development Zone,21500.66631,100051,100030,5,0,5,5,0
Dongli Development Zone,Hangshuang Road,21500.66631,100030,100051,2,0,2,2,0
Wanshan Road,Jingli Road,21500.0933,100146,100073,3,3,0,0,0
North Beichen Tech Park,Tianjin Hotel,21498.81379,100106,100134,87,22,65,42,23
Tianjin Hotel,North Beichen Tech Park,21498.81379,100134,100106,79,17,62,36,26
Nanhe Zhuang,University town,21498.60645,100101,100143,89,32,57,22,35
University town,Nanhe Zhuang,21498.60645,100143,100101,75,26,49,32,17
Nanhe Zhuang,Chunhai Road,21491.13842,100101,100017,2,0,2,0,2
Chunhai Road,Nanhe Zhuang,21491.13842,100017,100101,2,0,2,2,0
Yueya River,Beiyangyuan Campus of Tianjin University,21490.84927,100182,100007,17,6,11,10,1
Beiyangyuan Campus of Tianjin University,Yueya River,21490.84927,100007,100182,14,9,5,4,1
Jingli Road,Zhangxing Zhuang,21485.30988,100073,100185,11,3,8,8,0
Zhangxing Zhuang,Jingli Road,21485.30988,100185,100073,7,2,5,3,2
Beichen Road,Lijiang Road,21479.24903,100005,100085,14,7,7,1,6
Lijiang Road,Beichen Road,21479.24903,100085,100005,11,0,11,3,8
Magangchang,Huaihe Road,21477.35346,100094,100058,9,2,7,4,3
Huaihe Road,Magangchang,21477.35346,100058,100094,5,2,3,1,2
Jinnan Campus of Nankai University,Wangdingdi,21475.71913,100075,100145,34,26,8,4,4
Wangdingdi,Jinnan Campus of Nankai University,21475.71913,100145,100075,34,21,13,8,5
Dongli Yijing Road,Yizhongxin Hospital,21475.32025,100033,100177,3,1,2,2,0
Yizhongxin Hospital,Dongli Yijing Road,21475.32025,100177,100033,1,1,0,0,0
Fuxing Gate,Haihe Education Zone,21473.78578,100041,100050,1,0,1,1,0
Zhangxing Zhuang,Dongli Sanjing Road,21472.63752,100185,100032,6,1,5,5,0
Dongli Sanjing Road,Zhangxing Zhuang,21472.63752,100032,100185,5,0,5,4,1
Chunhai Road,Jiayuan Li,21469.55924,100017,100067,18,1,17,10,7
Jiayuan Li,Chunhai Road,21469.55924,100067,100017,13,3,10,7,3
Xuefu Industrial Area,Xiangshan Road,21469.2939,100163,100151,32,1,31,28,3
Xiangshan Road,Xuefu Industrial Area,21469.2939,100151,100163,29,1,28,24,4
Dabi Zhuang,High-Tech Zone,21468.43041,100021,100054,76,24,52,47,5
High-Tech Zone,Dabi Zhuang,21468.43041,100054,100021,69,16,53,36,17
Guorui Road,Liqi Zhuang South,21467.95739,100046,100088,2,0,2,2,0
Liulin Road,Professional University,21467.61705,100089,100112,36,13,23,11,12
Professional University,Liulin Road,21467.61705,100112,100089,36,11,25,10,15
Dongting Road,Liuyuan,21467.51317,100034,100091,18,7,11,8,3
Liuyuan,Dongting Road,21467.51317,100091,100034,16,5,11,10,1
Wangdingdi,Xinxing Village,21463.82474,100145,100162,1,0,1,0,1
Hangshuang Road,Jiayuan Li,21459.22857,100051,100067,22,6,16,13,3
Jiayuan Li,Hangshuang Road,21459.22857,100067,100051,16,4,12,7,5
Xiaodong Zhuang,Meijiang Road,21458.00093,100156,100097,43,3,40,36,4
Meijiang Road,Xiaodong Zhuang,21458.00093,100097,100156,38,0,38,28,10
Nanzhu Bridge,Ruijing XinYuan,21456.60379,100104,100114,15,2,13,6,7
Ruijing XinYuan,Nanzhu Bridge,21456.60379,100114,100104,12,5,7,5,2
Haihe Education Zone,Beining Park,21453.89053,100050,100006,12,4,8,4,4
Beining Park,Haihe Education Zone,21453.89053,100006,100050,2,2,0,0,0
Zhaoyuan Road,North China Group,21451.58471,100186,100107,8,1,7,6,1
North China Group,Zhaoyuan Road,21451.58471,100107,100186,2,0,2,0,2
Jianguo Road,Beiyangyuan Campus of Tianjin University,21446.68417,100064,100007,23,9,14,8,6
Beiyangyuan Campus of Tianjin University,Jianguo Road,21446.68417,100007,100064,21,12,9,4,5
South Station,Yixingbu North,21441.43304,100122,100176,160,33,127,41,86
Yixingbu North,South Station,21441.43304,100176,100122,118,45,73,41,32
Binhai International Airport,Professional University,21430.75089,100010,100112,121,27,94,35,59
Professional University,Binhai International Airport,21430.75089,100112,100010,91,30,61,23,38
North China Group,Lushui Road,21428.70715,100107,100093,43,19,24,11,13
Lushui Road,North China Group,21428.70715,100093,100107,30,9,21,10,11
University town,Zhaoyuan Road,21426.1963,100143,100186,2,0,2,1,1
Zhaoyuan Road,University town,21426.1963,100186,100143,2,2,0,0,0
Danhebei Road,Nancuiping,21422.77662,100022,100100,3,1,2,2,0
Nancuiping,Danhebei Road,21422.77662,100100,100022,3,0,3,3,0
Chinese Medicine First Affiliated Hospital,Binhai International Airport,21419.0544,100016,100010,163,39,124,62,62
Binhai International Airport,Chinese Medicine First Affiliated Hospital,21419.0544,100010,100016,116,33,83,20,63
Haihe Education Zone,JinZhong River Street,21417.14982,100050,100079,6,0,6,3,3
JinZhong River Street,Haihe Education Zone,21417.14982,100079,100050,3,0,3,2,1
South Station,Huashan Li,21416.76773,100122,100060,414,129,285,152,133
Huashan Li,South Station,21416.76773,100060,100122,353,135,218,146,72
Dongli Sanjing Road,Guangkaisima Road,21415.0227,100032,100044,9,0,9,7,2
Guangkaisima Road,Dongli Sanjing Road,21415.0227,100044,100032,8,1,7,7,0
Xuzhou Road,Beiyangyuan Campus of Tianjin University,21414.58744,100167,100007,1,1,0,0,0
South Station,Siyuan Road,21411.96384,100122,100121,28,7,21,10,11
Siyuan Road,South Station,21411.96384,100121,100122,18,6,12,8,4
Cao Zhuang,Shuanggang,21408.53643,100011,100118,71,17,54,25,29
Shuanggang,Cao Zhuang,21408.53643,100118,100011,61,24,37,20,17
Liuwei Road,National Exhibition Centre,21403.01774,100090,100105,1,1,0,0,0
National Exhibition Centre,Liuwei Road,21403.01774,100105,100090,1,1,0,0,0
Beiyangyuan Campus of Tianjin University,Shunchi Bridge,21401.88162,100007,100120,6,2,4,1,3
Shunchi Bridge,Beiyangyuan Campus of Tianjin University,21401.88162,100120,100007,5,2,3,2,1
Hongni River East,Zhicheng Road,21393.34072,100056,100187,3,2,1,1,0
Zhicheng Road,Hongni River East,21393.34072,100187,100056,2,1,1,1,0
Beichen Road,Huanyu Road,21392.64268,100005,100059,1,1,0,0,0
Jinghe Road,Dengzhou Road,21382.94324,100071,100024,6,1,5,3,2
Dengzhou Road,Jinghe Road,21382.94324,100024,100071,1,1,0,0,0
Jiayuan Li,Airport Economic Zone,21382.30704,100067,100001,256,41,215,171,44
Airport Economic Zone,Jiayuan Li,21382.30704,100001,100067,216,28,188,130,58
Cao Zhuang,Hangshuang Road,21381.96787,100011,100051,56,7,49,42,7
Hangshuang Road,Cao Zhuang,21381.96787,100051,100011,47,6,41,32,9
Gaozhuangzi,Yizhongxin Hospital,21380.0772,100043,100177,64,9,55,34,21
Yizhongxin Hospital,Gaozhuangzi,21380.0772,100177,100043,39,5,34,22,12
Tumour Hospital,Guorui Road,21377.70332,100141,100046,19,4,15,11,4
Guorui Road,Tumour Hospital,21377.70332,100046,100141,11,2,9,6,3
Ruijing XinYuan,Lushui Road,21376.05662,100114,100093,32,8,24,3,21
Lushui Road,Ruijing XinYuan,21376.05662,100093,100114,22,11,11,3,8
University of Civil Aviation,National Exhibition Centre,21372.88293,100142,100105,3,2,1,1,0
National Exhibition Centre,University of Civil Aviation,21372.88293,100105,100142,1,0,1,0,1
Ruijing XinYuan,Zhanggui Zhuang,21364.5151,100114,100184,93,27,66,32,34
Zhanggui Zhuang,Ruijing XinYuan,21364.5151,100184,100114,76,24,52,22,30
North Beichen Tech Park,Shaliu South Road,21362.32164,100106,100116,27,11,16,12,4
Shaliu South Road,North Beichen Tech Park,21362.32164,100116,100106,21,8,13,9,4
Youyi South Road,Liuyuan,21360.36911,100178,100091,11,5,6,2,4
Liuyuan,Youyi South Road,21360.36911,100091,100178,10,2,8,4,4
Yihao Bridge,Danhebei Road,21360.18998,100172,100022,2,2,0,0,0
Danhebei Road,Yihao Bridge,21360.18998,100022,100172,2,0,2,0,2
Haihe Education Zone,Minquan Gate,21360.12737,100050,100099,3,0,3,1,2
Minquan Gate,Haihe Education Zone,21360.12737,100099,100050,2,2,0,0,0
Honghu Li,Dongli Development Zone,21359.71159,100055,100030,165,42,123,90,33
Dongli Development Zone,Honghu Li,21359.71159,100030,100055,114,32,82,61,21
Leyuan Road,North Beichen Tech Park,21355.82488,100083,100106,8,2,6,5,1
North Beichen Tech Park,Leyuan Road,21355.82488,100106,100083,5,3,2,0,2
Liuyuan,Nansun Zhuang,21354.50887,100091,100103,9,2,7,5,2
Nansun Zhuang,Liuyuan,21354.50887,100103,100091,9,4,5,2,3
Haiguang Temple,Haihe Education Zone,21350.73222,100048,100050,33,9,24,11,13
Haihe Education Zone,Haiguang Temple,21350.73222,100050,100048,23,2,21,11,10
Shuanggang,Guoshan Road,21345.17218,100118,100047,9,1,8,7,1
Guoshan Road,Shuanggang,21345.17218,100047,100118,8,1,7,6,1
Yingfeng Road,Dongli Sanjing Road,21344.3462,100173,100032,11,0,11,7,4
Dongli Sanjing Road,Yingfeng Road,21344.3462,100032,100173,7,0,7,7,0
Yibin Road,Haihe Education Zone,21344.26413,100171,100050,24,6,18,12,6
Haihe Education Zone,Yibin Road,21344.26413,100050,100171,22,2,20,14,6
Yuejin North Road,Donggu Road,21343.9877,100181,100026,15,8,7,5,2
Donggu Road,Yuejin North Road,21343.9877,100026,100181,8,4,4,3,1
University town,Hangshuang Road,21343.75244,100143,100051,20,5,15,9,6
Hangshuang Road,University town,21343.75244,100051,100143,20,6,14,8,6
Zhou and Deng Memorial Museum,Dongli Yijing Road,21340.8942,100191,100033,1,0,1,0,1
Xinli,Shuanggang,21340.20436,100161,100118,4,0,4,4,0
Shuanggang,Xinli,21340.20436,100118,100161,2,0,2,1,1
Donggu Road,Dongxing Road,21335.55381,100026,100035,35,9,26,17,9
Dongxing Road,Donggu Road,21335.55381,100035,100026,31,9,22,12,10
Gaozhuangzi,Changhong Park,21334.38684,100043,100012,65,24,41,27,14
Changhong Park,Gaozhuangzi,21334.38684,100012,100043,51,22,29,20,9
Haihe Education Zone,Jinwan Square,21332.73481,100050,100078,13,3,10,1,9
Jinwan Square,Haihe Education Zone,21332.73481,100078,100050,7,4,3,0,3
Liulin Road,Ruijing XinYuan,21331.5379,100089,100114,81,22,59,19,40
Ruijing XinYuan,Liulin Road,21331.5379,100114,100089,73,18,55,26,29
JinZhong River Street,Gaozhuangzi,21330.46995,100079,100043,61,30,31,13,18
Gaozhuangzi,JinZhong River Street,21330.46995,100043,100079,48,11,37,17,20
Jiangwan Erzhi Road,Professional University,21329.99754,100065,100112,9,2,7,1,6
Professional University,Jiangwan Erzhi Road,21329.99754,100112,100065,8,3,5,5,0
Jiangwan Erzhi Road,North China Group,21328.31765,100065,100107,8,3,5,3,2
North China Group,Jiangwan Erzhi Road,21328.31765,100107,100065,6,2,4,3,1
Erwei Road,National Exhibition Centre,21326.71421,100036,100105,11,6,5,4,1
National Exhibition Centre,Erwei Road,21326.71421,100105,100036,11,2,9,3,6
Junliangcheng,Jintang Road,21324.34489,100081,100077,55,6,49,40,9
Jintang Road,Junliangcheng,21324.34489,100077,100081,55,13,42,29,13
Huaihe Road,Xuefu Industrial Area,21323.81675,100058,100163,118,6,112,110,2
Xuefu Industrial Area,Huaihe Road,21323.81675,100163,100058,74,4,70,60,10
Binhai International Airport,Nancuiping,21311.01245,100010,100100,74,18,56,22,34
Nancuiping,Binhai International Airport,21311.01245,100100,100010,55,12,43,19,24
Yangwu Zhuang,Number Two Bridge,21310.03254,100169,100110,32,7,25,21,4
Number Two Bridge,Yangwu Zhuang,21310.03254,100110,100169,30,7,23,20,3
Xianshuigu West,Lingbin Road,21308.43882,100152,100087,96,24,72,48,24
Lingbin Road,Xianshuigu West,21308.43882,100087,100152,85,24,61,45,16
Jinnan Campus of Nankai University,Yizhongxin Hospital,21305.57778,100075,100177,384,170,214,95,119
Yizhongxin Hospital,Jinnan Campus of Nankai University,21305.57778,100177,100075,290,124,166,79,87
Beiyangyuan Campus of Tianjin University,Southeast Corner,21305.52692,100007,100123,111,96,15,2,13
Southeast Corner,Beiyangyuan Campus of Tianjin University,21305.52692,100123,100007,98,73,25,3,22
National Exhibition Centre,Jin Street,21303.98717,100105,100070,22,4,18,11,7
Jin Street,National Exhibition Centre,21303.98717,100070,100105,2,1,1,1,0
Yangwu Zhuang,The Financial University,21303.35686,100169,100132,55,27,28,19,9
The Financial University,Yangwu Zhuang,21303.35686,100132,100169,45,20,25,11,14
Jinghe Road,Xiangshan Road,21295.2911,100071,100151,1,0,1,1,0
Xiangshan Road,Jinghe Road,21295.2911,100151,100071,1,1,0,0,0
Dengzhou South Road,Xuefu Industrial Area,21293.61113,100025,100163,24,2,22,22,0
Xuefu Industrial Area,Dengzhou South Road,21293.61113,100163,100025,23,1,22,21,1
Jiefang South Road,Liuyuan,21292.90891,100068,100091,337,96,241,140,101
Liuyuan,Jiefang South Road,21292.90891,100091,100068,280,76,204,108,96
Beichen Road,Yaohuan Road,21291.79825,100005,100170,17,4,13,10,3
Yaohuan Road,Beichen Road,21291.79825,100170,100005,15,7,8,4,4
University town,Fengchan River,21291.35144,100143,100039,41,14,27,10,17
Fengchan River,University town,21291.35144,100039,100143,37,16,21,11,10
Yingfeng Road,Binhai International Airport,21289.09251,100173,100010,169,39,130,71,59
Binhai International Airport,Yingfeng Road,21289.09251,100010,100173,108,31,77,27,50
Binhai International Airport,Qinjian Road,21282.99069,100010,100113,237,67,170,56,114
Qinjian Road,Binhai International Airport,21282.99069,100113,100010,196,50,146,65,81
Donggu Road,Cultural centre,21280.813,100026,100020,333,175,158,99,59
Cultural centre,Donggu Road,21280.813,100020,100026,295,143,152,81,71
Jingli Road,Dabi Zhuang,21277.91014,100073,100021,11,5,6,5,1
Dabi Zhuang,Jingli Road,21277.91014,100021,100073,9,4,5,2,3
North Beichen Tech Park,Tian Tower,21276.40124,100106,100133,81,11,70,48,22
Tian Tower,North Beichen Tech Park,21276.40124,100133,100106,77,15,62,42,20
National Exhibition Centre,Wujiayao,21275.73882,100105,100150,21,3,18,13,5
Wujiayao,National Exhibition Centre,21275.73882,100150,100105,12,7,5,5,0
Dongli Liujing Road,Guorui Road,21267.93238,100031,100046,1,1,0,0,0
Nanhe Zhuang,Shuanglin,21267.77846,100101,100119,9,4,5,2,3
Shuanglin,Nanhe Zhuang,21267.77846,100119,100101,9,6,3,2,1
Hongqi South Road,Gaozhuangzi,21262.74788,100057,100043,73,18,55,36,19
Gaozhuangzi,Hongqi South Road,21262.74788,100043,100057,73,19,54,40,14
Xiaodong Zhuang,Zhongshan Road,21259.8701,100156,100190,107,22,85,63,22
Zhongshan Road,Xiaodong Zhuang,21259.8701,100190,100156,76,15,61,39,22
Yixingbu North,Xunhai Road,21258.4371,100176,100166,1,0,1,1,0
Xunhai Road,Yixingbu North,21258.4371,100166,100176,1,0,1,0,1
Yingkou Road,Jinnan Campus of Nankai University,21255.10966,100174,100075,336,194,142,44,98
Jinnan Campus of Nankai University,Yingkou Road,21255.10966,100075,100174,299,173,126,51,75
Dongli Liujing Road,Gulou,21254.72316,100031,100045,15,4,11,6,5
Gulou,Dongli Liujing Road,21254.72316,100045,100031,14,6,8,6,2
Liuyuan,Guoshan Road,21252.84194,100091,100047,71,16,55,24,31
Guoshan Road,Liuyuan,21252.84194,100047,100091,71,25,46,19,27
Xinxing Village,Nancuiping,21252.164,100162,100100,1,0,1,1,0
University town,Lilou,21250.46184,100143,100086,134,34,100,51,49
Lilou,University town,21250.46184,100086,100143,119,38,81,58,23
Magangchang,Jiayuan Li,21249.08055,100094,100067,31,7,24,14,10
Jiayuan Li,Magangchang,21249.08055,100067,100094,17,7,10,4,6
Cuifu New Village,National Exhibition Centre,21248.72471,100019,100105,3,0,3,3,0
National Exhibition Centre,Cuifu New Village,21248.72471,100105,100019,2,1,1,1,0
Professional University,Xuelian South Road,21246.77167,100112,100164,12,3,9,8,1
Xuelian South Road,Professional University,21246.77167,100164,100112,9,2,7,6,1
Liulin Road,Xuefu Industrial Area,21246.55958,100089,100163,18,3,15,13,2
Xuefu Industrial Area,Liulin Road,21246.55958,100163,100089,15,1,14,9,5
Xuelian South Road,High-Tech Zone,21238.34251,100164,100054,7,0,7,7,0
High-Tech Zone,Xuelian South Road,21238.34251,100054,100164,1,0,1,0,1
Gaozhuangzi,Zhongshan Road,21226.72558,100043,100190,105,21,84,49,35
Zhongshan Road,Gaozhuangzi,21226.72558,100190,100043,92,34,58,28,30
Chinese Medicine First Affiliated Hospital,Nansun Zhuang,21222.66676,100016,100103,2,2,0,0,0
Nansun Zhuang,Chinese Medicine First Affiliated Hospital,21222.66676,100103,100016,2,2,0,0,0
Beichen Road,Meijiang Park,21220.75621,100005,100096,19,2,17,9,8
Meijiang Park,Beichen Road,21220.75621,100096,100005,8,1,7,3,4
Jianchang Road,Dongli Liujing Road,21215.3315,100063,100031,1,0,1,0,1
Dongli Sanjing Road,Zhongshan Road,21213.81656,100032,100190,4,0,4,4,0
Liulin Road,Nansun Zhuang,21213.14056,100089,100103,1,1,0,0,0
Guorui Road,Zhongshan Gate,21211.22998,100046,100189,12,2,10,5,5
Zhongshan Gate,Guorui Road,21211.22998,100189,100046,9,0,9,7,2
Meijiang Road,Danhebei Road,21210.84135,100097,100022,8,0,8,5,3
Danhebei Road,Meijiang Road,21210.84135,100022,100097,4,1,3,0,3
Qinjian Road,Zhaoyuan Road,21209.27705,100113,100186,10,1,9,5,4
Zhaoyuan Road,Qinjian Road,21209.27705,100186,100113,6,1,5,5,0
Benxi Road,Xuelian South Road,21208.81429,100008,100164,5,2,3,1,2
Xuelian South Road,Benxi Road,21208.81429,100164,100008,5,2,3,1,2
Nanhe Zhuang,Yutai,21205.51933,100101,100183,10,1,9,5,4
Yutai,Nanhe Zhuang,21205.51933,100183,100101,4,0,4,1,3
Fengchan River,Zhanggui Zhuang,21202.56987,100039,100184,10,2,8,7,1
Zhanggui Zhuang,Fengchan River,21202.56987,100184,100039,8,4,4,0,4
Liuyuan,Jinmao Industrial Area,21202.0285,100091,100074,34,3,31,29,2
Jinmao Industrial Area,Liuyuan,21202.0285,100074,100091,33,4,29,24,5
Jiayuan Li,Huanyu Road,21197.50788,100067,100059,10,1,9,9,0
Huanyu Road,Jiayuan Li,21197.50788,100059,100067,7,1,6,5,1
Binhai International Airport,Wangdingdi,21183.2527,100010,100145,98,31,67,27,40
Wangdingdi,Binhai International Airport,21183.2527,100145,100010,84,28,56,30,26
Liuyuan,The Financial University,21179.09865,100091,100132,857,308,549,305,244
The Financial University,Liuyuan,21179.09865,100132,100091,811,209,602,313,289
Beiyangyuan Campus of Tianjin University,Changhong Park,21176.92022,100007,100012,39,20,19,10,9
Changhong Park,Beiyangyuan Campus of Tianjin University,21176.92022,100012,100007,39,21,18,2,16
Ruijing XinYuan,Yuejin North Road,21176.13188,100114,100181,15,8,7,7,0
Yuejin North Road,Ruijing XinYuan,21176.13188,100181,100114,15,9,6,2,4
North Beichen Tech Park,Tumour Hospital,21173.82248,100106,100141,466,46,420,274,146
Tumour Hospital,North Beichen Tech Park,21173.82248,100141,100106,430,42,388,143,245
Beiyangyuan Campus of Tianjin University,North Station,21173.53551,100007,100108,26,11,15,2,13
North Station,Beiyangyuan Campus of Tianjin University,21173.53551,100108,100007,16,7,9,4,5
South Station,Tianshili,21172.7143,100122,100136,148,48,100,56,44
Tianshili,South Station,21172.7143,100136,100122,121,30,91,59,32
Huayuan,Nansun Zhuang,21172.40164,100061,100103,13,1,12,10,2
Nansun Zhuang,Huayuan,21172.40164,100103,100061,13,1,12,11,1
University of Civil Aviation,Bianxing,21169.60317,100142,100009,13,2,11,10,1
Bianxing,University of Civil Aviation,21169.60317,100009,100142,11,4,7,4,3
Jinghe Road,Yixingbu,21167.73617,100071,100175,6,3,3,0,3
Yixingbu,Jinghe Road,21167.73617,100175,100071,3,1,2,1,1
Danhebei Road,Yingfeng Road,21167.1146,100022,100173,13,5,8,4,4
Yingfeng Road,Danhebei Road,21167.1146,100173,100022,5,1,4,4,0
Guorui Road,Sports Centre,21166.79516,100046,100126,5,2,3,3,0
Sports Centre,Guorui Road,21166.79516,100126,100046,3,1,2,0,2
Jingli Road,Jieyuan West Road,21165.5382,100073,100069,48,15,33,18,15
Jieyuan West Road,Jingli Road,21165.5382,100069,100073,39,8,31,21,10
Hehui South Road,Xiaobailou,21163.74698,100052,100154,172,39,133,117,16
Xiaobailou,Hehui South Road,21163.74698,100154,100052,147,28,119,90,29
Bianxing,Jinghe Road,21156.46946,100009,100071,22,6,16,12,4
Jinghe Road,Bianxing,21156.46946,100071,100009,12,5,7,7,0
Dongli Development Zone,Liqi Zhuang South,21156.09338,100030,100088,11,1,10,7,3
Liqi Zhuang South,Dongli Development Zone,21156.09338,100088,100030,3,1,2,1,1
Meilin Road,University of Civil Aviation,21153.26332,100098,100142,7,2,5,2,3
University of Civil Aviation,Meilin Road,21153.26332,100142,100098,7,3,4,2,2
JinZhong Street,Lilou,21152.79467,100080,100086,21,9,12,6,6
Lilou,JinZhong Street,21152.79467,100086,100080,20,5,15,5,10
Fuxing Gate,Xiaodong Zhuang,21151.17134,100041,100156,4,2,2,2,0
Xiaodong Zhuang,Fuxing Gate,21151.17134,100156,100041,3,2,1,1,0
Hongni River East,Yibin Road,21151.02378,100056,100171,7,3,4,2,2
Yibin Road,Hongni River East,21151.02378,100171,100056,5,1,4,3,1
Professional University,University town,21149.1852,100112,100143,160,65,95,60,35
University town,Professional University,21149.1852,100143,100112,150,60,90,35,55
Hehui South Road,Changling Road,21148.90719,100052,100013,16,3,13,11,2
Changling Road,Hehui South Road,21148.90719,100013,100052,14,4,10,6,4
Jinnan Campus of Nankai University,Shiyijing Road,21145.65926,100075,100117,13,2,11,5,6
Shiyijing Road,Jinnan Campus of Nankai University,21145.65926,100117,100075,11,6,5,0,5
Haiguang Temple,Dongli Liujing Road,21144.12527,100048,100031,27,4,23,13,10
Dongli Liujing Road,Haiguang Temple,21144.12527,100031,100048,22,2,20,14,6
Binhai International Airport,Meijiang Park,21143.63547,100010,100096,33,4,29,11,18
Meijiang Park,Binhai International Airport,21143.63547,100096,100010,24,5,19,11,8
Tiantuo,North Beichen Tech Park,21142.81967,100138,100106,29,1,28,14,14
North Beichen Tech Park,Tiantuo,21142.81967,100106,100138,28,9,19,14,5
Lilou,Benxi Road,21139.40091,100086,100008,152,42,110,78,32
Benxi Road,Lilou,21139.40091,100008,100086,136,34,102,63,39
Yingfeng Road,Gaozhuangzi,21136.23428,100173,100043,25,9,16,14,2
Gaozhuangzi,Yingfeng Road,21136.23428,100043,100173,23,4,19,11,8
Ruijing XinYuan,Longhan Road,21128.95683,100114,100092,18,9,9,6,3
Longhan Road,Ruijing XinYuan,21128.95683,100092,100114,13,3,10,9,1
National Exhibition Centre,Tianjin Station,21125.6089,100105,100135,101,25,76,23,53
Tianjin Station,National Exhibition Centre,21125.6089,100135,100105,92,45,47,17,30
Huanyu Road,Cao Zhuang,21120.24718,100059,100011,30,5,25,6,19
Cao Zhuang,Huanyu Road,21120.24718,100011,100059,27,5,22,15,7
Dongli Culture and Sports Centre,Meilin Road,21118.31167,100029,100098,1,0,1,0,1
North China Group,Jiefang South Road,21115.61341,100107,100068,158,62,96,53,43
Jiefang South Road,North China Group,21115.61341,100068,100107,154,49,105,63,42
Liuyuan,Number Two Bridge,21113.86894,100091,100110,154,26,128,65,63
Number Two Bridge,Liuyuan,21113.86894,100110,100091,143,31,112,77,35
Cao Zhuang,Airport Economic Zone,21113.64914,100011,100001,1339,258,1081,740,341
Airport Economic Zone,Cao Zhuang,21113.64914,100001,100011,1251,297,954,602,352
Dabi Zhuang,Youyi South Road,21112.34641,100021,100178,1,1,0,0,0
Hongni River East,Xianyang Road,21111.43961,100056,100153,36,10,26,18,8
Xianyang Road,Hongni River East,21111.43961,100153,100056,16,2,14,8,6
Nanhe Zhuang,Magangchang,21109.43921,100101,100094,2,1,1,0,1
Dengzhou Road,Xuefu Industrial Area,21098.16359,100024,100163,166,8,158,151,7
Xuefu Industrial Area,Dengzhou Road,21098.16359,100163,100024,137,8,129,106,23
Dongli Sanjing Road,Xuzhuangzi,21095.78826,100032,100168,1,1,0,0,0
Lilou,Tianshili,21095.49557,100086,100136,19,4,15,11,4
Tianshili,Lilou,21095.49557,100136,100086,17,3,14,12,2
Minquan Gate,Dongli Liujing Road,21094.74272,100099,100031,5,0,5,5,0
Dongli Liujing Road,Minquan Gate,21094.74272,100031,100099,2,0,2,1,1
Beichen Road,Huashan Li,21093.40905,100005,100060,66,16,50,35,15
Huashan Li,Beichen Road,21093.40905,100060,100005,64,14,50,37,13
Jintang Road,Donggu Road,21093.14676,100077,100026,154,53,101,62,39
Donggu Road,Jintang Road,21093.14676,100026,100077,138,37,101,66,35
Xinli,Bianxing,21091.83621,100161,100009,40,8,32,23,9
Bianxing,Xinli,21091.83621,100009,100161,33,3,30,15,15
Gulou,Xiaodong Zhuang,21090.7054,100045,100156,253,85,168,80,88
Xiaodong Zhuang,Gulou,21090.7054,100156,100045,232,69,163,104,59
Zhanggui Zhuang,Nansun Zhuang,21088.11707,100184,100103,2,1,1,0,1
Xiaodong Zhuang,Tumour Hospital,21088.03635,100156,100141,171,29,142,94,48
Tumour Hospital,Xiaodong Zhuang,21088.03635,100141,100156,148,12,136,72,64
Xunhai Road,West Station,21084.2681,100166,100149,30,13,17,12,5
West Station,Xunhai Road,21084.2681,100149,100166,26,8,18,9,9
South Station,Yueya River,21080.53202,100122,100182,249,67,182,92,90
Yueya River,South Station,21080.53202,100182,100122,227,72,155,107,48
Zhanggui Zhuang,Jingli Road,21078.76135,100184,100073,10,7,3,0,3
Jingli Road,Zhanggui Zhuang,21078.76135,100073,100184,9,5,4,1,3
North China Group,Meilin Road,21078.40178,100107,100098,33,5,28,14,14
Meilin Road,North China Group,21078.40178,100098,100107,29,5,24,14,10
Binhai International Airport,Nansun Zhuang,21076.79288,100010,100103,2,0,2,0,2
Tian Tower,Dongli Sanjing Road,21073.8729,100133,100032,5,0,5,5,0
Dongli Sanjing Road,Tian Tower,21073.8729,100032,100133,1,0,1,0,1
Tucheng,North Beichen Tech Park,21073.60421,100140,100106,102,18,84,51,33
North Beichen Tech Park,Tucheng,21073.60421,100106,100140,97,16,81,56,25
Lilou,Bianxing,21071.45599,100086,100009,42,7,35,23,12
Bianxing,Lilou,21071.45599,100009,100086,31,12,19,16,3
Liaohe North Road,Nanzhu Bridge,21067.2585,100084,100104,6,0,6,0,6
Nanzhu Bridge,Liaohe North Road,21067.2585,100104,100084,2,1,1,0,1
Nanzhu Bridge,Dabi Zhuang,21066.4881,100104,100021,14,3,11,6,5
Dabi Zhuang,Nanzhu Bridge,21066.4881,100021,100104,8,2,6,4,2
Tiantuo,Xunhai Road,21065.95038,100138,100166,3,1,2,1,1
Xunhai Road,Tiantuo,21065.95038,100166,100138,3,0,3,2,1
Tiantai Road,Dongli Culture and Sports Centre,21046.02057,100137,100029,3,1,2,2,0
Binhai International Airport,Yaohuan Road,21033.99611,100010,100170,105,36,69,28,41
Yaohuan Road,Binhai International Airport,21033.99611,100170,100010,99,25,74,27,47
Donggu Road,Laoshan Road,21033.0518,100026,100082,141,39,102,62,40
Laoshan Road,Donggu Road,21033.0518,100082,100026,112,16,96,52,44
Xiaodong Zhuang,Haiguang Temple,21028.11778,100156,100048,135,15,120,86,34
Haiguang Temple,Xiaodong Zhuang,21028.11778,100048,100156,134,17,117,57,60
Meilin Road,Airport Economic Zone,21024.34203,100098,100001,50,3,47,44,3
Airport Economic Zone,Meilin Road,21024.34203,100001,100098,30,5,25,17,8
Binhai International Airport,Jieyuan West Road,21023.5042,100010,100069,435,140,295,96,199
Jieyuan West Road,Binhai International Airport,21023.5042,100069,100010,422,108,314,145,169
Xuzhuangzi,Yangwu Zhuang,21020.4126,100168,100169,41,6,35,34,1
Yangwu Zhuang,Xuzhuangzi,21020.4126,100169,100168,30,5,25,22,3
Liaohe North Road,Dongli Culture and Sports Centre,21019.20015,100084,100029,5,2,3,2,1
Dongli Culture and Sports Centre,Liaohe North Road,21019.20015,100029,100084,3,2,1,0,1
Magangchang,Dongli Development Zone,21016.73931,100094,100030,1,0,1,0,1
Xiangshan Road,North Beichen Tech Park,21013.16644,100151,100106,13,1,12,7,5
North Beichen Tech Park,Xiangshan Road,21013.16644,100106,100151,10,3,7,6,1
Zhigu,Hehui South Road,21012.33549,100188,100052,40,14,26,13,13
Hehui South Road,Zhigu,21012.33549,100052,100188,33,8,25,17,8
North China Group,Dongting Road,21008.88725,100107,100034,10,8,2,1,1
Dongting Road,North China Group,21008.88725,100034,100107,8,5,3,3,0
Yuejin North Road,High-Tech Zone,20995.05965,100181,100054,57,4,53,49,4
High-Tech Zone,Yuejin North Road,20995.05965,100054,100181,47,3,44,33,11
JinZhong Street,Jingli Road,20993.02839,100080,100073,11,1,10,8,2
Jingli Road,JinZhong Street,20993.02839,100073,100080,8,0,8,2,6
Gaozhuangzi,West Station,20992.44847,100043,100149,961,272,689,263,426
West Station,Gaozhuangzi,20992.44847,100149,100043,943,522,421,109,312
Dengzhou South Road,Liuyuan,20989.59171,100025,100091,58,14,44,31,13
Liuyuan,Dengzhou South Road,20989.59171,100091,100025,56,11,45,24,21
Siyuan Road,Hongni River East,20983.92748,100121,100056,1,1,0,0,0
Hongni River East,Siyuan Road,20983.92748,100056,100121,1,0,1,0,1
Yutai,Guorui Road,20975.13709,100183,100046,9,3,6,1,5
Guorui Road,Yutai,20975.13709,100046,100183,8,2,6,3,3
Yuejin North Road,Shuanggang,20973.98398,100181,100118,7,1,6,6,0
Shuanggang,Yuejin North Road,20973.98398,100118,100181,6,1,5,5,0
Dongli Culture and Sports Centre,Yibin Road,20972.68114,100029,100171,7,2,5,4,1
Yibin Road,Dongli Culture and Sports Centre,20972.68114,100171,100029,7,1,6,4,2
Jiangwan Erzhi Road,Nanhe Zhuang,20971.12514,100065,100101,6,2,4,4,0
Nanhe Zhuang,Jiangwan Erzhi Road,20971.12514,100101,100065,5,0,5,5,0
Xiaodian,Zuojiang Road,20965.81632,100155,100192,11,3,8,8,0
Zuojiang Road,Xiaodian,20965.81632,100192,100155,2,0,2,0,2
Zhaoyuan Road,Jieyuan West Road,20959.71834,100186,100069,5,0,5,5,0
Jieyuan West Road,Zhaoyuan Road,20959.71834,100069,100186,4,2,2,1,1
Yangwu Zhuang,Liaohe North Road,20959.36871,100169,100084,20,6,14,10,4
Liaohe North Road,Yangwu Zhuang,20959.36871,100084,100169,12,4,8,2,6
Laoshan Road,Jinghe Road,20954.2878,100082,100071,7,0,7,7,0
Meijiang Exhibition Centre,Gaozhuangzi,20953.61059,100095,100043,7,2,5,3,2
Gaozhuangzi,Meijiang Exhibition Centre,20953.61059,100043,100095,6,0,6,2,4
Jinghe Road,Qinjian Road,20952.07861,100071,100113,24,8,16,8,8
Qinjian Road,Jinghe Road,20952.07861,100113,100071,23,6,17,11,6
Nanlou,Hehui South Road,20951.93243,100102,100052,12,0,12,7,5
Hehui South Road,Nanlou,20951.93243,100052,100102,4,0,4,2,2
Yixingbu,Dongli Development Zone,20944.99015,100175,100030,48,12,36,20,16
Dongli Development Zone,Yixingbu,20944.99015,100030,100175,36,9,27,14,13
Shuanggang,Benxi Road,20942.75847,100118,100008,51,16,35,23,12
Benxi Road,Shuanggang,20942.75847,100008,100118,31,15,16,12,4
Zhongshan Gate,Haihe Education Zone,20941.01045,100189,100050,8,2,6,2,4
Haihe Education Zone,Zhongshan Gate,20941.01045,100050,100189,7,1,6,5,1
Dongli Yijing Road,North Station,20939.73088,100033,100108,3,0,3,2,1
Heping Road,Guorui Road,20937.50768,100053,100046,65,22,43,25,18
Guorui Road,Heping Road,20937.50768,100046,100053,53,14,39,22,17
Yudongcheng,Jingli Road,20934.92975,100180,100073,17,1,16,10,6
Jingli Road,Yudongcheng,20934.92975,100073,100180,14,3,11,7,4
Meijiang Exhibition Centre,Professional University,20933.32603,100095,100112,71,37,34,18,16
Professional University,Meijiang Exhibition Centre,20933.32603,100112,100095,59,29,30,18,12
Dongli Culture and Sports Centre,Xianyang Road,20932.93122,100029,100153,15,7,8,6,2
Xianyang Road,Dongli Culture and Sports Centre,20932.93122,100153,100029,15,4,11,10,1
Xikang Road,Guorui Road,20930.8634,100158,100046,17,7,10,9,1
Guorui Road,Xikang Road,20930.8634,100046,100158,14,3,11,9,2
Professional University,The Financial University,20930.107,100112,100132,58,25,33,10,23
The Financial University,Professional University,20930.107,100132,100112,49,25,24,12,12
Weishan Road,South Station,20929.91797,100148,100122,17,6,11,7,4
South Station,Weishan Road,20929.91797,100122,100148,5,4,1,1,0
Guoshan Road,High-Tech Zone,20928.62077,100047,100054,53,2,51,51,0
High-Tech Zone,Guoshan Road,20928.62077,100054,100047,49,2,47,40,7
Honghu Li,Jingli Road,20924.14058,100055,100073,51,18,33,26,7
Jingli Road,Honghu Li,20924.14058,100073,100055,41,7,34,27,7
Beiyangyuan Campus of Tianjin University,Erwei Road,20923.02196,100007,100036,30,11,19,9,10
Erwei Road,Beiyangyuan Campus of Tianjin University,20923.02196,100036,100007,21,5,16,1,15
Liuyuan,Xuefu Industrial Area,20918.26656,100091,100163,181,15,166,151,15
Xuefu Industrial Area,Liuyuan,20918.26656,100163,100091,159,23,136,115,21
Dongli Yijing Road,Hongqi South Road,20917.90851,100033,100057,1,0,1,0,1
Youyi South Road,Huaihe Road,20917.13006,100178,100058,1,0,1,1,0
Danhebei Road,Wangdingdi,20906.20492,100022,100145,3,3,0,0,0
Wangdingdi,Danhebei Road,20906.20492,100145,100022,2,2,0,0,0
Xinxing Village,Tiantai Road,20903.75276,100162,100137,3,1,2,0,2
Jin Street,Beiyangyuan Campus of Tianjin University,20899.97869,100070,100007,25,15,10,5,5
Beiyangyuan Campus of Tianjin University,Jin Street,20899.97869,100007,100070,10,5,5,0,5
National Exhibition Centre,Jingjiang Road,20896.61403,100105,100072,12,2,10,5,5
Jingjiang Road,National Exhibition Centre,20896.61403,100072,100105,6,1,5,4,1
Zhicheng Road,Jingli Road,20882.74442,100187,100073,23,9,14,8,6
Jingli Road,Zhicheng Road,20882.74442,100073,100187,9,0,9,4,5
Honghu Li,Hongni River East,20882.69565,100055,100056,55,24,31,18,13
Hongni River East,Honghu Li,20882.69565,100056,100055,53,22,31,20,11
Airport Economic Zone,Xinli,20881.43975,100001,100161,42,11,31,11,20
Xinli,Airport Economic Zone,20881.43975,100161,100001,35,11,24,15,9
Xinxing Village,Gaozhuangzi,20873.99464,100162,100043,1,0,1,0,1
Gaozhuangzi,Xinxing Village,20873.99464,100043,100162,1,0,1,0,1
Wujiayao,Beiyangyuan Campus of Tianjin University,20871.73034,100150,100007,40,16,24,5,19
Beiyangyuan Campus of Tianjin University,Wujiayao,20871.73034,100007,100150,31,14,17,7,10
Huaihe Road,Weishan Road,20868.45177,100058,100148,11,0,11,10,1
Weishan Road,Huaihe Road,20868.45177,100148,100058,3,0,3,2,1
Xinli,University of Civil Aviation,20868.15488,100161,100142,5,1,4,0,4
University of Civil Aviation,Xinli,20868.15488,100142,100161,3,1,2,0,2
Chunhai Road,Liaohe North Road,20860.57621,100017,100084,7,1,6,2,4
Liaohe North Road,Chunhai Road,20860.57621,100084,100017,3,0,3,1,2
Yixingbu North,Lilou,20856.406,100176,100086,56,13,43,31,12
Lilou,Yixingbu North,20856.406,100086,100176,52,5,47,26,21
Shuanglin,Huaihe Road,20855.88338,100119,100058,69,14,55,44,11
Huaihe Road,Shuanglin,20855.88338,100058,100119,57,12,45,28,17
South Station,Jiayuan Li,20853.85402,100122,100067,190,57,133,53,80
Jiayuan Li,South Station,20853.85402,100067,100122,142,59,83,53,30
Lushui Road,Huaihe Road,20853.21155,100093,100058,24,2,22,13,9
Huaihe Road,Lushui Road,20853.21155,100058,100093,19,1,18,9,9
Hongni River East,People's Hospital,20852.4452,100056,100111,19,6,13,11,2
People's Hospital,Hongni River East,20852.4452,100111,100056,9,2,7,2,5
Xiawafang,Xianshuigu West,20851.59161,100157,100152,262,45,217,108,109
Xianshuigu West,Xiawafang,20851.59161,100152,100157,248,53,195,143,52
Yibin Road,Xinxing Village,20849.85566,100171,100162,1,0,1,1,0
Xinxing Village,Yibin Road,20849.85566,100162,100171,1,0,1,0,1
Haihe East Road,Benxi Road,20846.78451,100049,100008,1,0,1,1,0
Dongli Liujing Road,Jianguo Road,20844.89352,100031,100064,8,4,4,3,1
Jianguo Road,Dongli Liujing Road,20844.89352,100064,100031,2,1,1,0,1
Zhicheng Road,Dongli Sanjing Road,20841.794,100187,100032,10,0,10,6,4
Dongli Sanjing Road,Zhicheng Road,20841.794,100032,100187,6,1,5,5,0
Dongli Development Zone,Yutai,20840.33345,100030,100183,8,0,8,2,6
Yutai,Dongli Development Zone,20840.33345,100183,100030,7,0,7,6,1
Xiaodong Zhuang,Jin Street,20835.21655,100156,100070,73,16,57,45,12
Jin Street,Xiaodong Zhuang,20835.21655,100070,100156,56,11,45,32,13
Jinnan Campus of Nankai University,Dongxing Road,20834.54095,100075,100035,4,3,1,0,1
Dongxing Road,Jinnan Campus of Nankai University,20834.54095,100035,100075,2,1,1,0,1
Chinese Medicine First Affiliated Hospital,Jinnan Campus of Nankai University,20832.15276,100016,100075,10,1,9,1,8
Jinnan Campus of Nankai University,Chinese Medicine First Affiliated Hospital,20832.15276,100075,100016,10,2,8,3,5
Sports Centre,Xianshuigu West,20826.75791,100126,100152,84,25,59,40,19
Xianshuigu West,Sports Centre,20826.75791,100152,100126,79,21,58,50,8
Huaihe Road,Zhaoyuan Road,20822.97123,100058,100186,1,0,1,0,1
Changhong Park,Xunhai Road,20817.56212,100012,100166,8,1,7,2,5
Xunhai Road,Changhong Park,20817.56212,100166,100012,1,0,1,1,0
Weishan Road,Nanhe Zhuang,20815.54111,100148,100101,5,0,5,5,0
Liuyuan,Liqi Zhuang South,20810.42695,100091,100088,28,4,24,12,12
Liqi Zhuang South,Liuyuan,20810.42695,100088,100091,22,4,18,17,1
Xinxing Village,Xianyang Road,20810.10575,100162,100153,3,0,3,2,1
Xianyang Road,Xinxing Village,20810.10575,100153,100162,1,0,1,1,0
Yibin Road,Dongli Development Zone,20809.96534,100171,100030,51,6,45,35,10
Dongli Development Zone,Yibin Road,20809.96534,100030,100171,43,5,38,24,14
Dongting Road,University of Civil Aviation,20809.23179,100034,100142,3,3,0,0,0
University of Civil Aviation,Dongting Road,20809.23179,100142,100034,2,2,0,0,0
Dongli Development Zone,Meilin Road,20807.58392,100030,100098,24,5,19,17,2
Meilin Road,Dongli Development Zone,20807.58392,100098,100030,18,4,14,11,3
Dongli Sanjing Road,Binhai International Airport,20800.62074,100032,100010,6,2,4,2,2
Binhai International Airport,Dongli Sanjing Road,20800.62074,100010,100032,2,0,2,1,1
Meilin Road,Hongni River East,20799.39131,100098,100056,1,0,1,0,1
Hongni River East,Meilin Road,20799.39131,100056,100098,1,0,1,0,1
Lijiang Road,Jinnan Campus of Nankai University,20790.68184,100085,100075,1,0,1,0,1
Donggu Road,Dongli Yijing Road,20789.63281,100026,100033,14,3,11,9,2
Dongli Yijing Road,Donggu Road,20789.63281,100033,100026,10,3,7,6,1
Ruijing XinYuan,Yangwu Zhuang,20788.90863,100114,100169,40,12,28,25,3
Yangwu Zhuang,Ruijing XinYuan,20788.90863,100169,100114,39,11,28,17,11
Xuzhou Road,Xiaodong Zhuang,20786.39937,100167,100156,5,0,5,2,3
Hongqi South Road,Xinxing Village,20786.3456,100057,100162,4,0,4,4,0
Xinxing Village,Hongqi South Road,20786.3456,100162,100057,3,1,2,2,0
Xueyuan North Road,North China Group,20786.32299,100165,100107,9,2,7,6,1
North China Group,Xueyuan North Road,20786.32299,100107,100165,7,2,5,5,0
Anshan West Road,Binhai International Airport,20785.45407,100003,100010,190,53,137,79,58
Binhai International Airport,Anshan West Road,20785.45407,100010,100003,183,62,121,26,95
Danhebei Road,Ruijing XinYuan,20777.5803,100022,100114,1,1,0,0,0
Xuefu Industrial Area,Jinghe Road,20771.80632,100163,100071,39,2,37,29,8
Jinghe Road,Xuefu Industrial Area,20771.80632,100071,100163,34,1,33,29,4
Xianyang Road,Dongli Development Zone,20770.66589,100153,100030,269,29,240,203,37
Dongli Development Zone,Xianyang Road,20770.66589,100030,100153,191,24,167,120,47
Xinkai River,Hongni River East,20763.92552,100160,100056,3,0,3,3,0
Xueyuan North Road,University town,20760.93458,100165,100143,2,1,1,0,1
Dongli Yijing Road,Northwest Corner,20760.27106,100033,100109,11,1,10,8,2
Northwest Corner,Dongli Yijing Road,20760.27106,100109,100033,7,0,7,5,2
Professional University,Zhanggui Zhuang,20759.72432,100112,100184,87,24,63,29,34
Zhanggui Zhuang,Professional University,20759.72432,100184,100112,70,26,44,24,20
Xunhai Road,JinZhong Street,20754.37798,100166,100080,45,4,41,31,10
JinZhong Street,Xunhai Road,20754.37798,100080,100166,29,13,16,9,7
Weishan Road,Cao Zhuang,20746.41772,100148,100011,19,2,17,12,5
Cao Zhuang,Weishan Road,20746.41772,100011,100148,17,9,8,6,2
Huayuan,Haihe Education Zone,20744.85505,100061,100050,63,5,58,50,8
Haihe Education Zone,Huayuan,20744.85505,100050,100061,53,2,51,44,7
Changling Road,Donggu Road,20744.54233,100013,100026,119,35,84,52,32
Donggu Road,Changling Road,20744.54233,100026,100013,110,33,77,51,26
Shuanglin,Cao Zhuang,20744.10646,100119,100011,262,94,168,117,51
Cao Zhuang,Shuanglin,20744.10646,100011,100119,248,88,160,107,53
Meilin Road,Ruijing XinYuan,20742.21136,100098,100114,22,7,15,7,8
Ruijing XinYuan,Meilin Road,20742.21136,100114,100098,21,9,12,4,8
Yangwu Zhuang,Shaliu South Road,20736.66517,100169,100116,22,1,21,18,3
Shaliu South Road,Yangwu Zhuang,20736.66517,100116,100169,16,3,13,10,3
Nanhe Zhuang,Jinghe Road,20733.57186,100101,100071,21,6,15,12,3
Jinghe Road,Nanhe Zhuang,20733.57186,100071,100101,10,3,7,3,4
National Exhibition Centre,Dengzhou Road,20730.84342,100105,100024,1,0,1,0,1
Heping Road,Haihe Education Zone,20728.21067,100053,100050,48,19,29,18,11
Haihe Education Zone,Heping Road,20728.21067,100050,100053,39,8,31,14,17
Dongli Culture and Sports Centre,Huayuan,20725.07387,100029,100061,18,1,17,13,4
Huayuan,Dongli Culture and Sports Centre,20725.07387,100061,100029,13,2,11,4,7
Haihe Education Zone,Xikang Road,20721.56638,100050,100158,18,1,17,12,5
Xikang Road,Haihe Education Zone,20721.56638,100158,100050,11,2,9,4,5
Liqi Zhuang South,Dabi Zhuang,20719.57622,100088,100021,5,3,2,2,0
Dabi Zhuang,Liqi Zhuang South,20719.57622,100021,100088,4,3,1,1,0
Magangchang,Cao Zhuang,20715.5638,100094,100011,46,16,30,13,17
Cao Zhuang,Magangchang,20715.5638,100011,100094,35,7,28,16,12
Dongli Culture and Sports Centre,Fuxing Road,20712.82075,100029,100042,3,2,1,1,0
Fuxing Road,Dongli Culture and Sports Centre,20712.82075,100042,100029,2,0,2,2,0
Hongni River East,Minquan Gate,20703.07649,100056,100099,6,0,6,2,4
Minquan Gate,Hongni River East,20703.07649,100099,100056,4,2,2,0,2
Anshan Road,Guorui Road,20697.94962,100002,100046,92,22,70,23,47
Guorui Road,Anshan Road,20697.94962,100046,100002,87,14,73,41,32
Second hospital of the Medical University,Dongli Liujing Road,20697.21807,100115,100031,1,0,1,1,0
Wanshan Road,Xuefu Industrial Area,20694.78073,100146,100163,10,0,10,9,1
Xuefu Industrial Area,Wanshan Road,20694.78073,100163,100146,3,0,3,3,0
Number Two Bridge,Beichen Road,20694.41759,100110,100005,49,15,34,25,9
Beichen Road,Number Two Bridge,20694.41759,100005,100110,44,10,34,23,11
North China Group,University of Civil Aviation,20690.44787,100107,100142,32,12,20,14,6
University of Civil Aviation,North China Group,20690.44787,100142,100107,27,11,16,3,13
Binhai International Airport,Lingbin Road,20689.84588,100010,100087,115,29,86,9,77
Lingbin Road,Binhai International Airport,20689.84588,100087,100010,87,37,50,25,25
Dabi Zhuang,Xinli,20686.84972,100021,100161,43,12,31,16,15
Xinli,Dabi Zhuang,20686.84972,100161,100021,40,13,27,12,15
Hongqi South Road,Jinnan Campus of Nankai University,20686.42429,100057,100075,134,44,90,56,34
Jinnan Campus of Nankai University,Hongqi South Road,20686.42429,100075,100057,130,39,91,44,47
Nanzhu Bridge,Tianshili,20684.9984,100104,100136,8,2,6,5,1
Tianshili,Nanzhu Bridge,20684.9984,100136,100104,1,0,1,0,1
Xuelian South Road,Bianxing,20684.85754,100164,100009,1,0,1,0,1
Tianshili,Shuanggang,20681.7062,100136,100118,4,2,2,1,1
Shuanggang,Tianshili,20681.7062,100118,100136,3,2,1,0,1
Dongting Road,Airport Economic Zone,20680.3105,100034,100001,13,5,8,3,5
Airport Economic Zone,Dongting Road,20680.3105,100001,100034,13,6,7,3,4
Jingli Road,Shaliu South Road,20675.26391,100073,100116,3,2,1,1,0
Shaliu South Road,Jingli Road,20675.26391,100116,100073,1,1,0,0,0
Xuefu Industrial Area,Fangshan Road,20675.0759,100163,100038,6,0,6,6,0
Fangshan Road,Xuefu Industrial Area,20675.0759,100038,100163,1,0,1,1,0
Dongli Culture and Sports Centre,People's Hospital,20674.10255,100029,100111,3,2,1,1,0
People's Hospital,Dongli Culture and Sports Centre,20674.10255,100111,100029,1,0,1,1,0
Fengchan River,Changling Road,20671.82426,100039,100013,6,2,4,4,0
Changling Road,Fengchan River,20671.82426,100013,100039,6,2,4,2,2
Xinli,Nanzhu Bridge,20669.8699,100161,100104,1,0,1,0,1
Guoshan Road,Dongli Development Zone,20669.64946,100047,100030,7,4,3,2,1
Dongli Development Zone,Guoshan Road,20669.64946,100030,100047,5,3,2,1,1
JinZhong River Street,Beiyangyuan Campus of Tianjin University,20669.61614,100079,100007,12,8,4,4,0
Beiyangyuan Campus of Tianjin University,JinZhong River Street,20669.61614,100007,100079,10,4,6,1,5
Xuefu Industrial Area,Laoshan Road,20668.90635,100163,100082,73,3,70,64,6
Laoshan Road,Xuefu Industrial Area,20668.90635,100082,100163,64,1,63,61,2
Yueya River,Gaozhuangzi,20664.50662,100182,100043,60,17,43,22,21
Gaozhuangzi,Yueya River,20664.50662,100043,100182,60,12,48,16,32
National Exhibition Centre,Haiguang Temple,20664.12691,100105,100048,41,5,36,20,16
Haiguang Temple,National Exhibition Centre,20664.12691,100048,100105,25,3,22,11,11
National Exhibition Centre,Jinwan Square,20660.04186,100105,100078,19,10,9,2,7
Jinwan Square,National Exhibition Centre,20660.04186,100078,100105,16,14,2,1,1
Beiyangyuan Campus of Tianjin University,Tianjin Station,20658.88399,100007,100135,383,145,238,87,151
Tianjin Station,Beiyangyuan Campus of Tianjin University,20658.88399,100135,100007,292,132,160,61,99
Binhai International Airport,Zhanggui Zhuang,20656.95249,100010,100184,74,18,56,29,27
Zhanggui Zhuang,Binhai International Airport,20656.95249,100184,100010,61,16,45,27,18
North Beichen Tech Park,Wujiayao,20655.62789,100106,100150,106,18,88,78,10
Wujiayao,North Beichen Tech Park,20655.62789,100150,100106,85,15,70,43,27
Benxi Road,North Beichen Tech Park,20655.20604,100008,100106,6,2,4,0,4
North Beichen Tech Park,Benxi Road,20655.20604,100106,100008,5,1,4,3,1
Nansun Zhuang,Huashan Li,20654.36199,100103,100060,5,2,3,1,2
Huashan Li,Nansun Zhuang,20654.36199,100060,100103,3,1,2,2,0
Lingbin Road,Xiaodian,20652.44872,100087,100155,15,3,12,10,2
Xiaodian,Lingbin Road,20652.44872,100155,100087,11,1,10,7,3
South Station,Yixingbu,20651.8071,100122,100175,299,81,218,102,116
Yixingbu,South Station,20651.8071,100175,100122,233,78,155,89,66
Danhebei Road,Dengzhou South Road,20651.56433,100022,100025,2,0,2,2,0
Dengzhou South Road,Danhebei Road,20651.56433,100025,100022,2,0,2,2,0
National Exhibition Centre,Liqi Zhuang South,20641.90914,100105,100088,5,0,5,0,5
Jiayuan Li,Weishan Road,20640.17886,100067,100148,6,2,4,1,3
Weishan Road,Jiayuan Li,20640.17886,100148,100067,4,2,2,1,1
Yutai,Liuyuan,20639.31029,100183,100091,35,16,19,10,9
Liuyuan,Yutai,20639.31029,100091,100183,27,16,11,4,7
Dabi Zhuang,Dongli Culture and Sports Centre,20632.17419,100021,100029,13,7,6,2,4
Dongli Culture and Sports Centre,Dabi Zhuang,20632.17419,100029,100021,2,1,1,0,1
Dongli Yijing Road,Guangkaisima Road,20627.41683,100033,100044,6,0,6,6,0
Yixingbu North,Shuanggang,20625.51683,100176,100118,26,8,18,9,9
Shuanggang,Yixingbu North,20625.51683,100118,100176,23,6,17,13,4
Beiyangyuan Campus of Tianjin University,Beining Park,20625.3323,100007,100006,17,6,11,3,8
Beining Park,Beiyangyuan Campus of Tianjin University,20625.3323,100006,100007,5,3,2,0,2
Dongli Liujing Road,Xikang Road,20624.13283,100031,100158,1,0,1,0,1
North Beichen Tech Park,Dengzhou Road,20623.33045,100106,100024,31,8,23,16,7
Dengzhou Road,North Beichen Tech Park,20623.33045,100024,100106,25,3,22,18,4
Beiyangyuan Campus of Tianjin University,Taichang Road,20622.54082,100007,100128,41,27,14,7,7
Taichang Road,Beiyangyuan Campus of Tianjin University,20622.54082,100128,100007,36,22,14,3,11
Guorui Road,Chenglin Road,20621.76696,100046,100014,17,3,14,13,1
Chenglin Road,Guorui Road,20621.76696,100014,100046,10,4,6,6,0
Jianchang Road,Hongni River East,20620.78387,100063,100056,6,2,4,2,2
Hongni River East,Jianchang Road,20620.78387,100056,100063,6,3,3,3,0
South Station,Zhicheng Road,20617.23859,100122,100187,57,21,36,17,19
Zhicheng Road,South Station,20617.23859,100187,100122,45,12,33,24,9
Jiefang South Road,University of Civil Aviation,20612.4584,100068,100142,19,7,12,4,8
University of Civil Aviation,Jiefang South Road,20612.4584,100142,100068,18,8,10,5,5
Wandong Road,Donggu Road,20611.63308,100144,100026,44,14,30,20,10
Donggu Road,Wandong Road,20611.63308,100026,100144,29,11,18,15,3
Dongli Development Zone,Jiangwan Erzhi Road,20605.93926,100030,100065,8,0,8,6,2
Jiangwan Erzhi Road,Dongli Development Zone,20605.93926,100065,100030,8,2,6,6,0
Jinnan Campus of Nankai University,Yaohuan Road,20603.23106,100075,100170,3,1,2,1,1
Yaohuan Road,Jinnan Campus of Nankai University,20603.23106,100170,100075,3,2,1,0,1
Xunhai Road,Yizhongxin Hospital,20600.70203,100166,100177,11,3,8,5,3
Wangdingdi,Dongli Development Zone,20599.52034,100145,100030,74,11,63,51,12
Dongli Development Zone,Wangdingdi,20599.52034,100030,100145,51,14,37,33,4
Shuanglin,Jiayuan Li,20598.43378,100119,100067,175,46,129,82,47
Jiayuan Li,Shuanglin,20598.43378,100067,100119,166,49,117,84,33
Nancuiping,Hehui South Road,20597.59746,100100,100052,56,28,28,16,12
Hehui South Road,Nancuiping,20597.59746,100052,100100,46,17,29,16,13
Jintang Road,Jinnan Campus of Nankai University,20596.12424,100077,100075,13,4,9,5,4
Jinnan Campus of Nankai University,Jintang Road,20596.12424,100075,100077,5,4,1,0,1
Guorui Road,Dawang Zhuang,20593.25437,100046,100023,6,1,5,5,0
Dawang Zhuang,Guorui Road,20593.25437,100023,100046,3,0,3,2,1
Wangdingdi,Hongni River East,20591.32772,100145,100056,7,1,6,5,1
Hongni River East,Wangdingdi,20591.32772,100056,100145,6,1,5,4,1
Dongli Culture and Sports Centre,Anshan West Road,20589.49332,100029,100003,11,2,9,2,7
Anshan West Road,Dongli Culture and Sports Centre,20589.49332,100003,100029,1,0,1,1,0
Haihe Education Zone,Anshan West Road,20582.9246,100050,100003,110,22,88,64,24
Anshan West Road,Haihe Education Zone,20582.9246,100003,100050,73,13,60,37,23
Liaohe North Road,Xinli,20579.56877,100084,100161,19,9,10,8,2
Xinli,Liaohe North Road,20579.56877,100161,100084,16,2,14,7,7
Dongli Culture and Sports Centre,Jiefang South Road,20577.50675,100029,100068,3,0,3,3,0
Jiefang South Road,Dongli Culture and Sports Centre,20577.50675,100068,100029,2,0,2,1,1
Huashan Li,Fengchan River,20577.11406,100060,100039,20,5,15,11,4
Fengchan River,Huashan Li,20577.11406,100039,100060,13,1,12,8,4
North China Group,High-Tech Zone,20576.95513,100107,100054,317,123,194,133,61
High-Tech Zone,North China Group,20576.95513,100054,100107,288,78,210,125,85
Guorui Road,Lingbin Road,20575.63364,100046,100087,6,0,6,1,5
Lingbin Road,Guorui Road,20575.63364,100087,100046,4,0,4,3,1
Beiyangyuan Campus of Tianjin University,Minquan Gate,20573.78029,100007,100099,8,3,5,2,3
Minquan Gate,Beiyangyuan Campus of Tianjin University,20573.78029,100099,100007,6,1,5,4,1
Tucheng,Jinnan Campus of Nankai University,20573.77478,100140,100075,3,3,0,0,0
Jinnan Campus of Nankai University,Tucheng,20573.77478,100075,100140,2,1,1,1,0
University of Civil Aviation,Huayuan,20573.58795,100142,100061,77,13,64,44,20
Huayuan,University of Civil Aviation,20573.58795,100061,100142,46,8,38,23,15
Xiaodian,Number Two Bridge,20571.48239,100155,100110,31,6,25,19,6
Number Two Bridge,Xiaodian,20571.48239,100110,100155,29,5,24,24,0
Yingfeng Road,Dongli Yijing Road,20556.74033,100173,100033,1,0,1,1,0
Fuxing Road,Dongli Development Zone,20551.66047,100042,100030,50,5,45,27,18
Dongli Development Zone,Fuxing Road,20551.66047,100030,100042,44,9,35,22,13
National Exhibition Centre,Tumour Hospital,20551.65507,100105,100141,12,4,8,7,1
Tumour Hospital,National Exhibition Centre,20551.65507,100141,100105,7,4,3,1,2
Xinxing Village,People's Hospital,20551.27708,100162,100111,6,0,6,6,0
People's Hospital,Xinxing Village,20551.27708,100111,100162,2,0,2,2,0
North China Group,Meijiang Exhibition Centre,20550.41242,100107,100095,123,45,78,41,37
Meijiang Exhibition Centre,North China Group,20550.41242,100095,100107,110,42,68,32,36
Binhai International Airport,Hongqi South Road,20548.04849,100010,100057,383,122,261,87,174
Hongqi South Road,Binhai International Airport,20548.04849,100057,100010,344,104,240,113,127
North Beichen Tech Park,Cultural centre,20542.78247,100106,100020,201,72,129,90,39
Cultural centre,North Beichen Tech Park,20542.78247,100020,100106,173,66,107,63,44
Dongli Development Zone,Anshan West Road,20542.49516,100030,100003,152,23,129,93,36
Anshan West Road,Dongli Development Zone,20542.49516,100003,100030,152,26,126,85,41
Xianshuigu West,Water Park Road East,20536.60931,100152,100147,640,290,350,182,168
Water Park Road East,Xianshuigu West,20536.60931,100147,100152,624,260,364,213,151
Anshan West Road,Hongni River East,20534.30255,100003,100056,17,3,14,10,4
Hongni River East,Anshan West Road,20534.30255,100056,100003,14,2,12,10,2
Xiaodian,Fuxing Gate,20533.88962,100155,100041,30,5,25,14,11
Fuxing Gate,Xiaodian,20533.88962,100041,100155,25,4,21,11,10
Yudongcheng,Yangwu Zhuang,20533.20333,100180,100169,80,16,64,50,14
Yangwu Zhuang,Yudongcheng,20533.20333,100169,100180,80,15,65,59,6
North Beichen Tech Park,Anshan West Road,20528.64101,100106,100003,75,9,66,49,17
Anshan West Road,North Beichen Tech Park,20528.64101,100003,100106,64,14,50,30,20
Dongli Sanjing Road,Southwest corner,20526.74068,100032,100124,10,0,10,8,2
Southwest corner,Dongli Sanjing Road,20526.74068,100124,100032,7,0,7,3,4
Gaozhuangzi,Zhou and Deng Memorial Museum,20523.38646,100043,100191,87,24,63,41,22
Zhou and Deng Memorial Museum,Gaozhuangzi,20523.38646,100191,100043,75,16,59,40,19
Dongli Development Zone,People's Hospital,20511.38676,100030,100111,98,15,83,58,25
People's Hospital,Dongli Development Zone,20511.38676,100111,100030,92,9,83,58,25
Tiantuo,University of Civil Aviation,20508.18433,100138,100142,39,3,36,23,13
University of Civil Aviation,Tiantuo,20508.18433,100142,100138,34,3,31,20,11
Meilin Road,Huaihe Road,20502.90618,100098,100058,27,6,21,18,3
Huaihe Road,Meilin Road,20502.90618,100058,100098,23,3,20,14,6
Fangshan Road,Jinghe Road,20501.07311,100038,100071,1,1,0,0,0
Dongli Sanjing Road,Beining Park,20500.03076,100032,100006,4,0,4,3,1
Xinkai River,Xunhai Road,20495.2325,100160,100166,3,1,2,0,2
Xunhai Road,Xinkai River,20495.2325,100166,100160,1,1,0,0,0
Haihe Education Zone,Anshan Road,20494.83833,100050,100002,25,7,18,12,6
Anshan Road,Haihe Education Zone,20494.83833,100002,100050,17,2,15,4,11
University town,Dabi Zhuang,20492.82471,100143,100021,110,25,85,47,38
Dabi Zhuang,University town,20492.82471,100021,100143,103,44,59,30,29
Shuanggang,Yangwu Zhuang,20485.97606,100118,100169,20,4,16,12,4
Yangwu Zhuang,Shuanggang,20485.97606,100169,100118,20,3,17,13,4
Jiefang South Road,Airport Economic Zone,20483.53711,100068,100001,137,32,105,68,37
Airport Economic Zone,Jiefang South Road,20483.53711,100001,100068,121,27,94,54,40
Zhangxing Zhuang,Jinghe Road,20483.2561,100185,100071,14,3,11,9,2
Jinghe Road,Zhangxing Zhuang,20483.2561,100071,100185,10,3,7,6,1
Bianxing,Danhebei Road,20481.58121,100009,100022,1,0,1,1,0
University of Civil Aviation,Qinjian Road,20480.07357,100142,100113,36,16,20,14,6
Qinjian Road,University of Civil Aviation,20480.07357,100113,100142,33,16,17,7,10
Dongting Road,Ruijing XinYuan,20474.88659,100034,100114,16,4,12,8,4
Ruijing XinYuan,Dongting Road,20474.88659,100114,100034,16,5,11,10,1
Chunhai Road,Dabi Zhuang,20473.55025,100017,100021,7,1,6,4,2
Dabi Zhuang,Chunhai Road,20473.55025,100021,100017,3,0,3,2,1
Jingjiang Road,Beiyangyuan Campus of Tianjin University,20469.12059,100072,100007,24,6,18,9,9
Beiyangyuan Campus of Tianjin University,Jingjiang Road,20469.12059,100007,100072,16,0,16,7,9
Xunhai Road,Zhou and Deng Memorial Museum,20466.27598,100166,100191,1,0,1,0,1
Dongli Development Zone,Dongting Road,20463.55239,100030,100034,21,7,14,14,0
Dongting Road,Dongli Development Zone,20463.55239,100034,100030,15,7,8,8,0
Hongqi South Road,Danhebei Road,20461.88889,100057,100022,10,3,7,6,1
Danhebei Road,Hongqi South Road,20461.88889,100022,100057,7,3,4,1,3
Danhebei Road,Lingbin Road,20459.85418,100022,100087,14,2,12,9,3
Lingbin Road,Danhebei Road,20459.85418,100087,100022,9,1,8,3,5
North China Group,Liulin Road,20458.48098,100107,100089,154,73,81,42,39
Liulin Road,North China Group,20458.48098,100089,100107,141,41,100,32,68
Dongli Liujing Road,Southeast Corner,20457.48382,100031,100123,15,6,9,4,5
Southeast Corner,Dongli Liujing Road,20457.48382,100123,100031,9,2,7,6,1
Hongni River East,Dongting Road,20455.35978,100056,100034,1,1,0,0,0
Dongli Sanjing Road,Nancuiping,20451.67707,100032,100100,1,0,1,1,0
Beichen Road,Cao Zhuang,20450.99236,100005,100011,80,25,55,28,27
Cao Zhuang,Beichen Road,20450.99236,100011,100005,80,29,51,26,25
Huanyu Road,Fengchan River,20450.03228,100059,100039,5,0,5,5,0
Yangwu Zhuang,Yihao Bridge,20449.23565,100169,100172,27,8,19,16,3
Yihao Bridge,Yangwu Zhuang,20449.23565,100172,100169,26,8,18,12,6
Dongli Development Zone,Bei Zhulin,20448.0842,100030,100004,8,5,3,3,0
Bei Zhulin,Dongli Development Zone,20448.0842,100004,100030,6,2,4,2,2
Xuefu Industrial Area,Number Two Bridge,20446.76389,100163,100110,101,5,96,79,17
Number Two Bridge,Xuefu Industrial Area,20446.76389,100110,100163,89,9,80,75,5
Xuefu Industrial Area,The Financial University,20440.08822,100163,100132,109,7,102,80,22
The Financial University,Xuefu Industrial Area,20440.08822,100132,100163,102,12,90,85,5
Professional University,Chinese Medicine First Affiliated Hospital,20435.85071,100112,100016,105,28,77,47,30
Chinese Medicine First Affiliated Hospital,Professional University,20435.85071,100016,100112,77,25,52,27,25
Junliangcheng,Zhigu,20434.07427,100081,100188,394,106,288,181,107
Zhigu,Junliangcheng,20434.07427,100188,100081,332,90,242,160,82
Xinli,Qinjian Road,20432.62496,100161,100113,113,25,88,75,13
Qinjian Road,Xinli,20432.62496,100113,100161,89,11,78,49,29
Dongli Yijing Road,Zhongshan Road,20426.21069,100033,100190,2,0,2,0,2
Liqi Zhuang South,Airport Economic Zone,20419.85395,100088,100001,17,5,12,6,6
Airport Economic Zone,Liqi Zhuang South,20419.85395,100001,100088,11,2,9,6,3
Changling Road,Beichen Road,20418.22683,100013,100005,99,24,75,43,32
Beichen Road,Changling Road,20418.22683,100005,100013,96,31,65,35,30
Chinese Medicine First Affiliated Hospital,North China Group,20418.15613,100016,100107,190,60,130,38,92
North China Group,Chinese Medicine First Affiliated Hospital,20418.15613,100107,100016,175,56,119,62,57
Huaihe Road,Dongting Road,20415.59195,100058,100034,6,3,3,1,2
Dongting Road,Huaihe Road,20415.59195,100034,100058,4,2,2,2,0
Chenglin Road,Haihe Education Zone,20410.52675,100014,100050,13,2,11,7,4
Haihe Education Zone,Chenglin Road,20410.52675,100050,100014,6,0,6,3,3
Liuyuan,Xiangshan Road,20408.8198,100091,100151,112,27,85,58,27
Xiangshan Road,Liuyuan,20408.8198,100151,100091,98,22,76,38,38
Jiayuan Li,Nanzhu Bridge,20407.79335,100067,100104,29,12,17,16,1
Nanzhu Bridge,Jiayuan Li,20407.79335,100104,100067,27,7,20,15,5
Liuyuan,Wanshan Road,20407.2838,100091,100146,15,5,10,5,5
Wanshan Road,Liuyuan,20407.2838,100146,100091,12,6,6,3,3
Beichen Road,Airport Economic Zone,20405.58336,100005,100001,179,44,135,95,40
Airport Economic Zone,Beichen Road,20405.58336,100001,100005,163,40,123,75,48
South Station,JinZhong River Street,20405.52119,100122,100079,278,69,209,90,119
JinZhong River Street,South Station,20405.52119,100079,100122,203,63,140,85,55
Liuyuan,Jiangwan Erzhi Road,20404.9161,100091,100065,39,15,24,13,11
Jiangwan Erzhi Road,Liuyuan,20404.9161,100065,100091,35,11,24,15,9
South Station,Fuxing Gate,20404.29216,100122,100041,338,106,232,123,109
Fuxing Gate,South Station,20404.29216,100041,100122,266,68,198,106,92
Liuyuan,Meijiang Exhibition Centre,20401.22408,100091,100095,306,114,192,124,68
Meijiang Exhibition Centre,Liuyuan,20401.22408,100095,100091,270,103,167,106,61
Xiaodong Zhuang,Xikang Road,20398.95195,100156,100158,105,15,90,66,24
Xikang Road,Xiaodong Zhuang,20398.95195,100158,100156,102,17,85,52,33
Fuxing Gate,Beiyangyuan Campus of Tianjin University,20397.08435,100041,100007,1,1,0,0,0
Beiyangyuan Campus of Tianjin University,Fuxing Gate,20397.08435,100007,100041,1,1,0,0,0
Cao Zhuang,Liulin Road,20395.68586,100011,100089,170,69,101,51,50
Liulin Road,Cao Zhuang,20395.68586,100089,100011,155,52,103,33,70
Dongli Development Zone,Shuanglin,20395.26922,100030,100119,10,4,6,3,3
Shuanglin,Dongli Development Zone,20395.26922,100119,100030,10,6,4,2,2
Magangchang,Liaohe North Road,20395.26305,100094,100084,6,0,6,2,4
Liaohe North Road,Magangchang,20395.26305,100084,100094,2,0,2,2,0
Lijiang Road,Professional University,20394.40409,100085,100112,14,6,8,3,5
Professional University,Lijiang Road,20394.40409,100112,100085,13,4,9,5,4
Lijiang Road,North China Group,20392.7242,100085,100107,128,3,125,16,109
North China Group,Lijiang Road,20392.7242,100107,100085,118,82,36,23,13
Yutai,Dabi Zhuang,20391.28759,100183,100021,10,4,6,4,2
Dabi Zhuang,Yutai,20391.28759,100021,100183,5,2,3,3,0
Xiaodian,Airport Economic Zone,20390.20049,100155,100001,38,7,31,26,5
Airport Economic Zone,Xiaodian,20390.20049,100001,100155,38,9,29,24,5
Fangshan Road,Liuyuan,20387.57897,100038,100091,43,14,29,23,6
Liuyuan,Fangshan Road,20387.57897,100091,100038,35,9,26,18,8
Binhai International Airport,North China Group,20385.43965,100010,100107,318,93,225,58,167
North China Group,Binhai International Airport,20385.43965,100107,100010,224,66,158,68,90
Xingfu Park,Xiaodong Zhuang,20384.51573,100159,100156,78,18,60,41,19
Xiaodong Zhuang,Xingfu Park,20384.51573,100156,100159,70,16,54,33,21
Second hospital of the Medical University,Xiaodong Zhuang,20381.99645,100115,100156,18,5,13,7,6
Xiaodong Zhuang,Second hospital of the Medical University,20381.99645,100156,100115,18,5,13,8,5
Guorui Road,Tianjin Hotel,20380.54446,100046,100134,13,7,6,5,1
Tianjin Hotel,Guorui Road,20380.54446,100134,100046,12,4,8,8,0
Shuanglin,High-Tech Zone,20377.26112,100119,100054,158,42,116,91,25
High-Tech Zone,Shuanglin,20377.26112,100054,100119,154,31,123,91,32
Danhebei Road,Chentang Zhuang,20373.79839,100022,100015,10,3,7,6,1
Chentang Zhuang,Danhebei Road,20373.79839,100015,100022,3,0,3,3,0
Yixingbu North,Nanzhu Bridge,20370.86011,100176,100104,33,8,25,18,7
Nanzhu Bridge,Yixingbu North,20370.86011,100104,100176,22,1,21,16,5
Beichen Road,Zuojiang Road,20368.96983,100005,100192,26,8,18,9,9
Zuojiang Road,Beichen Road,20368.96983,100192,100005,19,6,13,4,9
Youyi South Road,Ruijing XinYuan,20367.74253,100178,100114,3,0,3,1,2
Ruijing XinYuan,Youyi South Road,20367.74253,100114,100178,3,2,1,1,0
Jinghe Road,Dabi Zhuang,20365.18355,100071,100021,6,2,4,0,4
Dabi Zhuang,Jinghe Road,20365.18355,100021,100071,3,1,2,0,2
Nansun Zhuang,Ruijing XinYuan,20361.88229,100103,100114,6,2,4,3,1
Ruijing XinYuan,Nansun Zhuang,20361.88229,100114,100103,2,1,1,1,0
Tian Tower,Beiyangyuan Campus of Tianjin University,20360.41194,100133,100007,189,96,93,33,60
Beiyangyuan Campus of Tianjin University,Tian Tower,20360.41194,100007,100133,95,45,50,18,32
Dongli Development Zone,Xuzhuangzi,20359.51834,100030,100168,22,2,20,15,5
Xuzhuangzi,Dongli Development Zone,20359.51834,100168,100030,21,4,17,12,5
Dongli Sanjing Road,Erwei Road,20354.41836,100032,100036,3,0,3,1,2
Professional University,Hangshuang Road,20351.71173,100112,100051,10,4,6,5,1
Hangshuang Road,Professional University,20351.71173,100051,100112,8,3,5,4,1
Benxi Road,Hangshuang Road,20342.80939,100008,100051,38,9,29,25,4
Hangshuang Road,Benxi Road,20342.80939,100051,100008,34,7,27,23,4
National Exhibition Centre,Sports Centre,20340.74691,100105,100126,9,9,0,0,0
Sports Centre,National Exhibition Centre,20340.74691,100126,100105,1,0,1,1,0
Anshan Road,Dongli Liujing Road,20339.49745,100002,100031,11,0,11,6,5
Dongli Liujing Road,Anshan Road,20339.49745,100031,100002,5,1,4,2,2
Cuifu New Village,Xiaodong Zhuang,20338.39253,100019,100156,10,2,8,7,1
Xiaodong Zhuang,Cuifu New Village,20338.39253,100156,100019,6,3,3,1,2
Nancuiping,Gaozhuangzi,20337.57606,100100,100043,12,5,7,5,2
Gaozhuangzi,Nancuiping,20337.57606,100043,100100,4,3,1,1,0
Jianchang Road,Yangwu Zhuang,20336.91336,100063,100169,3,1,2,1,1
Yangwu Zhuang,Jianchang Road,20336.91336,100169,100063,3,2,1,0,1
Liuyuan,Yihao Bridge,20335.69073,100091,100172,150,53,97,78,19
Yihao Bridge,Liuyuan,20335.69073,100172,100091,134,24,110,57,53
Zhongshan Gate,National Exhibition Centre,20331.03394,100189,100105,3,3,0,0,0
Dongli Culture and Sports Centre,Foreign Languages High School,20328.57216,100029,100040,1,0,1,0,1
Lushui Road,Jiayuan Li,20327.24618,100093,100067,35,10,25,16,9
Jiayuan Li,Lushui Road,20327.24618,100067,100093,23,11,12,6,6
Donggu Road,Southwest Tower,20323.9416,100026,100125,218,36,182,130,52
Southwest Tower,Donggu Road,20323.9416,100125,100026,214,46,168,94,74
Dongli Sanjing Road,Wujiayao,20323.26029,100032,100150,20,0,20,19,1
Wujiayao,Dongli Sanjing Road,20323.26029,100150,100032,14,0,14,14,0
Haihe Education Zone,Dawang Zhuang,20323.03484,100050,100023,14,1,13,12,1
Dawang Zhuang,Haihe Education Zone,20323.03484,100023,100050,12,1,11,10,1
Haihe East Road,Bianxing,20322.82776,100049,100009,1,0,1,0,1
JinZhong Street,High-Tech Zone,20322.38769,100080,100054,75,16,59,53,6
High-Tech Zone,JinZhong Street,20322.38769,100054,100080,63,7,56,39,17
Magangchang,South Station,20321.48567,100094,100122,33,12,21,13,8
South Station,Magangchang,20321.48567,100122,100094,32,11,21,7,14
JinZhong Street,Youyi South Road,20319.02732,100080,100178,6,0,6,1,5
Youyi South Road,JinZhong Street,20319.02732,100178,100080,5,0,5,5,0
Changling Road,Binhai International Airport,20316.55773,100013,100010,192,55,137,54,83
Binhai International Airport,Changling Road,20316.55773,100010,100013,174,41,133,41,92
Fuxing Road,Hongni River East,20312.76548,100042,100056,11,3,8,5,3
Hongni River East,Fuxing Road,20312.76548,100056,100042,6,0,6,3,3
Shuanglin,Jinghe Road,20311.35214,100119,100071,1,1,0,0,0
Jinghe Road,Shuanglin,20311.35214,100071,100119,1,1,0,0,0
Yuejin North Road,Xiaodian,20307.53785,100181,100155,1,1,0,0,0
Lingbin Road,Hehui South Road,20304.6371,100087,100052,27,7,20,15,5
Hehui South Road,Lingbin Road,20304.6371,100052,100087,23,6,17,15,2
Xinli,Lilou,20304.39118,100161,100086,3,0,3,1,2
Lilou,Xinli,20304.39118,100086,100161,3,0,3,0,3
Huashan Li,Yangwu Zhuang,20303.01189,100060,100169,52,12,40,34,6
Yangwu Zhuang,Huashan Li,20303.01189,100169,100060,50,10,40,30,10
Zhanggui Zhuang,Jiayuan Li,20302.66828,100184,100067,49,12,37,22,15
Jiayuan Li,Zhanggui Zhuang,20302.66828,100067,100184,42,11,31,14,17
Ruijing XinYuan,Jiefang South Road,20300.28234,100114,100068,138,35,103,59,44
Jiefang South Road,Ruijing XinYuan,20300.28234,100068,100114,120,34,86,44,42
Danhebei Road,Water Park Road East,20299.5197,100022,100147,3,2,1,0,1
Water Park Road East,Danhebei Road,20299.5197,100147,100022,2,2,0,0,0
Southeast Corner,Xiaodong Zhuang,20297.14658,100123,100156,244,69,175,76,99
Xiaodong Zhuang,Southeast Corner,20297.14658,100156,100123,243,78,165,108,57
Xueyuan North Road,Jieyuan West Road,20294.45662,100165,100069,2,0,2,0,2
Liqi Zhuang South,Huaihe Road,20293.47526,100088,100058,8,2,6,2,4
Huaihe Road,Liqi Zhuang South,20293.47526,100058,100088,5,2,3,3,0
Dongli Development Zone,Zhangxing Zhuang,20292.77384,100030,100185,60,10,50,37,13
Zhangxing Zhuang,Dongli Development Zone,20292.77384,100185,100030,56,11,45,35,10
Haihe Education Zone,Zhou and Deng Memorial Museum,20292.66481,100050,100191,12,6,6,2,4
Zhou and Deng Memorial Museum,Haihe Education Zone,20292.66481,100191,100050,5,0,5,3,2
Chunhai Road,Benxi Road,20291.95087,100017,100008,34,9,25,18,7
Benxi Road,Chunhai Road,20291.95087,100008,100017,21,6,15,14,1
Binhai International Airport,Zuojiang Road,20291.84908,100010,100192,9,3,6,4,2
Zuojiang Road,Binhai International Airport,20291.84908,100192,100010,4,1,3,1,2
Honghu Li,Binhai International Airport,20290.17314,100055,100010,246,61,185,82,103
Binhai International Airport,Honghu Li,20290.17314,100010,100055,233,80,153,37,116
Jiayuan Li,Liulin Road,20289.44699,100067,100089,65,23,42,23,19
Liulin Road,Jiayuan Li,20289.44699,100089,100067,64,25,39,11,28
North China Group,The Financial University,20287.97423,100107,100132,185,96,89,34,55
The Financial University,North China Group,20287.97423,100132,100107,154,55,99,25,74
Dongli Yijing Road,Tian Tower,20286.26703,100033,100133,1,1,0,0,0
Yuejin North Road,Beichen Road,20280.89712,100181,100005,18,6,12,6,6
Beichen Road,Yuejin North Road,20280.89712,100005,100181,14,4,10,1,9
Donggu Road,Xiangshan Road,20280.10136,100026,100151,188,64,124,73,51
Xiangshan Road,Donggu Road,20280.10136,100151,100026,178,58,120,55,65
North Station,Hongni River East,20279.53077,100108,100056,20,8,12,10,2
Hongni River East,North Station,20279.53077,100056,100108,20,8,12,6,6
Beichen Road,Huayuan,20278.53146,100005,100061,199,23,176,149,27
Huayuan,Beichen Road,20278.53146,100061,100005,189,21,168,118,50
Dongli Liujing Road,Dawang Zhuang,20278.04016,100031,100023,2,0,2,1,1
Dawang Zhuang,Dongli Liujing Road,20278.04016,100023,100031,2,1,1,0,1
Haiguang Temple,Beiyangyuan Campus of Tianjin University,20274.03079,100048,100007,65,28,37,11,26
Beiyangyuan Campus of Tianjin University,Haiguang Temple,20274.03079,100007,100048,52,20,32,15,17
Gaozhuangzi,Guangkaisima Road,20269.59281,100043,100044,80,20,60,51,9
Guangkaisima Road,Gaozhuangzi,20269.59281,100044,100043,74,21,53,35,18
Chentang Zhuang,Haihe Education Zone,20267.66479,100015,100050,4,0,4,4,0
Haihe Education Zone,Chentang Zhuang,20267.66479,100050,100015,1,0,1,0,1
Jiefang South Road,Dongli Development Zone,20266.779,100068,100030,49,5,44,23,21
Dongli Development Zone,Jiefang South Road,20266.779,100030,100068,48,8,40,20,20
Benxi Road,Airport Economic Zone,20265.88786,100008,100001,353,69,284,207,77
Airport Economic Zone,Benxi Road,20265.88786,100001,100008,275,37,238,159,79
Beichen Road,Longhan Road,20262.24481,100005,100092,1,0,1,0,1
JinZhong River Street,Dongli Liujing Road,20261.42118,100079,100031,11,1,10,10,0
Dongli Liujing Road,JinZhong River Street,20261.42118,100031,100079,9,1,8,7,1
Hongni River East,Jiefang South Road,20258.58639,100056,100068,7,0,7,6,1
Jiefang South Road,Hongni River East,20258.58639,100068,100056,5,1,4,3,1
Jinwan Square,Beiyangyuan Campus of Tianjin University,20256.03338,100078,100007,90,52,38,9,29
Beiyangyuan Campus of Tianjin University,Jinwan Square,20256.03338,100007,100078,57,36,21,8,13
Ruijing XinYuan,Guoshan Road,20251.61981,100114,100047,52,13,39,18,21
Guoshan Road,Ruijing XinYuan,20251.61981,100047,100114,23,9,14,10,4
Lilou,Yixingbu,20251.07532,100086,100175,30,8,22,11,11
Yixingbu,Lilou,20251.07532,100175,100086,29,9,20,14,6
Tianshili,Dongli Culture and Sports Centre,20250.68449,100136,100029,1,0,1,0,1
Dabi Zhuang,Shuanglin,20250.19028,100021,100119,15,2,13,6,7
Shuanglin,Dabi Zhuang,20250.19028,100119,100021,12,5,7,3,4
Changling Road,Nansun Zhuang,20244.64483,100013,100103,2,1,1,1,0
Nansun Zhuang,Changling Road,20244.64483,100103,100013,1,0,1,0,1
Cao Zhuang,Xiaodian,20243.98067,100011,100155,96,24,72,48,24
Xiaodian,Cao Zhuang,20243.98067,100155,100011,78,21,57,40,17
Leyuan Road,Guorui Road,20237.55555,100083,100046,1,1,0,0,0
Airport Economic Zone,Hongni River East,20236.93753,100001,100056,29,4,25,17,8
Hongni River East,Airport Economic Zone,20236.93753,100056,100001,27,3,24,22,2
Yibin Road,Beiyangyuan Campus of Tianjin University,20233.07706,100171,100007,56,17,39,27,12
Beiyangyuan Campus of Tianjin University,Yibin Road,20233.07706,100007,100171,46,17,29,14,15
University of Civil Aviation,Jieyuan West Road,20230.51486,100142,100069,59,17,42,33,9
Jieyuan West Road,University of Civil Aviation,20230.51486,100069,100142,46,12,34,18,16
Siyuan Road,Dongli Sanjing Road,20229.81893,100121,100032,5,0,5,4,1
Dongli Sanjing Road,Siyuan Road,20229.81893,100032,100121,3,0,3,3,0
Xiaodian,Huayuan,20226.25385,100155,100061,170,20,150,129,21
Huayuan,Xiaodian,20226.25385,100061,100155,169,21,148,106,42
Huaihe Road,High-Tech Zone,20226.12731,100058,100054,95,6,89,83,6
High-Tech Zone,Huaihe Road,20226.12731,100054,100058,92,6,86,62,24
Dongli Liujing Road,Jin Street,20219.83695,100031,100070,5,1,4,1,3
Jin Street,Dongli Liujing Road,20219.83695,100070,100031,5,3,2,2,0
Jiefang South Road,Huaihe Road,20218.81856,100068,100058,79,9,70,46,24
Huaihe Road,Jiefang South Road,20218.81856,100058,100068,77,20,57,40,17
Xianyang Road,North Beichen Tech Park,20214.60742,100153,100106,11,2,9,4,5
North Beichen Tech Park,Xianyang Road,20214.60742,100106,100153,8,0,8,5,3
University town,Xuelian South Road,20212.24719,100143,100164,4,2,2,2,0
Xuelian South Road,University town,20212.24719,100164,100143,3,1,2,1,1
Donggu Road,Zhigu,20210.01426,100026,100188,240,55,185,139,46
Zhigu,Donggu Road,20210.01426,100188,100026,229,49,180,117,63
Hongni River East,Bei Zhulin,20209.18921,100056,100004,5,2,3,0,3
Yaohuan Road,Professional University,20206.95331,100170,100112,21,9,12,8,4
Professional University,Yaohuan Road,20206.95331,100112,100170,17,6,11,8,3
Binhai International Airport,Lilou,20205.79503,100010,100086,51,13,38,15,23
Lilou,Binhai International Airport,20205.79503,100086,100010,44,10,34,11,23
Yaohuan Road,North China Group,20205.27342,100170,100107,20,10,10,7,3
North China Group,Yaohuan Road,20205.27342,100107,100170,15,8,7,4,3
Beichen Road,Liuyuan,20203.99136,100005,100091,11,1,10,6,4
Liuyuan,Beichen Road,20203.99136,100091,100005,3,0,3,2,1
Zhanggui Zhuang,Cao Zhuang,20203.70822,100184,100011,339,85,254,164,90
Cao Zhuang,Zhanggui Zhuang,20203.70822,100011,100184,300,65,235,130,105
Steel Tube Company,Donghai Road,20201.2722,100127,100027,1172,329,843,700,143
Donghai Road,Steel Tube Company,20201.2722,100027,100127,1086,258,828,620,208
Zhaoyuan Road,Honghu Li,20200.95232,100186,100055,4,4,0,0,0
Honghu Li,Zhaoyuan Road,20200.95232,100055,100186,4,3,1,1,0
Ruijing XinYuan,Jinmao Industrial Area,20200.80636,100114,100074,4,1,3,2,1
Jinmao Industrial Area,Ruijing XinYuan,20200.80636,100074,100114,3,1,2,1,1
Huaihe Road,Yutai,20196.07124,100058,100183,12,1,11,7,4
Yutai,Huaihe Road,20196.07124,100183,100058,8,1,7,4,3
Laoshan Road,North Beichen Tech Park,20194.67501,100082,100106,13,2,11,7,4
North Beichen Tech Park,Laoshan Road,20194.67501,100106,100082,9,3,6,5,1
Ruijing XinYuan,The Financial University,20194.48835,100114,100132,237,66,171,86,85
The Financial University,Ruijing XinYuan,20194.48835,100132,100114,219,57,162,71,91
North Beichen Tech Park,Haiguang Temple,20192.75772,100106,100048,58,12,46,31,15
Haiguang Temple,North Beichen Tech Park,20192.75772,100048,100106,52,6,46,28,18
Liuwei Road,Xiaodong Zhuang,20192.4951,100090,100156,4,1,3,0,3
Jinghe Road,Jieyuan West Road,20192.09459,100071,100069,39,12,27,17,10
Jieyuan West Road,Jinghe Road,20192.09459,100069,100071,28,7,21,10,11
Dongli Culture and Sports Centre,Tiedong Road,20189.87104,100029,100139,9,9,0,0,0
Tiedong Road,Dongli Culture and Sports Centre,20189.87104,100139,100029,5,4,1,0,1
Xinxing Village,Foreign Languages High School,20186.30434,100162,100040,1,0,1,0,1
Xuefu Industrial Area,Xuzhuangzi,20186.02086,100163,100168,29,0,29,28,1
Xuzhuangzi,Xuefu Industrial Area,20186.02086,100168,100163,19,2,17,14,3
Donggu Road,Xiaobailou,20179.77624,100026,100154,2985,773,2212,1570,642
Xiaobailou,Donggu Road,20179.77624,100154,100026,2833,703,2130,1244,886
Zhanggui Zhuang,Hongni River East,20175.17046,100184,100056,1,0,1,0,1
Hongni River East,Zhanggui Zhuang,20175.17046,100056,100184,1,0,1,0,1
Zhanggui Zhuang,High-Tech Zone,20175.14542,100184,100054,248,23,225,203,22
High-Tech Zone,Zhanggui Zhuang,20175.14542,100054,100184,237,16,221,183,38
Xiaodong Zhuang,Anshan Road,20172.22389,100156,100002,193,46,147,83,64
Anshan Road,Xiaodong Zhuang,20172.22389,100002,100156,156,32,124,51,73
Yingfeng Road,Jinnan Campus of Nankai University,20170.03656,100173,100075,58,17,41,22,19
Jinnan Campus of Nankai University,Yingfeng Road,20170.03656,100075,100173,52,10,42,23,19
Dengzhou South Road,Donggu Road,20165.58251,100025,100026,21,8,13,8,5
Donggu Road,Dengzhou South Road,20165.58251,100026,100025,18,4,14,7,7
Jieyuan West Road,Xinli,20165.43179,100069,100161,92,18,74,45,29
Xinli,Jieyuan West Road,20165.43179,100161,100069,88,16,72,42,30
Dongli Development Zone,Tiantuo,20162.50494,100030,100138,72,9,63,43,20
Tiantuo,Dongli Development Zone,20162.50494,100138,100030,59,4,55,39,16
Dabi Zhuang,Jiangwan Erzhi Road,20156.8934,100021,100065,6,4,2,1,1
Jiangwan Erzhi Road,Dabi Zhuang,20156.8934,100065,100021,4,2,2,2,0
Xiaodong Zhuang,Jianshan Road,20156.27912,100156,100066,16,0,16,11,5
Jianshan Road,Xiaodong Zhuang,20156.27912,100066,100156,14,1,13,9,4
Yuejin North Road,Dongli Development Zone,20156.2551,100181,100030,4,0,4,1,3
Dongli Development Zone,Yuejin North Road,20156.2551,100030,100181,3,0,3,3,0
Liuyuan,Huashan Li,20156.02451,100091,100060,1139,300,839,456,383
Huashan Li,Liuyuan,20156.02451,100060,100091,1068,246,822,517,305
Hongni River East,Tiantuo,20154.31232,100056,100138,43,6,37,34,3
Tiantuo,Hongni River East,20154.31232,100138,100056,34,4,30,14,16
Xuzhuangzi,Jingli Road,20150.02791,100168,100073,4,2,2,1,1
Jingli Road,Xuzhuangzi,20150.02791,100073,100168,2,0,2,1,1
Liaohe North Road,Xuefu Industrial Area,20149.84409,100084,100163,47,1,46,35,11
Xuefu Industrial Area,Liaohe North Road,20149.84409,100163,100084,34,1,33,23,10
Dongli Culture and Sports Centre,Yixingbu North,20149.3321,100029,100176,1,0,1,0,1
National Exhibition Centre,Yutai,20149.08883,100105,100183,5,1,4,0,4
Yutai,National Exhibition Centre,20149.08883,100183,100105,1,0,1,1,0
Nanlou,North Beichen Tech Park,20148.42777,100102,100106,41,8,33,16,17
North Beichen Tech Park,Nanlou,20148.42777,100106,100102,31,5,26,18,8
Fengchan River,Zuojiang Road,20139.57845,100039,100192,2,1,1,1,0
Zuojiang Road,Fengchan River,20139.57845,100192,100039,2,2,0,0,0
South Station,Lushui Road,20138.20369,100122,100093,279,70,209,65,144
Lushui Road,South Station,20138.20369,100093,100122,193,59,134,82,52
Dongli Development Zone,Longhan Road,20137.60279,100030,100092,2,0,2,2,0
Danhebei Road,Second hospital of the Medical University,20134.83687,100022,100115,5,1,4,4,0
Second hospital of the Medical University,Danhebei Road,20134.83687,100115,100022,4,1,3,0,3
Jieyuan West Road,Lilou,20124.55958,100069,100086,111,24,87,63,24
Lilou,Jieyuan West Road,20124.55958,100086,100069,109,24,85,68,17
Guorui Road,Yudongcheng,20124.2437,100046,100180,25,6,19,11,8
Yudongcheng,Guorui Road,20124.2437,100180,100046,14,3,11,8,3
Yuejin North Road,Jiayuan Li,20114.28506,100181,100067,17,5,12,11,1
Jiayuan Li,Yuejin North Road,20114.28506,100067,100181,10,3,7,5,2
Xiaodong Zhuang,Wandong Road,20113.30833,100156,100144,5,2,3,2,1
Wandong Road,Xiaodong Zhuang,20113.30833,100144,100156,4,0,4,1,3
Ruijing XinYuan,Number Two Bridge,20112.6468,100114,100110,37,8,29,17,12
Number Two Bridge,Ruijing XinYuan,20112.6468,100110,100114,30,6,24,17,7
Huanyu Road,High-Tech Zone,20110.61693,100059,100054,3,2,1,1,0
High-Tech Zone,Huanyu Road,20110.61693,100054,100059,3,2,1,1,0
Xinxing Village,Tianshili,20108.41668,100162,100136,3,1,2,2,0
Tianshili,Xinxing Village,20108.41668,100136,100162,2,0,2,2,0
Shunchi Bridge,Xiaodong Zhuang,20108.18737,100120,100156,41,8,33,15,18
Xiaodong Zhuang,Shunchi Bridge,20108.18737,100156,100120,30,9,21,14,7
Steel Tube Company,Yihao Bridge,20106.12092,100127,100172,1144,223,921,701,220
Yihao Bridge,Steel Tube Company,20106.12092,100172,100127,1012,183,829,528,301
Tianjin Hotel,Dongli Liujing Road,20102.93211,100134,100031,11,0,11,11,0
Dongli Liujing Road,Tianjin Hotel,20102.93211,100031,100134,4,0,4,3,1
Jinghe Road,Zhanggui Zhuang,20099.44599,100071,100184,4,0,4,3,1
Zhanggui Zhuang,Jinghe Road,20099.44599,100184,100071,2,0,2,2,0
Shuanggang,Dengzhou Road,20094.6018,100118,100024,8,3,5,2,3
Dengzhou Road,Shuanggang,20094.6018,100024,100118,3,0,3,1,2
Tianshili,Chunhai Road,20092.06055,100136,100017,5,0,5,5,0
Chunhai Road,Tianshili,20092.06055,100017,100136,5,0,5,5,0
Dabi Zhuang,Magangchang,20091.85104,100021,100094,3,2,1,1,0
Magangchang,Dabi Zhuang,20091.85104,100094,100021,3,1,2,1,1
Xinxing Village,Zuojiang Road,20091.32389,100162,100192,1,0,1,0,1
Dongli Liujing Road,Tianjin Station,20085.74912,100031,100135,29,7,22,14,8
Tianjin Station,Dongli Liujing Road,20085.74912,100135,100031,14,5,9,4,5
Meijiang Road,Xiaodian,20083.57178,100097,100155,4,0,4,3,1
Xiaodian,Meijiang Road,20083.57178,100155,100097,2,0,2,1,1
Binhai International Airport,Sports Centre,20083.20479,100010,100126,207,51,156,52,104
Sports Centre,Binhai International Airport,20083.20479,100126,100010,173,48,125,51,74
Jingli Road,High-Tech Zone,20082.83564,100073,100054,80,17,63,58,5
High-Tech Zone,Jingli Road,20082.83564,100054,100073,69,10,59,54,5
Tiedong Road,Jingli Road,20082.59177,100139,100073,20,6,14,13,1
Jingli Road,Tiedong Road,20082.59177,100073,100139,18,4,14,9,5
Benxi Road,Huanyu Road,20081.0887,100008,100059,2,2,0,0,0
Fuxing Gate,Beichen Road,20080.93348,100041,100005,63,8,55,32,23
Beichen Road,Fuxing Gate,20080.93348,100005,100041,61,17,44,36,8
Yangwu Zhuang,Yixingbu North,20080.22166,100169,100176,35,10,25,19,6
Yixingbu North,Yangwu Zhuang,20080.22166,100176,100169,31,6,25,21,4
Xinxing Village,Sports Centre,20079.59796,100162,100126,8,0,8,7,1
Sports Centre,Xinxing Village,20079.59796,100126,100162,7,0,7,7,0
Nanzhu Bridge,JinZhong Street,20079.58689,100104,100080,18,2,16,9,7
JinZhong Street,Nanzhu Bridge,20079.58689,100080,100104,16,2,14,7,7
Meijiang Park,Gaozhuangzi,20074.7872,100096,100043,1,1,0,0,0
Gaozhuangzi,Meijiang Park,20074.7872,100043,100096,1,1,0,0,0
Siyuan Road,Jingli Road,20073.21502,100121,100073,7,1,6,5,1
Jingli Road,Siyuan Road,20073.21502,100073,100121,7,1,6,6,0
Longhan Road,Jiayuan Li,20067.11001,100092,100067,10,5,5,3,2
Jiayuan Li,Longhan Road,20067.11001,100067,100092,9,7,2,1,1
North Station,Xunhai Road,20065.11266,100108,100166,1,0,1,1,0
Xunhai Road,North Station,20065.11266,100166,100108,1,1,0,0,0
University of Civil Aviation,Huaihe Road,20061.83439,100142,100058,10,2,8,4,4
Huaihe Road,University of Civil Aviation,20061.83439,100058,100142,6,3,3,3,0
Jinghe Road,JinZhong Street,20058.08244,100071,100080,14,3,11,9,2
JinZhong Street,Jinghe Road,20058.08244,100080,100071,6,4,2,0,2
Magangchang,Benxi Road,20057.46538,100094,100008,21,11,10,7,3
Benxi Road,Magangchang,20057.46538,100008,100094,16,8,8,7,1
South Station,Wandong Road,20057.28418,100122,100144,94,33,61,34,27
Wandong Road,South Station,20057.28418,100144,100122,63,26,37,27,10
Dongli Development Zone,Liulin Road,20057.10575,100030,100089,1,1,0,0,0
Liulin Road,Dongli Development Zone,20057.10575,100089,100030,1,0,1,0,1
Heping Road,National Exhibition Centre,20055.51772,100053,100105,35,13,22,9,13
National Exhibition Centre,Heping Road,20055.51772,100105,100053,31,7,24,8,16
Meijiang Park,Professional University,20054.50264,100096,100112,15,3,12,8,4
Professional University,Meijiang Park,20054.50264,100112,100096,15,3,12,5,7
Binhai International Airport,Water Park Road East,20054.28188,100010,100147,76,22,54,19,35
Water Park Road East,Binhai International Airport,20054.28188,100147,100010,46,11,35,14,21
Dongli Yijing Road,Zhicheng Road,20054.18813,100033,100187,6,0,6,1,5
Xiaodong Zhuang,Jinshi Bridge,20051.18573,100156,100076,61,18,43,27,16
Jinshi Bridge,Xiaodong Zhuang,20051.18573,100076,100156,59,16,43,20,23
Yangwu Zhuang,Siyuan Road,20050.75246,100169,100121,1,0,1,1,0
National Exhibition Centre,Xikang Road,20048.87344,100105,100158,12,2,10,8,2
Xikang Road,National Exhibition Centre,20048.87344,100158,100105,5,0,5,5,0
Xinxing Village,Tiedong Road,20047.60323,100162,100139,1,1,0,0,0
Xunhai Road,Hongqi South Road,20043.29029,100166,100057,9,4,5,5,0
Hongqi South Road,Xunhai Road,20043.29029,100057,100166,3,2,1,1,0
Yuejin North Road,Cao Zhuang,20037.02436,100181,100011,107,24,83,61,22
Cao Zhuang,Yuejin North Road,20037.02436,100011,100181,87,20,67,33,34
Nanhe Zhuang,Lijiang Road,20035.5317,100101,100085,9,3,6,4,2
Lijiang Road,Nanhe Zhuang,20035.5317,100085,100101,6,1,5,3,2
Tiantuo,Haihe Education Zone,20030.58838,100138,100050,46,5,41,26,15
Haihe Education Zone,Tiantuo,20030.58838,100050,100138,40,10,30,27,3
Airport Economic Zone,Huayuan,20022.11021,100001,100061,692,84,608,457,151
Huayuan,Airport Economic Zone,20022.11021,100061,100001,673,60,613,441,172
National Exhibition Centre,Hangshuang Road,20021.77328,100105,100051,1,0,1,0,1
University of Civil Aviation,Yizhongxin Hospital,20018.97235,100142,100177,48,10,38,32,6
Yizhongxin Hospital,University of Civil Aviation,20018.97235,100177,100142,32,7,25,13,12
Jinshi Bridge,Gaozhuangzi,20018.04122,100076,100043,103,37,66,36,30
Gaozhuangzi,Jinshi Bridge,20018.04122,100043,100076,98,29,69,44,25
Binhai International Airport,Dongli Yijing Road,20013.01487,100010,100033,5,0,5,4,1
Dongli Yijing Road,Binhai International Airport,20013.01487,100033,100010,1,0,1,0,1
Liuyuan,Dengzhou Road,20012.40473,100091,100024,243,65,178,98,80
Dengzhou Road,Liuyuan,20012.40473,100024,100091,234,54,180,120,60
Chinese Medicine First Affiliated Hospital,Guorui Road,20009.99479,100016,100046,10,0,10,5,5
Guorui Road,Chinese Medicine First Affiliated Hospital,20009.99479,100046,100016,8,0,8,4,4
Shuanggang,Xiangshan Road,20006.94967,100118,100151,3,1,2,2,0
Xiangshan Road,Shuanggang,20006.94967,100151,100118,1,0,1,0,1
Dongli Sanjing Road,Jinshi Bridge,20005.13219,100032,100076,6,0,6,4,2
Jinshi Bridge,Dongli Sanjing Road,20005.13219,100076,100032,1,0,1,0,1
Yuejin North Road,University town,20004.47558,100181,100143,33,10,23,15,8
University town,Yuejin North Road,20004.47558,100143,100181,26,14,12,5,7
North Beichen Tech Park,Southwest Tower,19999.78203,100106,100125,240,48,192,149,43
Southwest Tower,North Beichen Tech Park,19999.78203,100125,100106,219,30,189,130,59
North Beichen Tech Park,Xiaobailou,19998.65807,100106,100154,144,18,126,96,30
Xiaobailou,North Beichen Tech Park,19998.65807,100154,100106,135,14,121,80,41
Liuyuan,Xiaodian,19996.97967,100091,100155,94,12,82,61,21
Xiaodian,Liuyuan,19996.97967,100155,100091,63,12,51,39,12
Xinxing Village,Water Park Road East,19995.43344,100162,100147,14,4,10,10,0
Water Park Road East,Xinxing Village,19995.43344,100147,100162,12,2,10,1,9
Xuelian South Road,Qinjian Road,19995.32794,100164,100113,1,0,1,0,1
Yixingbu North,Chunhai Road,19990.70816,100176,100017,10,4,6,3,3
Chunhai Road,Yixingbu North,19990.70816,100017,100176,5,0,5,3,2
Longhan Road,Cao Zhuang,19989.84931,100092,100011,23,6,17,11,6
Cao Zhuang,Longhan Road,19989.84931,100011,100092,15,4,11,8,3
North Beichen Tech Park,Dongxing Road,19988.93634,100106,100035,62,8,54,50,4
Dongxing Road,North Beichen Tech Park,19988.93634,100035,100106,52,7,45,41,4
High-Tech Zone,Xiangshan Road,19988.90439,100054,100151,72,13,59,50,9
Xiangshan Road,High-Tech Zone,19988.90439,100151,100054,66,13,53,44,9
Dengzhou South Road,Ruijing XinYuan,19988.36958,100025,100114,33,8,25,12,13
Ruijing XinYuan,Dengzhou South Road,19988.36958,100114,100025,31,8,23,12,11
University of Civil Aviation,Anshan West Road,19982.62687,100142,100003,88,32,56,27,29
Anshan West Road,University of Civil Aviation,19982.62687,100003,100142,68,23,45,15,30
Guoshan Road,University town,19980.601,100047,100143,41,10,31,22,9
University town,Guoshan Road,19980.601,100143,100047,38,10,28,17,11
Youyi South Road,Liaohe North Road,19978.39724,100178,100084,2,0,2,1,1
West Station,Dongli Culture and Sports Centre,19975.16311,100149,100029,36,13,23,6,17
Dongli Culture and Sports Centre,West Station,19975.16311,100029,100149,35,8,27,8,19
Yutai,Airport Economic Zone,19974.95789,100183,100001,102,17,85,69,16
Airport Economic Zone,Yutai,19974.95789,100001,100183,78,15,63,49,14
Northwest Corner,Gaozhuangzi,19973.72105,100109,100043,560,210,350,179,171
Gaozhuangzi,Northwest Corner,19973.72105,100043,100109,530,189,341,232,109
Nansun Zhuang,Meijiang Exhibition Centre,19972.21797,100103,100095,6,4,2,2,0
Meijiang Exhibition Centre,Nansun Zhuang,19972.21797,100095,100103,4,4,0,0,0
South Station,Zhangxing Zhuang,19966.66569,100122,100185,195,61,134,66,68
Zhangxing Zhuang,South Station,19966.66569,100185,100122,134,46,88,54,34
Huaihe Road,Jiangwan Erzhi Road,19961.67706,100058,100065,20,3,17,14,3
Jiangwan Erzhi Road,Huaihe Road,19961.67706,100065,100058,19,2,17,10,7
Dongli Liujing Road,Leyuan Road,19959.9432,100031,100083,1,0,1,1,0
Tiantuo,Dongli Culture and Sports Centre,19956.84539,100138,100029,9,0,9,4,5
Dongli Culture and Sports Centre,Tiantuo,19956.84539,100029,100138,8,3,5,1,4
Yudongcheng,Jinghe Road,19955.61438,100180,100071,10,2,8,6,2
Jinghe Road,Yudongcheng,19955.61438,100071,100180,7,5,2,1,1
Chinese Medicine First Affiliated Hospital,Nanhe Zhuang,19952.53142,100016,100101,23,1,22,8,14
Nanhe Zhuang,Chinese Medicine First Affiliated Hospital,19952.53142,100101,100016,22,3,19,15,4
Fengchan River,Number Two Bridge,19950.70158,100039,100110,11,1,10,9,1
Number Two Bridge,Fengchan River,19950.70158,100110,100039,11,2,9,7,2
Gulou,Gaozhuangzi,19949.1826,100045,100043,338,179,159,69,90
Gaozhuangzi,Gulou,19949.1826,100043,100045,292,138,154,69,85
Xiaodong Zhuang,Chentang Zhuang,19945.05035,100156,100015,56,4,52,38,14
Chentang Zhuang,Xiaodong Zhuang,19945.05035,100015,100156,48,6,42,25,17
Heping Road,Xiaodong Zhuang,19930.82454,100053,100156,406,145,261,102,159
Xiaodong Zhuang,Heping Road,19930.82454,100156,100053,305,113,192,122,70
Xiaodian,Sports Centre,19928.34719,100155,100126,27,4,23,20,3
Sports Centre,Xiaodian,19928.34719,100126,100155,17,7,10,8,2
Dongli Development Zone,Yizhongxin Hospital,19927.55481,100030,100177,123,14,109,76,33
Yizhongxin Hospital,Dongli Development Zone,19927.55481,100177,100030,121,14,107,84,23
Liqi Zhuang South,JinZhong Street,19926.25714,100088,100080,4,0,4,4,0
JinZhong Street,Liqi Zhuang South,19926.25714,100080,100088,3,0,3,3,0
Honghu Li,Jinghe Road,19925.76031,100055,100071,25,6,19,9,10
Jinghe Road,Honghu Li,19925.76031,100071,100055,22,7,15,7,8
Ruijing XinYuan,Xuefu Industrial Area,19925.63998,100114,100163,82,8,74,64,10
Xuefu Industrial Area,Ruijing XinYuan,19925.63998,100163,100114,78,4,74,59,15
Hehui South Road,Xiawafang,19922.43388,100052,100157,112,23,89,76,13
Xiawafang,Hehui South Road,19922.43388,100157,100052,109,21,88,50,38
Hongni River East,Yizhongxin Hospital,19919.3622,100056,100177,15,2,13,7,6
Yizhongxin Hospital,Hongni River East,19919.3622,100177,100056,14,3,11,5,6
North China Group,Zhanggui Zhuang,19917.52843,100107,100184,146,49,97,57,40
Zhanggui Zhuang,North China Group,19917.52843,100184,100107,123,42,81,53,28
Donggu Road,Xunhai Road,19915.01459,100026,100166,15,4,11,6,5
Xunhai Road,Donggu Road,19915.01459,100166,100026,13,3,10,3,7
North China Group,University town,19912.58988,100107,100143,638,306,332,163,169
University town,North China Group,19912.58988,100143,100107,620,150,470,251,219
Zhicheng Road,Jinghe Road,19908.41418,100187,100071,6,2,4,3,1
Jinghe Road,Zhicheng Road,19908.41418,100071,100187,2,0,2,2,0
Danhebei Road,Zhou and Deng Memorial Museum,19900.93977,100022,100191,4,2,2,2,0
Zhou and Deng Memorial Museum,Danhebei Road,19900.93977,100191,100022,1,1,0,0,0
Nansun Zhuang,Lingbin Road,19894.29395,100103,100087,1,1,0,0,0
Xingfu Park,South Station,19893.42733,100159,100122,179,84,95,54,41
South Station,Xingfu Park,19893.42733,100122,100159,164,52,112,66,46
Cao Zhuang,Chunhai Road,19891.73582,100011,100017,25,4,21,17,4
Chunhai Road,Cao Zhuang,19891.73582,100017,100011,19,2,17,9,8
Changhong Park,Hongni River East,19886.79977,100012,100056,24,9,15,6,9
Hongni River East,Changhong Park,19886.79977,100056,100012,15,7,8,7,1
Xunhai Road,Northwest Corner,19885.65284,100166,100109,19,9,10,2,8
Northwest Corner,Xunhai Road,19885.65284,100109,100166,8,2,6,0,6
Lijiang Road,Donggu Road,19883.73882,100085,100026,104,23,81,41,40
Donggu Road,Lijiang Road,19883.73882,100026,100085,95,15,80,43,37
Professional University,Huashan Li,19879.12458,100112,100060,56,24,32,15,17
Huashan Li,Professional University,19879.12458,100060,100112,50,19,31,21,10
Haihe East Road,North China Group,19875.60582,100049,100107,1,1,0,0,0
Shuanggang,Bianxing,19872.90977,100118,100009,19,2,17,9,8
Bianxing,Shuanggang,19872.90977,100009,100118,18,5,13,10,3
South Station,Zhongshan Gate,19871.51683,100122,100189,393,123,270,114,156
Zhongshan Gate,South Station,19871.51683,100189,100122,304,91,213,110,103
Airport Economic Zone,Dongli Liujing Road,19871.19561,100001,100031,10,4,6,5,1
Dongli Liujing Road,Airport Economic Zone,19871.19561,100031,100001,7,2,5,3,2
Shaliu South Road,Xuefu Industrial Area,19869.95134,100116,100163,50,4,46,41,5
Xuefu Industrial Area,Shaliu South Road,19869.95134,100163,100116,40,2,38,36,2
JinZhong River Street,Hongni River East,19869.75495,100079,100056,18,7,11,3,8
Hongni River East,JinZhong River Street,19869.75495,100056,100079,6,2,4,4,0
Tianshili,Xinli,19868.83231,100136,100161,19,6,13,10,3
Xinli,Tianshili,19868.83231,100161,100136,17,2,15,13,2
Beiyangyuan Campus of Tianjin University,Zhongshan Gate,19864.30903,100007,100189,13,2,11,7,4
Zhongshan Gate,Beiyangyuan Campus of Tianjin University,19864.30903,100189,100007,12,6,6,5,1
Jinnan Campus of Nankai University,Xiaobailou,19860.4129,100075,100154,130,71,59,27,32
Xiaobailou,Jinnan Campus of Nankai University,19860.4129,100154,100075,88,51,37,19,18
Nancuiping,Beichen Road,19856.56111,100100,100005,18,9,9,3,6
Beichen Road,Nancuiping,19856.56111,100005,100100,11,5,6,5,1
Shuanggang,Nansun Zhuang,19854.1444,100118,100103,3,0,3,1,2
West Station,Xinxing Village,19852.33764,100149,100162,9,5,4,2,2
Xinxing Village,West Station,19852.33764,100162,100149,7,1,6,3,3
Yaohuan Road,Nanhe Zhuang,19848.08092,100170,100101,10,4,6,5,1
Nanhe Zhuang,Yaohuan Road,19848.08092,100101,100170,9,4,5,5,0
Yueya River,Yangwu Zhuang,19847.43238,100182,100169,49,10,39,32,7
Yangwu Zhuang,Yueya River,19847.43238,100169,100182,40,7,33,29,4
Meijiang Exhibition Centre,University of Civil Aviation,19846.7676,100095,100142,19,12,7,3,4
University of Civil Aviation,Meijiang Exhibition Centre,19846.7676,100142,100095,19,10,9,5,4
Yixingbu,Nanzhu Bridge,19840.57814,100175,100104,14,5,9,5,4
Nanzhu Bridge,Yixingbu,19840.57814,100104,100175,13,2,11,8,3
Guorui Road,Yingkou Road,19838.90015,100046,100174,190,73,117,66,51
Yingkou Road,Guorui Road,19838.90015,100174,100046,172,53,119,59,60
Yixingbu,Shuanggang,19835.22955,100175,100118,3,0,3,0,3
Shuanggang,Yixingbu,19835.22955,100118,100175,2,0,2,1,1
Yihao Bridge,Beichen Road,19833.62071,100172,100005,66,12,54,20,34
Beichen Road,Yihao Bridge,19833.62071,100005,100172,59,15,44,30,14
Lilou,Xuzhuangzi,19831.98086,100086,100168,25,5,20,15,5
Xuzhuangzi,Lilou,19831.98086,100168,100086,19,5,14,6,8
Huaihe Road,Liulin Road,19829.8675,100058,100089,65,5,60,47,13
Liulin Road,Huaihe Road,19829.8675,100089,100058,59,5,54,35,19
North Beichen Tech Park,Guangkaisima Road,19823.15556,100106,100044,35,3,32,21,11
Guangkaisima Road,North Beichen Tech Park,19823.15556,100044,100106,26,2,24,13,11
Hehui South Road,Sports Centre,19822.95618,100052,100126,37,8,29,26,3
Sports Centre,Hehui South Road,19822.95618,100126,100052,34,2,32,26,6
National Exhibition Centre,Anshan Road,19821.32421,100105,100002,41,7,34,19,15
Anshan Road,National Exhibition Centre,19821.32421,100002,100105,32,6,26,10,16
Hangshuang Road,Bianxing,19818.85265,100051,100009,30,4,26,21,5
Bianxing,Hangshuang Road,19818.85265,100009,100051,25,3,22,20,2
Ruijing XinYuan,Liqi Zhuang South,19817.80038,100114,100088,18,3,15,7,8
Liqi Zhuang South,Ruijing XinYuan,19817.80038,100088,100114,16,3,13,5,8
South Station,Cuifu New Village,19816.21428,100122,100019,233,50,183,94,89
Cuifu New Village,South Station,19816.21428,100019,100122,163,45,118,89,29
Jingli Road,The Financial University,19815.45448,100073,100132,2,0,2,0,2
The Financial University,Jingli Road,19815.45448,100132,100073,1,0,1,0,1
Jianshan Road,Danhebei Road,19815.33557,100066,100022,6,4,2,2,0
Danhebei Road,Jianshan Road,19815.33557,100022,100066,3,2,1,0,1
West Station,Dongli Development Zone,19814.00283,100149,100030,428,105,323,102,221
Dongli Development Zone,West Station,19814.00283,100030,100149,309,82,227,115,112
Dengzhou South Road,High-Tech Zone,19813.22163,100025,100054,48,5,43,40,3
High-Tech Zone,Dengzhou South Road,19813.22163,100054,100025,43,5,38,33,5
Dongli Culture and Sports Centre,Meijiang Exhibition Centre,19811.81595,100029,100095,1,0,1,0,1
Meijiang Exhibition Centre,Dongli Culture and Sports Centre,19811.81595,100095,100029,1,0,1,0,1
Zhangxing Zhuang,Xunhai Road,19810.41343,100185,100166,1,0,1,0,1
Dongli Development Zone,Hongqi South Road,19810.22549,100030,100057,111,29,82,52,30
Hongqi South Road,Dongli Development Zone,19810.22549,100057,100030,88,18,70,44,26
Meilin Road,Hangshuang Road,19805.39111,100098,100051,4,1,3,3,0
Hangshuang Road,Meilin Road,19805.39111,100051,100098,1,0,1,1,0
Hongni River East,Hongqi South Road,19802.03288,100056,100057,50,6,44,36,8
Hongqi South Road,Hongni River East,19802.03288,100057,100056,38,7,31,19,12
Weishan Road,Dabi Zhuang,19797.95294,100148,100021,2,0,2,0,2
Dabi Zhuang,Weishan Road,19797.95294,100021,100148,1,0,1,0,1
Tianshili,Yangwu Zhuang,19795.69108,100136,100169,19,4,15,11,4
Yangwu Zhuang,Tianshili,19795.69108,100169,100136,19,5,14,10,4
Yihao Bridge,Xiaodian,19793.30419,100172,100155,24,4,20,12,8
Xiaodian,Yihao Bridge,19793.30419,100155,100172,13,1,12,11,1
Nanhe Zhuang,The Financial University,19792.56543,100101,100132,22,7,15,3,12
The Financial University,Nanhe Zhuang,19792.56543,100132,100101,7,3,4,1,3
Shiyijing Road,Guorui Road,19790.37227,100117,100046,10,2,8,4,4
Guorui Road,Shiyijing Road,19790.37227,100046,100117,7,3,4,4,0
Xiaodong Zhuang,Tianjin Hotel,19787.7105,100156,100134,45,8,37,28,9
Tianjin Hotel,Xiaodong Zhuang,19787.7105,100134,100156,40,8,32,21,11
Shuanggang,Dengzhou South Road,19787.33807,100118,100025,5,4,1,1,0
Dengzhou South Road,Shuanggang,19787.33807,100025,100118,4,1,3,3,0
Weishan Road,Liaohe North Road,19786.36136,100148,100084,7,1,6,5,1
Liaohe North Road,Weishan Road,19786.36136,100084,100148,1,0,1,0,1
Binhai International Airport,Huaihe Road,19784.61374,100010,100058,95,20,75,17,58
Huaihe Road,Binhai International Airport,19784.61374,100058,100010,94,32,62,30,32
Yingfeng Road,Nansun Zhuang,19782.29175,100173,100103,8,1,7,4,3
Nansun Zhuang,Yingfeng Road,19782.29175,100103,100173,1,0,1,0,1
Danhebei Road,Guoshan Road,19776.08092,100022,100047,1,0,1,0,1
Shuanglin,Liaohe North Road,19773.79297,100119,100084,28,2,26,15,11
Liaohe North Road,Shuanglin,19773.79297,100084,100119,25,10,15,7,8
Jingli Road,Number Two Bridge,19771.4927,100073,100110,3,2,1,0,1
Yaohuan Road,Guorui Road,19771.30234,100170,100046,7,2,5,5,0
Guorui Road,Yaohuan Road,19771.30234,100046,100170,6,2,4,4,0
Jiefang South Road,Nansun Zhuang,19766.46196,100068,100103,3,3,0,0,0
Nansun Zhuang,Jiefang South Road,19766.46196,100103,100068,1,0,1,1,0
Zhongshan Road,Hongni River East,19766.01058,100190,100056,23,9,14,12,2
Hongni River East,Zhongshan Road,19766.01058,100056,100190,20,5,15,11,4
Zhicheng Road,Dongli Development Zone,19762.21819,100187,100030,85,13,72,56,16
Dongli Development Zone,Zhicheng Road,19762.21819,100030,100187,69,13,56,39,17
Beichen Road,Meijiang Road,19761.9192,100005,100097,58,7,51,44,7
Meijiang Road,Beichen Road,19761.9192,100097,100005,50,4,46,36,10
Jingli Road,Xianyang Road,19758.89471,100073,100153,47,16,31,21,10
Xianyang Road,Jingli Road,19758.89471,100153,100073,38,7,31,22,9
Xunhai Road,Guangkaisima Road,19752.79861,100166,100044,4,3,1,1,0
Guangkaisima Road,Xunhai Road,19752.79861,100044,100166,3,2,1,1,0
Yibin Road,North Beichen Tech Park,19751.94303,100171,100106,25,5,20,15,5
North Beichen Tech Park,Yibin Road,19751.94303,100106,100171,23,6,17,11,6
National Exhibition Centre,Lingbin Road,19749.58539,100105,100087,4,0,4,2,2
Lingbin Road,National Exhibition Centre,19749.58539,100087,100105,2,0,2,1,1
Steel Tube Company,Exhibition Centre,19748.97703,100127,100037,889,205,684,539,145
Exhibition Centre,Steel Tube Company,19748.97703,100037,100127,879,259,620,383,237
Erwei Road,North Beichen Tech Park,19748.59667,100036,100106,29,4,25,13,12
North Beichen Tech Park,Erwei Road,19748.59667,100106,100036,27,6,21,18,3
Xuelian South Road,Jieyuan West Road,19745.76923,100164,100069,3,2,1,0,1
Haihe Education Zone,Wangdingdi,19743.26132,100050,100145,4,0,4,3,1
Yixingbu North,Xinli,19742.99546,100176,100161,60,18,42,26,16
Xinli,Yixingbu North,19742.99546,100161,100176,59,13,46,31,15
Taichang Road,Guorui Road,19742.37205,100128,100046,12,5,7,6,1
Guorui Road,Taichang Road,19742.37205,100046,100128,8,4,4,2,2
National Exhibition Centre,Chenglin Road,19741.57092,100105,100014,5,0,5,3,2
Chenglin Road,National Exhibition Centre,19741.57092,100014,100105,3,2,1,1,0
Dongli Sanjing Road,Guorui Road,19740.19446,100032,100046,1,1,0,0,0
Yangwu Zhuang,Jiayuan Li,19740.09818,100169,100067,37,12,25,21,4
Jiayuan Li,Yangwu Zhuang,19740.09818,100067,100169,23,11,12,9,3
Dongli Yijing Road,Southwest corner,19739.13481,100033,100124,3,0,3,2,1
Dongli Liujing Road,Tumour Hospital,19738.81059,100031,100141,4,1,3,1,2
Tumour Hospital,Dongli Liujing Road,19738.81059,100141,100031,3,0,3,1,2
Jinnan Campus of Nankai University,Changling Road,19729.65965,100075,100013,5,0,5,2,3
Changling Road,Jinnan Campus of Nankai University,19729.65965,100013,100075,5,1,4,1,3
Dongli Sanjing Road,Gulou,19726.98524,100032,100045,10,3,7,6,1
Gulou,Dongli Sanjing Road,19726.98524,100045,100032,6,0,6,4,2
Wangdingdi,Dongli Culture and Sports Centre,19723.48014,100145,100029,1,0,1,1,0
Danhebei Road,Sports Centre,19721.41866,100022,100126,14,0,14,9,5
Sports Centre,Danhebei Road,19721.41866,100126,100022,10,0,10,5,5
Airport Economic Zone,Meijiang Exhibition Centre,19717.84631,100001,100095,115,62,53,34,19
Meijiang Exhibition Centre,Airport Economic Zone,19717.84631,100095,100001,100,54,46,31,15
National Exhibition Centre,Dawang Zhuang,19713.05833,100105,100023,5,0,5,2,3
Dawang Zhuang,National Exhibition Centre,19713.05833,100023,100105,4,0,4,1,3
Dongli Yijing Road,Beining Park,19712.42489,100033,100006,4,2,2,2,0
Beining Park,Dongli Yijing Road,19712.42489,100006,100033,4,0,4,1,3
Tianshili,Magangchang,19710.36134,100136,100094,7,1,6,3,3
Magangchang,Tianshili,19710.36134,100094,100136,6,1,5,3,2
Lilou,Qinjian Road,19709.10118,100086,100113,290,71,219,162,57
Qinjian Road,Lilou,19709.10118,100113,100086,213,44,169,108,61
Jinnan Campus of Nankai University,Zhigu,19709.0014,100075,100188,31,3,28,14,14
Zhigu,Jinnan Campus of Nankai University,19709.0014,100188,100075,25,4,21,17,4
Dongli Culture and Sports Centre,Changhong Park,19708.45712,100029,100012,11,2,9,6,3
Changhong Park,Dongli Culture and Sports Centre,19708.45712,100012,100029,3,0,3,2,1
Xinli,JinZhong Street,19699.94852,100161,100080,73,14,59,17,42
JinZhong Street,Xinli,19699.94852,100080,100161,63,13,50,35,15
Shaliu South Road,Jinghe Road,19695.94854,100116,100071,3,1,2,2,0
Cao Zhuang,Lushui Road,19693.92918,100011,100093,111,42,69,47,22
Lushui Road,Cao Zhuang,19693.92918,100093,100011,93,27,66,45,21
Jiayuan Li,Meilin Road,19693.40091,100067,100098,31,3,28,17,11
Meilin Road,Jiayuan Li,19693.40091,100098,100067,26,2,24,16,8
Binhai International Airport,Yibin Road,19690.00781,100010,100171,153,42,111,40,71
Yibin Road,Binhai International Airport,19690.00781,100171,100010,109,32,77,42,35
Dongli Sanjing Road,Jianchang Road,19687.59358,100032,100063,18,2,16,15,1
Jianchang Road,Dongli Sanjing Road,19687.59358,100063,100032,13,1,12,12,0
Nansun Zhuang,Nancuiping,19686.80025,100103,100100,2,0,2,2,0
Nancuiping,Nansun Zhuang,19686.80025,100100,100103,2,0,2,1,1
Binhai International Airport,Meijiang Road,19684.79845,100010,100097,35,8,27,7,20
Meijiang Road,Binhai International Airport,19684.79845,100097,100010,17,3,14,6,8
Yingfeng Road,Dongli Development Zone,19683.71189,100173,100030,75,19,56,42,14
Dongli Development Zone,Yingfeng Road,19683.71189,100030,100173,51,12,39,30,9
Fengchan River,Lingbin Road,19683.19759,100039,100087,22,3,19,14,5
Lingbin Road,Fengchan River,19683.19759,100087,100039,16,1,15,11,4
Tumour Hospital,Xianshuigu West,19682.5037,100141,100152,1033,175,858,320,538
Xianshuigu West,Tumour Hospital,19682.5037,100152,100141,931,145,786,515,271
Yingfeng Road,Xunhai Road,19682.12211,100173,100166,2,1,1,1,0
Xunhai Road,Yingfeng Road,19682.12211,100166,100173,1,0,1,0,1
Lushui Road,Liaohe North Road,19679.23889,100093,100084,18,4,14,6,8
Liaohe North Road,Lushui Road,19679.23889,100084,100093,6,1,5,1,4
Dengzhou Road,High-Tech Zone,19679.17452,100024,100054,253,34,219,208,11
High-Tech Zone,Dengzhou Road,19679.17452,100054,100024,199,33,166,126,40
Wanshan Road,Danhebei Road,19679.12495,100146,100022,5,0,5,0,5
Danhebei Road,Wanshan Road,19679.12495,100022,100146,2,0,2,2,0
Dongjiang Road,Anshan West Road,19677.47566,100028,100003,2,2,0,0,0
South Station,Benxi Road,19676.24565,100122,100008,343,93,250,173,77
Benxi Road,South Station,19676.24565,100008,100122,263,65,198,119,79
Hongni River East,Yingfeng Road,19675.51927,100056,100173,17,2,15,12,3
Yingfeng Road,Hongni River East,19675.51927,100173,100056,16,5,11,5,6
North China Group,Meijiang Park,19671.58902,100107,100096,31,8,23,17,6
Meijiang Park,North China Group,19671.58902,100096,100107,23,6,17,12,5
North Beichen Tech Park,Liuwei Road,19670.36536,100106,100090,17,5,12,7,5
Liuwei Road,North Beichen Tech Park,19670.36536,100090,100106,6,2,4,4,0
Lijiang Road,Dongli Development Zone,19670.34582,100085,100030,20,3,17,9,8
Dongli Development Zone,Lijiang Road,19670.34582,100030,100085,13,2,11,6,5
Yudongcheng,Xuefu Industrial Area,19670.23294,100180,100163,264,9,255,240,15
Xuefu Industrial Area,Yudongcheng,19670.23294,100163,100180,231,8,223,181,42
Tiantai Road,Jingli Road,19670.11715,100137,100073,82,16,66,41,25
Jingli Road,Tiantai Road,19670.11715,100073,100137,68,11,57,46,11
Danhebei Road,Zhongshan Gate,19668.71532,100022,100189,12,3,9,6,3
Zhongshan Gate,Danhebei Road,19668.71532,100189,100022,8,3,5,5,0
Liulin Road,High-Tech Zone,19667.67245,100089,100054,40,14,26,13,13
High-Tech Zone,Liulin Road,19667.67245,100054,100089,32,13,19,13,6
Laoshan Road,Shuanggang,19665.94637,100082,100118,4,2,2,0,2
Shuanggang,Laoshan Road,19665.94637,100118,100082,2,0,2,0,2
Heping Road,Beiyangyuan Campus of Tianjin University,19651.50924,100053,100007,255,140,115,18,97
Beiyangyuan Campus of Tianjin University,Heping Road,19651.50924,100007,100053,120,60,60,18,42
Binhai International Airport,Xianyang Road,19649.86711,100010,100153,727,227,500,164,336
Xianyang Road,Binhai International Airport,19649.86711,100153,100010,723,198,525,241,284
Xiaodian,Nancuiping,19649.54942,100155,100100,8,6,2,0,2
Nancuiping,Xiaodian,19649.54942,100100,100155,5,2,3,2,1
Nanlou,Jinnan Campus of Nankai University,19648.59834,100102,100075,5,1,4,2,2
Jinnan Campus of Nankai University,Nanlou,19648.59834,100075,100102,4,2,2,0,2
Ruijing XinYuan,Yutai,19646.68372,100114,100183,20,7,13,5,8
Yutai,Ruijing XinYuan,19646.68372,100183,100114,13,4,9,5,4
JinZhong Street,Dongli Culture and Sports Centre,19645.27298,100080,100029,16,7,9,4,5
Dongli Culture and Sports Centre,JinZhong Street,19645.27298,100029,100080,12,4,8,2,6
Beiyangyuan Campus of Tianjin University,Xikang Road,19644.86496,100007,100158,92,31,61,21,40
Xikang Road,Beiyangyuan Campus of Tianjin University,19644.86496,100158,100007,84,39,45,16,29
Leyuan Road,Xiaodong Zhuang,19644.72158,100083,100156,13,7,6,1,5
Xiaodong Zhuang,Leyuan Road,19644.72158,100156,100083,7,4,3,3,0
South Station,Minquan Gate,19644.5192,100122,100099,189,52,137,65,72
Minquan Gate,South Station,19644.5192,100099,100122,119,35,84,59,25
Foreign Languages High School,Jingli Road,19644.16174,100040,100073,25,2,23,21,2
Jingli Road,Foreign Languages High School,19644.16174,100073,100040,24,4,20,12,8
Jinwan Square,Dongli Liujing Road,19642.4422,100078,100031,5,2,3,0,3
Dongli Liujing Road,Jinwan Square,19642.4422,100031,100078,1,0,1,1,0
Jingli Road,Northwest Corner,19642.42019,100073,100109,58,15,43,32,11
Northwest Corner,Jingli Road,19642.42019,100109,100073,43,11,32,23,9
Fuxing Gate,Nansun Zhuang,19641.88642,100041,100103,6,1,5,4,1
Nansun Zhuang,Fuxing Gate,19641.88642,100103,100041,2,1,1,1,0
Zhou and Deng Memorial Museum,Binhai International Airport,19640.62904,100191,100010,97,34,63,23,40
Binhai International Airport,Zhou and Deng Memorial Museum,19640.62904,100010,100191,93,35,58,13,45
Guoshan Road,Lushui Road,19639.90874,100047,100093,4,1,3,0,3
Lushui Road,Guoshan Road,19639.90874,100093,100047,3,1,2,1,1
Lushui Road,Xinli,19634.94092,100093,100161,5,0,5,4,1
Xinli,Lushui Road,19634.94092,100161,100093,3,2,1,0,1
Haihe Education Zone,Yingkou Road,19629.60314,100050,100174,96,45,51,19,32
Yingkou Road,Haihe Education Zone,19629.60314,100174,100050,51,24,27,13,14
Qinjian Road,Shuanggang,19628.41246,100113,100118,35,9,26,16,10
Shuanggang,Qinjian Road,19628.41246,100118,100113,28,10,18,15,3
Fuxing Road,Jingli Road,19623.13437,100042,100073,31,5,26,20,6
Jingli Road,Fuxing Road,19623.13437,100073,100042,25,4,21,17,4
Xuefu Industrial Area,Shuanggang,19622.70742,100163,100118,36,2,34,25,9
Shuanggang,Xuefu Industrial Area,19622.70742,100118,100163,29,4,25,22,3
Xinli,Huayuan,19620.73043,100161,100061,210,32,178,146,32
Huayuan,Xinli,19620.73043,100061,100161,189,21,168,96,72
Dongli Sanjing Road,Haiguang Temple,19616.38734,100032,100048,23,0,23,17,6
Haiguang Temple,Dongli Sanjing Road,19616.38734,100048,100032,19,1,18,17,1
Zhaoyuan Road,Yibin Road,19616.38409,100186,100171,2,2,0,0,0
Longhan Road,University town,19609.45599,100092,100143,5,0,5,4,1
University town,Longhan Road,19609.45599,100143,100092,1,0,1,0,1
Huaihe Road,Xuelian South Road,19609.02212,100058,100164,1,0,1,0,1
Xuelian South Road,Huaihe Road,19609.02212,100164,100058,1,0,1,0,1
Xinxing Village,Chinese Medicine First Affiliated Hospital,19606.51804,100162,100016,6,1,5,2,3
Chinese Medicine First Affiliated Hospital,Xinxing Village,19606.51804,100016,100162,3,1,2,0,2
Southwest Tower,Xianshuigu West,19601.06956,100125,100152,78,25,53,24,29
Xianshuigu West,Southwest Tower,19601.06956,100152,100125,56,14,42,27,15
Yingfeng Road,Beichen Road,19600.89909,100173,100005,37,15,22,12,10
Beichen Road,Yingfeng Road,19600.89909,100005,100173,26,8,18,10,8
Xiaodong Zhuang,Yuanyang International Centre,19600.1574,100156,100179,129,27,102,75,27
Yuanyang International Centre,Xiaodong Zhuang,19600.1574,100179,100156,123,31,92,59,33
Guangkaisima Road,Jingli Road,19598.85206,100044,100073,44,7,37,26,11
Jingli Road,Guangkaisima Road,19598.85206,100073,100044,43,7,36,30,6
JinZhong Street,Yutai,19597.9685,100080,100183,2,0,2,1,1
Yutai,JinZhong Street,19597.9685,100183,100080,1,0,1,1,0
Haihe Education Zone,Yizhongxin Hospital,19597.01838,100050,100177,44,13,31,18,13
Yizhongxin Hospital,Haihe Education Zone,19597.01838,100177,100050,41,11,30,16,14
Wandong Road,North Beichen Tech Park,19591.1786,100144,100106,38,8,30,22,8
North Beichen Tech Park,Wandong Road,19591.1786,100106,100144,29,7,22,19,3
Liuyuan,Laoshan Road,19590.32838,100091,100082,135,51,84,42,42
Laoshan Road,Liuyuan,19590.32838,100082,100091,118,34,84,45,39
Yixingbu North,Magangchang,19588.37049,100176,100094,15,4,11,3,8
Magangchang,Yixingbu North,19588.37049,100094,100176,9,4,5,4,1
University of Civil Aviation,Yingfeng Road,19588.06987,100142,100173,32,4,28,27,1
Yingfeng Road,University of Civil Aviation,19588.06987,100173,100142,29,2,27,23,4
Xianshuigu West,Tianjin Hotel,19586.9577,100152,100134,245,66,179,112,67
Tianjin Hotel,Xianshuigu West,19586.9577,100134,100152,224,54,170,106,64
Yihao Bridge,Xuefu Industrial Area,19585.96701,100172,100163,71,3,68,56,12
Xuefu Industrial Area,Yihao Bridge,19585.96701,100163,100172,60,2,58,50,8
Changhong Park,Xinxing Village,19585.63165,100012,100162,3,2,1,0,1
Xinxing Village,Changhong Park,19585.63165,100162,100012,2,1,1,0,1
Liuyuan,Shaliu South Road,19582.45441,100091,100116,95,45,50,24,26
Shaliu South Road,Liuyuan,19582.45441,100116,100091,95,26,69,45,24
Xianyang Road,Zhaoyuan Road,19576.63417,100153,100186,10,1,9,7,2
Zhaoyuan Road,Xianyang Road,19576.63417,100186,100153,5,0,5,4,1
West Station,Hongni River East,19575.10784,100149,100056,416,161,255,68,187
Hongni River East,West Station,19575.10784,100056,100149,341,106,235,132,103
Tiantai Road,Dongli Development Zone,19571.10896,100137,100030,76,13,63,52,11
Dongli Development Zone,Tiantai Road,19571.10896,100030,100137,65,17,48,33,15
Gaozhuangzi,Yuanyang International Centre,19567.01289,100043,100179,85,17,68,47,21
Yuanyang International Centre,Gaozhuangzi,19567.01289,100179,100043,84,27,57,36,21
Dongli Sanjing Road,Minquan Gate,19567.0048,100032,100099,1,0,1,0,1
Minquan Gate,Dongli Sanjing Road,19567.0048,100099,100032,1,0,1,1,0
Dongli Yijing Road,Erwei Road,19566.81249,100033,100036,3,0,3,2,1
Erwei Road,Dongli Yijing Road,19566.81249,100036,100033,1,0,1,0,1
Nansun Zhuang,Zhou and Deng Memorial Museum,19566.40575,100103,100191,1,0,1,0,1
Danhebei Road,Yizhongxin Hospital,19565.25537,100022,100177,5,0,5,3,2
Yizhongxin Hospital,Danhebei Road,19565.25537,100177,100022,3,0,3,2,1
Fuxing Gate,Fengchan River,19564.63849,100041,100039,12,0,12,9,3
Fengchan River,Fuxing Gate,19564.63849,100039,100041,6,0,6,3,3
Beiyangyuan Campus of Tianjin University,Huayuan,19563.56898,100007,100061,56,16,40,21,19
Huayuan,Beiyangyuan Campus of Tianjin University,19563.56898,100061,100007,38,10,28,10,18
Meijiang Park,Liuyuan,19560.99238,100096,100091,62,15,47,36,11
Liuyuan,Meijiang Park,19560.99238,100091,100096,60,21,39,19,20
Nanhe Zhuang,Shuanggang,19560.50456,100101,100118,16,7,9,6,3
Shuanggang,Nanhe Zhuang,19560.50456,100118,100101,10,3,7,1,6
Bianxing,Huanyu Road,19557.13195,100009,100059,1,0,1,0,1
Xunhai Road,Zhongshan Road,19551.59247,100166,100190,3,2,1,0,1
Zhongshan Road,Xunhai Road,19551.59247,100190,100166,2,0,2,0,2
Lilou,Zhangxing Zhuang,19546.11952,100086,100185,25,10,15,6,9
Zhangxing Zhuang,Lilou,19546.11952,100185,100086,22,7,15,9,6
Changhong Park,Dongli Development Zone,19545.74133,100012,100030,168,26,142,95,47
Dongli Development Zone,Changhong Park,19545.74133,100030,100012,144,32,112,65,47
Cao Zhuang,Nanhe Zhuang,19541.51971,100011,100101,114,59,55,41,14
Nanhe Zhuang,Cao Zhuang,19541.51971,100101,100011,111,42,69,32,37
Tianjin Hotel,Danhebei Road,19540.55091,100134,100022,31,8,23,20,3
Danhebei Road,Tianjin Hotel,19540.55091,100022,100134,23,5,18,10,8
Wujiayao,Dongli Yijing Road,19535.65442,100150,100033,4,0,4,1,3
Dongli Yijing Road,Wujiayao,19535.65442,100033,100150,3,0,3,1,2
Guoshan Road,Gaozhuangzi,19534.46016,100047,100043,4,2,2,1,1
Gaozhuangzi,Guoshan Road,19534.46016,100043,100047,2,2,0,0,0
University of Civil Aviation,Nanhe Zhuang,19532.32847,100142,100101,6,1,5,0,5
Nanhe Zhuang,University of Civil Aviation,19532.32847,100101,100142,4,2,2,0,2
Dongli Liujing Road,Yingkou Road,19532.16958,100031,100174,26,8,18,11,7
Yingkou Road,Dongli Liujing Road,19532.16958,100174,100031,17,10,7,1,6
Dongli Development Zone,Chinese Medicine First Affiliated Hospital,19531.26386,100030,100016,105,30,75,40,35
Chinese Medicine First Affiliated Hospital,Dongli Development Zone,19531.26386,100016,100030,101,31,70,28,42
Bianxing,Airport Economic Zone,19529.88069,100009,100001,347,58,289,258,31
Airport Economic Zone,Bianxing,19529.88069,100001,100009,304,48,256,175,81
Donggu Road,Wanshan Road,19528.92532,100026,100146,13,5,8,2,6
Wanshan Road,Donggu Road,19528.92532,100146,100026,10,6,4,2,2
Sports Centre,Dongli Liujing Road,19527.90243,100126,100031,22,1,21,14,7
Dongli Liujing Road,Sports Centre,19527.90243,100031,100126,15,2,13,5,8
University of Civil Aviation,Wangdingdi,19524.50498,100142,100145,12,6,6,5,1
Wangdingdi,University of Civil Aviation,19524.50498,100145,100142,8,4,4,3,1
Hangshuang Road,Xinli,19520.28267,100051,100161,3,0,3,3,0
Shiyijing Road,Haihe Education Zone,19520.15274,100117,100050,7,2,5,1,4
Haihe Education Zone,Shiyijing Road,19520.15274,100050,100117,6,0,6,4,2
Yizhongxin Hospital,Airport Economic Zone,19518.10955,100177,100001,340,51,289,213,76
Airport Economic Zone,Yizhongxin Hospital,19518.10955,100001,100177,314,60,254,166,88
Hehui South Road,Water Park Road East,19517.85396,100052,100147,178,77,101,68,33
Water Park Road East,Hehui South Road,19517.85396,100147,100052,144,62,82,52,30
Jieyuan West Road,Danhebei Road,19517.20634,100069,100022,14,4,10,10,0
Danhebei Road,Jieyuan West Road,19517.20634,100022,100069,6,1,5,5,0
Chinese Medicine First Affiliated Hospital,Liuyuan,19510.79358,100016,100091,295,84,211,98,113
Liuyuan,Chinese Medicine First Affiliated Hospital,19510.79358,100091,100016,286,87,199,122,77
Yuejin North Road,Guorui Road,19506.94349,100181,100046,2,1,1,1,0
Guorui Road,Yuejin North Road,19506.94349,100046,100181,1,0,1,1,0
Taida,Junliangcheng,19505.16573,100129,100081,886,227,659,404,255
Junliangcheng,Taida,19505.16573,100081,100129,859,226,633,432,201
Xinxing Village,JinZhong Street,19503.00517,100162,100080,1,0,1,0,1
Jianchang Road,Xuefu Industrial Area,19502.52161,100063,100163,57,5,52,50,2
Xuefu Industrial Area,Jianchang Road,19502.52161,100163,100063,48,2,46,42,4
Dongli Development Zone,Meijiang Exhibition Centre,19501.0882,100030,100095,67,32,35,25,10
Meijiang Exhibition Centre,Dongli Development Zone,19501.0882,100095,100030,58,21,37,26,11
National Exhibition Centre,Tianjin Hotel,19500.34842,100105,100134,3,1,2,1,1
Tianjin Hotel,National Exhibition Centre,19500.34842,100134,100105,3,0,3,2,1
South Station,Chunhai Road,19497.6577,100122,100017,38,2,36,17,19
Chunhai Road,South Station,19497.6577,100017,100122,30,1,29,19,10
University town,Huaihe Road,19497.09058,100143,100058,141,39,102,62,40
Huaihe Road,University town,19497.09058,100058,100143,100,25,75,49,26
Gaozhuangzi,Xingfu Park,19495.20376,100043,100159,95,36,59,24,35
Xingfu Park,Gaozhuangzi,19495.20376,100159,100043,56,16,40,21,19
Meijiang Exhibition Centre,Hongni River East,19492.89559,100095,100056,4,3,1,1,0
Hongni River East,Meijiang Exhibition Centre,19492.89559,100056,100095,4,2,2,1,1
Yizhongxin Hospital,Dongli Culture and Sports Centre,19491.59703,100177,100029,14,3,11,7,4
Dongli Culture and Sports Centre,Yizhongxin Hospital,19491.59703,100029,100177,11,0,11,11,0
University of Civil Aviation,Honghu Li,19487.25603,100142,100055,79,40,39,23,16
Honghu Li,University of Civil Aviation,19487.25603,100055,100142,75,43,32,20,12
Chunhai Road,JinZhong Street,19486.64904,100017,100080,11,2,9,7,2
JinZhong Street,Chunhai Road,19486.64904,100080,100017,7,2,5,5,0
Dongli Liujing Road,Yueya River,19485.24318,100031,100182,11,1,10,7,3
Yueya River,Dongli Liujing Road,19485.24318,100182,100031,8,0,8,7,1
Xinxing Village,Meijiang Road,19484.27326,100162,100097,4,0,4,4,0
Meijiang Road,Xinxing Village,19484.27326,100097,100162,3,0,3,1,2
Yaohuan Road,Dongli Development Zone,19482.89504,100170,100030,16,5,11,10,1
Dongli Development Zone,Yaohuan Road,19482.89504,100030,100170,9,1,8,7,1
Dongxing Road,Guorui Road,19479.25396,100035,100046,1,1,0,0,0
Shiyijing Road,Dongli Liujing Road,19475.15806,100117,100031,1,0,1,0,1
Lijiang Road,Liuyuan,19469.32266,100085,100091,88,6,82,14,68
Liuyuan,Lijiang Road,19469.32266,100091,100085,85,46,39,28,11
Tian Tower,Gaozhuangzi,19468.75929,100133,100043,151,58,93,50,43
Gaozhuangzi,Tian Tower,19468.75929,100043,100133,128,26,102,59,43
Yihao Bridge,Gaozhuangzi,19467.81993,100172,100043,7,0,7,1,6
Gaozhuangzi,Yihao Bridge,19467.81993,100043,100172,5,1,4,3,1
Dongting Road,Hangshuang Road,19461.35958,100034,100051,2,0,2,0,2
Hangshuang Road,Dongting Road,19461.35958,100051,100034,1,0,1,0,1
Jingli Road,Jinshi Bridge,19460.9171,100073,100076,32,5,27,17,10
Jinshi Bridge,Jingli Road,19460.9171,100076,100073,30,7,23,15,8
University town,JinZhong Street,19460.15289,100143,100080,112,25,87,43,44
JinZhong Street,University town,19460.15289,100080,100143,104,30,74,37,37
Gulou,Jingli Road,19457.67839,100045,100073,76,23,53,27,26
Jingli Road,Gulou,19457.67839,100073,100045,71,17,54,38,16
Huaihe Road,Meijiang Exhibition Centre,19453.12776,100058,100095,61,18,43,26,17
Meijiang Exhibition Centre,Huaihe Road,19453.12776,100095,100058,52,15,37,27,10
Number Two Bridge,Professional University,19452.45567,100110,100112,44,14,30,13,17
Professional University,Number Two Bridge,19452.45567,100112,100110,34,9,25,15,10
Junliangcheng,Dongxing Road,19451.57391,100081,100035,511,110,401,298,103
Dongxing Road,Junliangcheng,19451.57391,100035,100081,479,88,391,264,127
Anshan West Road,Beiyangyuan Campus of Tianjin University,19451.02672,100003,100007,235,92,143,66,77
Beiyangyuan Campus of Tianjin University,Anshan West Road,19451.02672,100007,100003,222,81,141,62,79
Weishan Road,Benxi Road,19448.56369,100148,100008,6,3,3,1,2
Benxi Road,Weishan Road,19448.56369,100008,100148,6,3,3,1,2
Nanhe Zhuang,Huayuan,19441.18697,100101,100061,49,9,40,23,17
Huayuan,Nanhe Zhuang,19441.18697,100061,100101,43,7,36,24,12
Huashan Li,Xuefu Industrial Area,19439.74325,100060,100163,136,4,132,129,3
Xuefu Industrial Area,Huashan Li,19439.74325,100163,100060,131,6,125,112,13
Xuzhuangzi,Xunhai Road,19433.56417,100168,100166,1,0,1,0,1
Xunhai Road,Xuzhuangzi,19433.56417,100166,100168,1,0,1,0,1
Binhai International Airport,Fuxing Road,19430.23735,100010,100042,74,28,46,9,37
Fuxing Road,Binhai International Airport,19430.23735,100042,100010,72,22,50,28,22
Jiayuan Li,Dongting Road,19426.07615,100067,100034,19,4,15,12,3
Dongting Road,Jiayuan Li,19426.07615,100034,100067,18,4,14,9,5
Guorui Road,Cultural centre,19424.51315,100046,100020,15,6,9,7,2
Cultural centre,Guorui Road,19424.51315,100020,100046,6,2,4,3,1
Airport Economic Zone,Fengchan River,19420.94936,100001,100039,17,10,7,3,4
Fengchan River,Airport Economic Zone,19420.94936,100039,100001,13,5,8,5,3
Dongli Development Zone,Dengzhou Road,19419.07908,100030,100024,41,6,35,25,10
Dengzhou Road,Dongli Development Zone,19419.07908,100024,100030,35,7,28,20,8
Beiyangyuan Campus of Tianjin University,Anshan Road,19418.1369,100007,100002,100,38,62,37,25
Anshan Road,Beiyangyuan Campus of Tianjin University,19418.1369,100002,100007,61,26,35,12,23
Cao Zhuang,Fengchan River,19417.74279,100011,100039,26,2,24,14,10
Fengchan River,Cao Zhuang,19417.74279,100039,100011,12,1,11,4,7
Sports Centre,Nansun Zhuang,19412.61304,100126,100103,2,0,2,1,1
Nansun Zhuang,Sports Centre,19412.61304,100103,100126,2,0,2,1,1
Ruijing XinYuan,Jiangwan Erzhi Road,19412.28953,100114,100065,29,5,24,16,8
Jiangwan Erzhi Road,Ruijing XinYuan,19412.28953,100065,100114,28,8,20,13,7
Xunhai Road,Tian Tower,19411.64881,100166,100133,3,1,2,0,2
Tian Tower,Xunhai Road,19411.64881,100133,100166,2,1,1,1,0
Ruijing XinYuan,Meijiang Exhibition Centre,19408.59751,100114,100095,159,59,100,63,37
Meijiang Exhibition Centre,Ruijing XinYuan,19408.59751,100095,100114,141,57,84,51,33
Xiangshan Road,Ruijing XinYuan,19407.59767,100151,100114,52,14,38,23,15
Ruijing XinYuan,Xiangshan Road,19407.59767,100114,100151,50,11,39,29,10
Dongli Culture and Sports Centre,Yixingbu,19406.26423,100029,100175,1,1,0,0,0
Yixingbu,Dongli Culture and Sports Centre,19406.26423,100175,100029,1,0,1,1,0
Ruijing XinYuan,Wanshan Road,19406.06166,100114,100146,19,3,16,11,5
Wanshan Road,Ruijing XinYuan,19406.06166,100146,100114,16,1,15,8,7
Shuanglin,Benxi Road,19401.27838,100119,100008,226,55,171,109,62
Benxi Road,Shuanglin,19401.27838,100008,100119,213,64,149,92,57
Liaohe North Road,Liqi Zhuang South,19394.71237,100084,100088,15,5,10,7,3
Liqi Zhuang South,Liaohe North Road,19394.71237,100088,100084,9,0,9,8,1
Yingfeng Road,Xiaodian,19393.8874,100173,100155,14,1,13,10,3
Xiaodian,Yingfeng Road,19393.8874,100155,100173,8,1,7,4,3
Xiaodong Zhuang,Jianguo Road,19391.86493,100156,100064,83,27,56,39,17
Jianguo Road,Xiaodong Zhuang,19391.86493,100064,100156,76,17,59,31,28
Binhai International Airport,People's Hospital,19391.42923,100010,100111,102,37,65,28,37
People's Hospital,Binhai International Airport,19391.42923,100111,100010,84,23,61,29,32
Xinxing Village,Hongni River East,19390.20248,100162,100056,1,1,0,0,0
Ruijing XinYuan,Fangshan Road,19386.35684,100114,100038,10,3,7,1,6
Fangshan Road,Ruijing XinYuan,19386.35684,100038,100114,8,3,5,2,3
Dongli Culture and Sports Centre,Xinkai River,19386.12751,100029,100160,1,1,0,0,0
Hongqi South Road,Nansun Zhuang,19381.51306,100057,100103,13,2,11,9,2
Nansun Zhuang,Hongqi South Road,19381.51306,100103,100057,8,0,8,4,4
Southwest corner,Gaozhuangzi,19381.30926,100124,100043,279,98,181,103,78
Gaozhuangzi,Southwest corner,19381.30926,100043,100124,275,90,185,105,80
The Financial University,Huaihe Road,19380.67035,100132,100058,71,27,44,23,21
Huaihe Road,The Financial University,19380.67035,100058,100132,57,19,38,22,16
Honghu Li,Xinli,19379.32795,100055,100161,81,31,50,23,27
Xinli,Honghu Li,19379.32795,100161,100055,56,22,34,16,18
Huayuan,Zhaoyuan Road,19368.77682,100061,100186,2,0,2,0,2
Zhaoyuan Road,Huayuan,19368.77682,100186,100061,1,1,0,0,0
JinZhong Street,Jiangwan Erzhi Road,19363.57432,100080,100065,8,0,8,8,0
Jiangwan Erzhi Road,JinZhong Street,19363.57432,100065,100080,2,1,1,0,1
Jianguo Road,Gaozhuangzi,19358.72041,100064,100043,85,35,50,33,17
Gaozhuangzi,Jianguo Road,19358.72041,100043,100064,66,23,43,27,16
Leyuan Road,National Exhibition Centre,19357.35951,100083,100105,2,1,1,0,1
Dongli Culture and Sports Centre,Zhou and Deng Memorial Museum,19357.17098,100029,100191,2,0,2,1,1
Zhou and Deng Memorial Museum,Dongli Culture and Sports Centre,19357.17098,100191,100029,2,2,0,0,0
Jingli Road,Bei Zhulin,19355.68449,100073,100004,20,3,17,15,2
Bei Zhulin,Jingli Road,19355.68449,100004,100073,16,2,14,14,0
Foreign Languages High School,Lilou,19351.19268,100040,100086,9,1,8,2,6
Lilou,Foreign Languages High School,19351.19268,100086,100040,4,2,2,1,1
University town,Shuanglin,19351.1658,100143,100119,188,74,114,47,67
Shuanglin,University town,19351.1658,100119,100143,152,64,88,53,35
Jianchang Road,Jingli Road,19350.06137,100063,100073,27,5,22,20,2
Jingli Road,Jianchang Road,19350.06137,100073,100063,25,2,23,22,1
Binhai International Airport,Number Two Bridge,19349.68384,100010,100110,34,10,24,9,15
Number Two Bridge,Binhai International Airport,19349.68384,100110,100010,24,8,16,12,4
Lilou,Tiedong Road,19345.05647,100086,100139,70,5,65,50,15
Tiedong Road,Lilou,19345.05647,100139,100086,65,9,56,38,18
Hangshuang Road,North China Group,19342.57566,100051,100107,12,1,11,7,4
North China Group,Hangshuang Road,19342.57566,100107,100051,7,2,5,3,2
Qinjian Road,North Beichen Tech Park,19340.86004,100113,100106,7,2,5,3,2
North Beichen Tech Park,Qinjian Road,19340.86004,100106,100113,3,2,1,1,0
Beichen Road,Wangdingdi,19339.9894,100005,100145,16,5,11,8,3
Wangdingdi,Beichen Road,19339.9894,100145,100005,16,2,14,10,4
High-Tech Zone,Liuyuan,19339.37943,100054,100091,378,59,319,250,69
Liuyuan,High-Tech Zone,19339.37943,100091,100054,373,65,308,253,55
Yuejin North Road,Fengchan River,19338.28672,100181,100039,3,0,3,3,0
Fengchan River,Yuejin North Road,19338.28672,100039,100181,1,0,1,0,1
Tiantuo,Airport Economic Zone,19336.73288,100138,100001,279,42,237,162,75
Airport Economic Zone,Tiantuo,19336.73288,100001,100138,236,24,212,153,59
Yihao Bridge,Ruijing XinYuan,19334.46859,100172,100114,60,15,45,26,19
Ruijing XinYuan,Yihao Bridge,19334.46859,100114,100172,53,16,37,24,13
Beichen Road,Jinmao Industrial Area,19334.09434,100005,100074,11,0,11,11,0
Jinmao Industrial Area,Beichen Road,19334.09434,100074,100005,5,0,5,4,1
Beiyangyuan Campus of Tianjin University,Chenglin Road,19333.82532,100007,100014,21,11,10,7,3
Chenglin Road,Beiyangyuan Campus of Tianjin University,19333.82532,100014,100007,17,11,6,2,4
Professional University,Changling Road,19333.38189,100112,100013,79,18,61,24,37
Changling Road,Professional University,19333.38189,100013,100112,74,22,52,34,18
North China Group,Changling Road,19331.702,100107,100013,175,91,84,43,41
Changling Road,North China Group,19331.702,100013,100107,163,36,127,58,69
Liaohe North Road,Meilin Road,19328.93352,100084,100098,15,5,10,2,8
Meilin Road,Liaohe North Road,19328.93352,100098,100084,11,1,10,6,4
Xiaodian,Chentang Zhuang,19327.76863,100155,100015,42,1,41,34,7
Chentang Zhuang,Xiaodian,19327.76863,100015,100155,36,2,34,25,9
Bei Zhulin,Binhai International Airport,19326.66107,100004,100010,10,2,8,7,1
Binhai International Airport,Bei Zhulin,19326.66107,100010,100004,9,2,7,6,1
Jingli Road,West Station,19324.71932,100073,100149,252,79,173,80,93
West Station,Jingli Road,19324.71932,100149,100073,250,80,170,48,122
Xiaodong Zhuang,Jinwan Square,19324.55904,100156,100078,107,20,87,62,25
Jinwan Square,Xiaodong Zhuang,19324.55904,100078,100156,101,25,76,49,27
Youyi South Road,Jiayuan Li,19318.93209,100178,100067,6,0,6,1,5
Jiayuan Li,Youyi South Road,19318.93209,100067,100178,2,1,1,0,1
Xinxing Village,Yaohuan Road,19318.61989,100162,100170,2,0,2,0,2
Yaohuan Road,Xinxing Village,19318.61989,100170,100162,2,1,1,1,0
Zhaoyuan Road,People's Hospital,19317.80551,100186,100111,3,1,2,2,0
People's Hospital,Zhaoyuan Road,19317.80551,100111,100186,2,0,2,0,2
Jianguo Road,Dongli Sanjing Road,19317.15559,100064,100032,5,1,4,3,1
Dongli Sanjing Road,Jianguo Road,19317.15559,100032,100064,2,0,2,1,1
North Beichen Tech Park,Anshan Road,19316.44833,100106,100002,180,29,151,98,53
Anshan Road,North Beichen Tech Park,19316.44833,100002,100106,152,29,123,45,78
Tumour Hospital,Danhebei Road,19315.64587,100141,100022,86,19,67,24,43
Danhebei Road,Tumour Hospital,19315.64587,100022,100141,81,21,60,33,27
Jiayuan Li,Nansun Zhuang,19313.07185,100067,100103,5,0,5,5,0
Nansun Zhuang,Jiayuan Li,19313.07185,100103,100067,4,0,4,3,1
Yingkou Road,Xiaodong Zhuang,19306.9887,100174,100156,476,161,315,137,178
Xiaodong Zhuang,Yingkou Road,19306.9887,100156,100174,460,186,274,163,111
Nanhe Zhuang,Liulin Road,19300.36158,100101,100089,12,6,6,5,1
Liulin Road,Nanhe Zhuang,19300.36158,100089,100101,11,7,4,1,3
National Exhibition Centre,Yudongcheng,19298.19545,100105,100180,6,4,2,0,2
Yudongcheng,National Exhibition Centre,19298.19545,100180,100105,5,4,1,1,0
Yangwu Zhuang,Fuxing Gate,19290.53632,100169,100041,45,5,40,36,4
Fuxing Gate,Yangwu Zhuang,19290.53632,100041,100169,41,6,35,27,8
Yangwu Zhuang,Yixingbu,19287.54742,100169,100175,67,14,53,45,8
Yixingbu,Yangwu Zhuang,19287.54742,100175,100169,56,13,43,35,8
Youyi South Road,Yixingbu North,19281.99885,100178,100176,9,2,7,3,4
Yixingbu North,Youyi South Road,19281.99885,100176,100178,7,0,7,2,5
Liuyuan,Yaohuan Road,19281.87188,100091,100170,57,16,41,23,18
Yaohuan Road,Liuyuan,19281.87188,100170,100091,36,8,28,17,11
Wangdingdi,Xiaodian,19278.50307,100145,100155,48,9,39,32,7
Xiaodian,Wangdingdi,19278.50307,100155,100145,33,9,24,20,4
Lijiang Road,Binhai International Airport,19278.32382,100085,100010,57,15,42,22,20
Binhai International Airport,Lijiang Road,19278.32382,100010,100085,53,18,35,11,24
University of Civil Aviation,Nancuiping,19276.99793,100142,100100,17,4,13,6,7
Nancuiping,University of Civil Aviation,19276.99793,100100,100142,15,5,10,5,5
Zhaoyuan Road,Dabi Zhuang,19275.87714,100186,100021,1,0,1,1,0
North Beichen Tech Park,Xikang Road,19275.67932,100106,100158,140,16,124,98,26
Xikang Road,North Beichen Tech Park,19275.67932,100158,100106,128,15,113,78,35
Shunchi Bridge,Gaozhuangzi,19274.6864,100120,100043,23,5,18,11,7
Gaozhuangzi,Shunchi Bridge,19274.6864,100043,100120,21,3,18,8,10
Siyuan Road,Dongli Development Zone,19272.58739,100121,100030,37,4,33,29,4
Dongli Development Zone,Siyuan Road,19272.58739,100030,100121,27,0,27,22,5
Shaliu South Road,Danhebei Road,19271.83337,100116,100022,5,1,4,4,0
Xuefu Industrial Area,Yixingbu North,19270.69704,100163,100176,79,10,69,48,21
Yixingbu North,Xuefu Industrial Area,19270.69704,100176,100163,79,12,67,55,12
Lushui Road,Yuejin North Road,19268.72054,100093,100181,6,3,3,3,0
Yuejin North Road,Lushui Road,19268.72054,100181,100093,3,1,2,2,0
Hangshuang Road,Jiefang South Road,19264.58619,100051,100068,11,0,11,4,7
Jiefang South Road,Hangshuang Road,19264.58619,100068,100051,11,0,11,7,4
Xinxing Village,Yixingbu,19263.99642,100162,100175,1,1,0,0,0
JinZhong Street,Shuanglin,19263.28908,100080,100119,28,8,20,14,6
Shuanglin,JinZhong Street,19263.28908,100119,100080,27,7,20,16,4
Gaozhuangzi,Xuzhou Road,19261.00378,100043,100167,1,0,1,0,1
Jingli Road,People's Hospital,19259.46078,100073,100111,140,37,103,69,34
People's Hospital,Jingli Road,19259.46078,100111,100073,120,34,86,56,30
Dongting Road,Liaohe North Road,19259.41898,100034,100084,9,3,6,3,3
Liaohe North Road,Dongting Road,19259.41898,100084,100034,4,1,3,2,1
The Financial University,Cao Zhuang,19258.63631,100132,100011,392,141,251,142,109
Cao Zhuang,The Financial University,19258.63631,100011,100132,373,148,225,136,89
Beiyangyuan Campus of Tianjin University,Liqi Zhuang South,19258.50563,100007,100088,2,2,0,0,0
Liqi Zhuang South,Beiyangyuan Campus of Tianjin University,19258.50563,100088,100007,1,1,0,0,0
Yutai,Liaohe North Road,19257.33842,100183,100084,14,5,9,4,5
Liaohe North Road,Yutai,19257.33842,100084,100183,9,5,4,3,1
Fengchan River,Meijiang Road,19257.33391,100039,100097,10,0,10,10,0
Meijiang Road,Fengchan River,19257.33391,100097,100039,9,0,9,8,1
Zhicheng Road,Yangwu Zhuang,19256.02721,100187,100169,14,4,10,7,3
Yangwu Zhuang,Zhicheng Road,19256.02721,100169,100187,13,4,9,7,2
Water Park Road East,Xiaodian,19252.58885,100147,100155,28,9,19,17,2
Xiaodian,Water Park Road East,19252.58885,100155,100147,22,12,10,5,5
Jiefang South Road,Jiayuan Li,19251.47189,100068,100067,176,42,134,87,47
Jiayuan Li,Jiefang South Road,19251.47189,100067,100068,139,35,104,79,25
High-Tech Zone,Laoshan Road,19249.91729,100054,100082,41,5,36,23,13
Laoshan Road,High-Tech Zone,19249.91729,100082,100054,38,5,33,28,5
Chunhai Road,Yixingbu,19247.64029,100017,100175,25,6,19,13,6
Yixingbu,Chunhai Road,19247.64029,100175,100017,19,6,13,8,5
Dawang Zhuang,Beiyangyuan Campus of Tianjin University,19246.33342,100023,100007,18,5,13,10,3
Beiyangyuan Campus of Tianjin University,Dawang Zhuang,19246.33342,100007,100023,14,7,7,2,5
Xuefu Industrial Area,Siyuan Road,19241.22784,100163,100121,43,2,41,33,8
Siyuan Road,Xuefu Industrial Area,19241.22784,100121,100163,41,2,39,37,2
Steel Tube Company,Number Two Bridge,19238.86204,100127,100110,597,110,487,340,147
Number Two Bridge,Steel Tube Company,19238.86204,100110,100127,509,100,409,282,127
Yixingbu North,Dongjiang Road,19237.31444,100176,100028,1,0,1,1,0
Huashan Li,North China Group,19236.9918,100060,100107,210,86,124,84,40
North China Group,Huashan Li,19236.9918,100107,100060,189,49,140,69,71
Jintang Road,Guorui Road,19236.84691,100077,100046,5,3,2,1,1
Guorui Road,Jintang Road,19236.84691,100046,100077,3,2,1,0,1
JinZhong River Street,Yangwu Zhuang,19233.50594,100079,100169,36,11,25,15,10
Yangwu Zhuang,JinZhong River Street,19233.50594,100169,100079,35,8,27,17,10
Zhaoyuan Road,Anshan West Road,19233.19627,100186,100003,14,1,13,13,0
Anshan West Road,Zhaoyuan Road,19233.19627,100003,100186,11,0,11,5,6
Benxi Road,Nanzhu Bridge,19230.18498,100008,100104,14,2,12,8,4
Nanzhu Bridge,Benxi Road,19230.18498,100104,100008,13,4,9,6,3
Huayuan,Hangshuang Road,19223.34191,100061,100051,23,3,20,13,7
Hangshuang Road,Huayuan,19223.34191,100051,100061,19,3,16,11,5
Lijiang Road,Dabi Zhuang,19221.29996,100085,100021,10,1,9,4,5
Dabi Zhuang,Lijiang Road,19221.29996,100021,100085,7,3,4,4,0
Tianshili,Weishan Road,19218.55838,100136,100148,1,1,0,0,0
Weishan Road,Tianshili,19218.55838,100148,100136,1,0,1,0,1
Jinshi Bridge,Dongli Yijing Road,19217.52632,100076,100033,4,0,4,3,1
Dongli Yijing Road,Jinshi Bridge,19217.52632,100033,100076,1,0,1,1,0
Wanshan Road,High-Tech Zone,19214.39123,100146,100054,26,2,24,24,0
High-Tech Zone,Wanshan Road,19214.39123,100054,100146,22,1,21,18,3
Beichen Road,Ruijing XinYuan,19211.36479,100005,100114,12,6,6,2,4
Ruijing XinYuan,Beichen Road,19211.36479,100114,100005,12,3,9,3,6
Liuyuan,Nanhe Zhuang,19211.34398,100091,100101,105,44,61,23,38
Nanhe Zhuang,Liuyuan,19211.34398,100101,100091,96,34,62,38,24
Tiantai Road,Lilou,19209.18998,100137,100086,60,14,46,30,16
Lilou,Tiantai Road,19209.18998,100086,100137,42,8,34,20,14
Dongxing Road,Haihe Education Zone,19209.03443,100035,100050,2,0,2,1,1
Magangchang,Yangwu Zhuang,19207.72983,100094,100169,1,0,1,1,0
Beining Park,Lilou,19206.2657,100006,100086,36,5,31,23,8
Lilou,Beining Park,19206.2657,100086,100006,28,4,24,15,9
Shuanglin,Tianshili,19205.98998,100119,100136,18,4,14,8,6
Tianshili,Shuanglin,19205.98998,100136,100119,12,4,8,4,4
Hongni River East,Yueya River,19203.79162,100056,100182,12,7,5,3,2
Yueya River,Hongni River East,19203.79162,100182,100056,9,2,7,4,3
Zuojiang Road,Professional University,19202.71625,100192,100112,27,6,21,15,6
Professional University,Zuojiang Road,19202.71625,100112,100192,23,4,19,6,13
South Station,Chentang Zhuang,19198.17116,100122,100015,553,107,446,294,152
Chentang Zhuang,South Station,19198.17116,100015,100122,460,108,352,239,113
Xuzhuangzi,Jinghe Road,19196.70202,100168,100071,5,1,4,1,3
Jinghe Road,Xuzhuangzi,19196.70202,100071,100168,1,0,1,0,1
Laoshan Road,Guorui Road,19196.00759,100082,100046,8,5,3,2,1
Guorui Road,Laoshan Road,19196.00759,100046,100082,3,1,2,0,2
North Beichen Tech Park,Yudongcheng,19196.0016,100106,100180,110,21,89,74,15
Yudongcheng,North Beichen Tech Park,19196.0016,100180,100106,102,6,96,63,33
Dongli Sanjing Road,Water Park Road East,19194.94651,100032,100147,2,0,2,2,0
High-Tech Zone,Fangshan Road,19194.6864,100054,100038,20,1,19,16,3
Fangshan Road,High-Tech Zone,19194.6864,100038,100054,19,2,17,15,2
Jiefang South Road,Liaohe North Road,19193.74304,100068,100084,70,17,53,35,18
Liaohe North Road,Jiefang South Road,19193.74304,100084,100068,64,10,54,39,15
Lilou,Huayuan,19193.04236,100086,100061,283,33,250,206,44
Huayuan,Lilou,19193.04236,100061,100086,232,25,207,149,58
Jinghe Road,High-Tech Zone,19192.9192,100071,100054,25,8,17,13,4
High-Tech Zone,Jinghe Road,19192.9192,100054,100071,21,4,17,10,7
Beiyangyuan Campus of Tianjin University,Chentang Zhuang,19190.96336,100007,100015,5,3,2,1,1
Chentang Zhuang,Beiyangyuan Campus of Tianjin University,19190.96336,100015,100007,4,3,1,0,1
Bianxing,Weishan Road,19190.21861,100009,100148,3,2,1,0,1
Weishan Road,Bianxing,19190.21861,100148,100009,1,0,1,1,0
Jiayuan Li,Guoshan Road,19189.77299,100067,100047,35,5,30,26,4
Guoshan Road,Jiayuan Li,19189.77299,100047,100067,20,5,15,8,7
Xiangshan Road,Dongli Development Zone,19189.2208,100151,100030,7,3,4,3,1
Dongli Development Zone,Xiangshan Road,19189.2208,100030,100151,4,1,3,1,2
Bianxing,Shuanglin,19187.90735,100009,100119,51,10,41,24,17
Shuanglin,Bianxing,19187.90735,100119,100009,40,8,32,23,9
Zhongshan Road,Jingli Road,19187.89723,100190,100073,25,1,24,16,8
Jingli Road,Zhongshan Road,19187.89723,100073,100190,20,0,20,12,8
Taichang Road,Xiaodong Zhuang,19186.64041,100128,100156,118,31,87,41,46
Xiaodong Zhuang,Taichang Road,19186.64041,100156,100128,97,27,70,44,26
Zhanggui Zhuang,Benxi Road,19186.2491,100184,100008,91,29,62,34,28
Benxi Road,Zhanggui Zhuang,19186.2491,100008,100184,89,29,60,29,31
Chinese Medicine First Affiliated Hospital,National Exhibition Centre,19183.94653,100016,100105,3,1,2,1,1
National Exhibition Centre,Chinese Medicine First Affiliated Hospital,19183.94653,100105,100016,2,0,2,2,0
Meijiang Park,Nansun Zhuang,19181.71772,100096,100103,3,2,1,0,1
Dongli Liujing Road,Yuanyang International Centre,19181.39484,100031,100179,17,3,14,9,5
Yuanyang International Centre,Dongli Liujing Road,19181.39484,100179,100031,14,2,12,7,5
Magangchang,Bianxing,19179.93713,100094,100009,9,0,9,6,3
Bianxing,Magangchang,19179.93713,100009,100094,7,0,7,3,4
Liqi Zhuang South,Xinli,19175.70975,100088,100161,3,0,3,1,2
Xinli,Liqi Zhuang South,19175.70975,100161,100088,1,0,1,0,1
Xiaodong Zhuang,Jingjiang Road,19175.42633,100156,100072,79,15,64,49,15
Jingjiang Road,Xiaodong Zhuang,19175.42633,100072,100156,68,18,50,41,9
Zhanggui Zhuang,Nanhe Zhuang,19175.33809,100184,100101,27,7,20,14,6
Nanhe Zhuang,Zhanggui Zhuang,19175.33809,100101,100184,26,10,16,4,12
Tian Tower,Danhebei Road,19172.35668,100133,100022,15,1,14,12,2
Danhebei Road,Tian Tower,19172.35668,100022,100133,11,2,9,6,3
Liuyuan,Fengchan River,19170.7418,100091,100039,28,9,19,12,7
Fengchan River,Liuyuan,19170.7418,100039,100091,12,5,7,4,3
Huaihe Road,Zhanggui Zhuang,19168.81403,100058,100184,55,15,40,32,8
Zhanggui Zhuang,Huaihe Road,19168.81403,100184,100058,30,8,22,14,8
Professional University,Cao Zhuang,19166.97617,100112,100011,173,71,102,57,45
Cao Zhuang,Professional University,19166.97617,100011,100112,162,82,80,30,50
North Beichen Tech Park,Xuzhou Road,19164.77672,100106,100167,96,5,91,82,9
Xuzhou Road,North Beichen Tech Park,19164.77672,100167,100106,89,5,84,68,16
Huashan Li,Ruijing XinYuan,19164.72441,100060,100114,328,84,244,148,96
Ruijing XinYuan,Huashan Li,19164.72441,100114,100060,308,91,217,108,109
Nanhe Zhuang,Binhai International Airport,19164.0139,100101,100010,12,1,11,5,6
Binhai International Airport,Nanhe Zhuang,19164.0139,100010,100101,8,2,6,4,2
Fengchan River,Huayuan,19160.56402,100039,100061,73,7,66,61,5
Huayuan,Fengchan River,19160.56402,100061,100039,64,4,60,48,12
Tiantuo,Hangshuang Road,19160.31212,100138,100051,26,1,25,24,1
Hangshuang Road,Tiantuo,19160.31212,100051,100138,20,5,15,12,3
Dabi Zhuang,Shuanggang,19159.57551,100021,100118,18,5,13,7,6
Shuanggang,Dabi Zhuang,19159.57551,100118,100021,17,12,5,1,4
The Financial University,Jiayuan Li,19152.39744,100132,100067,232,55,177,74,103
Jiayuan Li,The Financial University,19152.39744,100067,100132,209,49,160,100,60
Southeast Corner,Gaozhuangzi,19151.94326,100123,100043,245,147,98,45,53
Gaozhuangzi,Southeast Corner,19151.94326,100043,100123,241,153,88,47,41
Shuanggang,Zhangxing Zhuang,19150.74948,100118,100185,8,1,7,3,4
Zhangxing Zhuang,Shuanggang,19150.74948,100185,100118,6,0,6,1,5
Lushui Road,Benxi Road,19149.63781,100093,100008,45,16,29,21,8
Benxi Road,Lushui Road,19149.63781,100008,100093,28,12,16,10,6
University town,Zhanggui Zhuang,19149.0501,100143,100184,222,69,153,84,69
Zhanggui Zhuang,University town,19149.0501,100184,100143,193,72,121,65,56
Dongli Liujing Road,Cultural centre,19146.9008,100031,100020,7,1,6,4,2
Cultural centre,Dongli Liujing Road,19146.9008,100020,100031,7,2,5,1,4
Lingbin Road,Beichen Road,19141.88931,100087,100005,114,23,91,60,31
Beichen Road,Lingbin Road,19141.88931,100005,100087,102,20,82,54,28
Jinmao Industrial Area,Jiayuan Li,19138.95954,100074,100067,15,1,14,11,3
Jiayuan Li,Jinmao Industrial Area,19138.95954,100067,100074,14,3,11,11,0
Xunhai Road,Binhai International Airport,19138.39664,100166,100010,11,5,6,5,1
Binhai International Airport,Xunhai Road,19138.39664,100010,100166,9,0,9,5,4
Dabi Zhuang,Chinese Medicine First Affiliated Hospital,19138.29968,100021,100016,64,20,44,29,15
Chinese Medicine First Affiliated Hospital,Dabi Zhuang,19138.29968,100016,100021,63,22,41,14,27
Zhou and Deng Memorial Museum,Dongli Development Zone,19136.48397,100191,100030,78,20,58,35,23
Dongli Development Zone,Zhou and Deng Memorial Museum,19136.48397,100030,100191,74,16,58,35,23
Nanzhu Bridge,Zhangxing Zhuang,19135.62235,100104,100185,16,4,12,11,1
Zhangxing Zhuang,Nanzhu Bridge,19135.62235,100185,100104,10,2,8,7,1
Steel Tube Company,Taihu Road,19130.77862,100127,100130,768,141,627,518,109
Taihu Road,Steel Tube Company,19130.77862,100130,100127,743,133,610,464,146
Qinjian Road,Hangshuang Road,19129.32304,100113,100051,30,2,28,22,6
Hangshuang Road,Qinjian Road,19129.32304,100051,100113,21,4,17,11,6
Jinnan Campus of Nankai University,Nancuiping,19127.5438,100075,100100,56,17,39,16,23
Nancuiping,Jinnan Campus of Nankai University,19127.5438,100100,100075,53,19,34,25,9
Professional University,Airport Economic Zone,19126.13833,100112,100001,151,37,114,92,22
Airport Economic Zone,Professional University,19126.13833,100001,100112,125,40,85,50,35
Dengzhou South Road,Xiaodian,19120.89194,100025,100155,26,3,23,23,0
Xiaodian,Dengzhou South Road,19120.89194,100155,100025,20,4,16,6,10
Fuxing Gate,Liuyuan,19119.14474,100041,100091,798,147,651,347,304
Liuyuan,Fuxing Gate,19119.14474,100091,100041,781,209,572,371,201
Haihe Education Zone,Chinese Medicine First Affiliated Hospital,19119.09733,100050,100016,8,0,8,4,4
Chinese Medicine First Affiliated Hospital,Haihe Education Zone,19119.09733,100016,100050,7,0,7,0,7
Fengchan River,Yihao Bridge,19118.98953,100039,100172,29,5,24,16,8
Yihao Bridge,Fengchan River,19118.98953,100172,100039,22,2,20,6,14
North Beichen Tech Park,Xiawafang,19118.92922,100106,100157,243,44,199,141,58
Xiawafang,North Beichen Tech Park,19118.92922,100157,100106,218,32,186,131,55
Zhou and Deng Memorial Museum,Beiyangyuan Campus of Tianjin University,19111.37874,100191,100007,19,9,10,3,7
Beiyangyuan Campus of Tianjin University,Zhou and Deng Memorial Museum,19111.37874,100007,100191,15,8,7,2,5
North China Group,Huanyu Road,19109.91002,100107,100059,1,1,0,0,0
Huanyu Road,North China Group,19109.91002,100059,100107,1,1,0,0,0
University of Civil Aviation,Liqi Zhuang South,19108.68553,100142,100088,4,4,0,0,0
Liqi Zhuang South,University of Civil Aviation,19108.68553,100088,100142,2,2,0,0,0
Magangchang,JinZhong Street,19104.94983,100094,100080,3,1,2,0,2
JinZhong Street,Magangchang,19104.94983,100080,100094,1,1,0,0,0
Benxi Road,Liulin Road,19097.83183,100008,100089,121,28,93,49,44
Liulin Road,Benxi Road,19097.83183,100089,100008,105,32,73,37,36
Dongli Sanjing Road,Xikang Road,19096.39491,100032,100158,8,1,7,5,2
Xikang Road,Dongli Sanjing Road,19096.39491,100158,100032,6,0,6,3,3
South Station,Taichang Road,19094.66141,100122,100128,337,100,237,146,91
Taichang Road,South Station,19094.66141,100128,100122,322,109,213,118,95
Beichen Road,Dengzhou South Road,19094.25122,100005,100025,20,7,13,6,7
Dengzhou South Road,Beichen Road,19094.25122,100025,100005,20,7,13,4,9
Beiyangyuan Campus of Tianjin University,Yutai,19087.38897,100007,100183,2,0,2,0,2
Yingfeng Road,Airport Economic Zone,19087.20707,100173,100001,175,39,136,100,36
Airport Economic Zone,Yingfeng Road,19087.20707,100001,100173,106,23,83,53,30
University town,Huanyu Road,19084.52161,100143,100059,3,1,2,1,1
Huanyu Road,University town,19084.52161,100059,100143,3,2,1,1,0
Gaozhuangzi,Water Park Road East,19080.8455,100043,100147,65,44,21,10,11
Water Park Road East,Gaozhuangzi,19080.8455,100147,100043,55,27,28,19,9
Jinghe Road,Tiedong Road,19080.53799,100071,100139,12,0,12,11,1
Tiedong Road,Jinghe Road,19080.53799,100139,100071,9,1,8,0,8
Xuelian South Road,Nanhe Zhuang,19079.51621,100164,100101,1,1,0,0,0
South Station,Meilin Road,19079.3079,100122,100098,317,85,232,108,124
Meilin Road,South Station,19079.3079,100098,100122,249,69,180,84,96
Haihe Education Zone,Lijiang Road,19077.62641,100050,100085,1,1,0,0,0
Binhai International Airport,Tumour Hospital,19070.40805,100010,100141,793,268,525,177,348
Tumour Hospital,Binhai International Airport,19070.40805,100141,100010,504,124,380,168,212
Yueya River,Jingli Road,19067.88708,100182,100073,83,11,72,65,7
Jingli Road,Yueya River,19067.88708,100073,100182,63,11,52,39,13
Huaihe Road,Chinese Medicine First Affiliated Hospital,19066.62561,100058,100016,152,35,117,84,33
Chinese Medicine First Affiliated Hospital,Huaihe Road,19066.62561,100016,100058,121,30,91,40,51
Zhou and Deng Memorial Museum,Hongni River East,19065.52849,100191,100056,42,7,35,23,12
Hongni River East,Zhou and Deng Memorial Museum,19065.52849,100056,100191,31,5,26,16,10
Dongjiang Road,West Station,19063.14545,100028,100149,1,0,1,1,0
Jinmao Industrial Area,Cao Zhuang,19061.69884,100074,100011,35,5,30,23,7
Cao Zhuang,Jinmao Industrial Area,19061.69884,100011,100074,27,1,26,22,4
Xiawafang,Donggu Road,19060.14778,100157,100026,1472,305,1167,752,415
Donggu Road,Xiawafang,19060.14778,100026,100157,1458,337,1121,798,323
Xiaodian,Tumour Hospital,19059.46728,100155,100141,75,15,60,50,10
Tumour Hospital,Xiaodian,19059.46728,100141,100155,68,11,57,30,27
Jingli Road,University town,19056.74032,100073,100143,63,19,44,29,15
University town,Jingli Road,19056.74032,100143,100073,48,12,36,23,13
Danhebei Road,Tucheng,19054.40187,100022,100140,24,4,20,10,10
Tucheng,Danhebei Road,19054.40187,100140,100022,15,4,11,9,2
Airport Economic Zone,Qinjian Road,19052.40151,100001,100113,434,122,312,234,78
Qinjian Road,Airport Economic Zone,19052.40151,100113,100001,419,56,363,289,74
Liaohe North Road,High-Tech Zone,19052.15465,100084,100054,44,4,40,33,7
High-Tech Zone,Liaohe North Road,19052.15465,100054,100084,38,4,34,20,14
Nanhe Zhuang,Meijiang Exhibition Centre,19052.05353,100101,100095,38,15,23,8,15
Meijiang Exhibition Centre,Nanhe Zhuang,19052.05353,100095,100101,26,12,14,7,7
Number Two Bridge,Jiayuan Li,19050.79998,100110,100067,66,14,52,30,22
Jiayuan Li,Number Two Bridge,19050.79998,100067,100110,59,16,43,28,15
Tiantuo,Danhebei Road,19038.77511,100138,100022,4,3,1,1,0
Danhebei Road,Tiantuo,19038.77511,100022,100138,3,0,3,1,2
Dabi Zhuang,Yaohuan Road,19033.84918,100021,100170,17,7,10,7,3
Yaohuan Road,Dabi Zhuang,19033.84918,100170,100021,10,3,7,1,6
Dongli Liujing Road,Heping Road,19033.10889,100031,100053,20,3,17,15,2
Heping Road,Dongli Liujing Road,19033.10889,100053,100031,14,1,13,8,5
North Beichen Tech Park,Nanhe Zhuang,19027.3382,100106,100101,15,4,11,5,6
Nanhe Zhuang,North Beichen Tech Park,19027.3382,100101,100106,13,3,10,7,3
Lijiang Road,Huaihe Road,19026.08361,100085,100058,25,6,19,15,4
Huaihe Road,Lijiang Road,19026.08361,100058,100085,21,3,18,14,4
Yangwu Zhuang,Lushui Road,19024.44785,100169,100093,45,7,38,27,11
Lushui Road,Yangwu Zhuang,19024.44785,100093,100169,42,6,36,32,4
Shuanggang,Shuanglin,19023.0107,100118,100119,1,0,1,0,1
Jiangwan Erzhi Road,Liaohe North Road,19022.94423,100065,100084,11,2,9,8,1
Liaohe North Road,Jiangwan Erzhi Road,19022.94423,100084,100065,7,1,6,5,1
Tumour Hospital,Xinxing Village,19011.5596,100141,100162,7,0,7,1,6
Xinxing Village,Tumour Hospital,19011.5596,100162,100141,3,0,3,0,3
Jiefang South Road,Nanhe Zhuang,19011.39316,100068,100101,52,17,35,18,17
Nanhe Zhuang,Jiefang South Road,19011.39316,100101,100068,36,3,33,10,23
Ruijing XinYuan,Dengzhou Road,19011.1826,100114,100024,162,38,124,85,39
Dengzhou Road,Ruijing XinYuan,19011.1826,100024,100114,120,32,88,63,25
Jingli Road,Yuanyang International Centre,19009.88877,100073,100179,29,6,23,19,4
Yuanyang International Centre,Jingli Road,19009.88877,100179,100073,27,5,22,11,11
Professional University,Yuejin North Road,19007.30053,100112,100181,12,3,9,6,3
Yuejin North Road,Professional University,19007.30053,100181,100112,7,2,5,2,3
Nancuiping,Airport Economic Zone,19006.39989,100100,100001,90,26,64,47,17
Airport Economic Zone,Nancuiping,19006.39989,100001,100100,75,14,61,42,19
Yutai,Tianshili,19005.51457,100183,100136,1,1,0,0,0
Tianshili,Yutai,19005.51457,100136,100183,1,0,1,1,0
Ruijing XinYuan,Xiaodian,19004.35309,100114,100155,69,10,59,52,7
Xiaodian,Ruijing XinYuan,19004.35309,100155,100114,58,6,52,44,8
Tianshili,Xuefu Industrial Area,19003.53335,100136,100163,61,8,53,52,1
Xuefu Industrial Area,Tianshili,19003.53335,100163,100136,46,6,40,32,8
Jingli Road,Xinkai River,18999.35087,100073,100160,13,5,8,6,2
Xinkai River,Jingli Road,18999.35087,100160,100073,12,0,12,8,4
University town,Xiangshan Road,18998.32032,100143,100151,44,15,29,12,17
Xiangshan Road,University town,18998.32032,100151,100143,43,12,31,8,23
Yuejin North Road,Benxi Road,18997.86588,100181,100008,36,9,27,26,1
Benxi Road,Yuejin North Road,18997.86588,100008,100181,30,4,26,22,4
Huayuan,Professional University,18994.51528,100061,100112,208,21,187,122,65
Professional University,Huayuan,18994.51528,100112,100061,203,23,180,135,45
Zhicheng Road,Lilou,18993.46162,100187,100086,44,6,38,25,13
Lilou,Zhicheng Road,18993.46162,100086,100187,33,7,26,16,10
Laoshan Road,Dongli Development Zone,18990.42365,100082,100030,9,0,9,3,6
Dongli Development Zone,Laoshan Road,18990.42365,100030,100082,5,1,4,0,4
Changhong Park,North Beichen Tech Park,18989.67475,100012,100106,35,4,31,19,12
North Beichen Tech Park,Changhong Park,18989.67475,100106,100012,33,7,26,17,9
Longhan Road,Professional University,18988.64821,100092,100112,2,1,1,1,0
Professional University,Longhan Road,18988.64821,100112,100092,1,0,1,1,0
Xuelian South Road,Honghu Li,18987.00321,100164,100055,2,1,1,0,1
Honghu Li,Xuelian South Road,18987.00321,100055,100164,1,1,0,0,0
Jingli Road,Cuifu New Village,18986.99891,100073,100019,21,1,20,14,6
Cuifu New Village,Jingli Road,18986.99891,100019,100073,10,1,9,7,2
Dongli Development Zone,Nancuiping,18986.66816,100030,100100,44,13,31,26,5
Nancuiping,Dongli Development Zone,18986.66816,100100,100030,36,12,24,19,5
Yueya River,Xuefu Industrial Area,18984.46199,100182,100163,112,13,99,98,1
Xuefu Industrial Area,Yueya River,18984.46199,100163,100182,109,10,99,79,20
Liuwei Road,Jingli Road,18983.30763,100090,100073,5,0,5,2,3
Jingli Road,Liuwei Road,18983.30763,100073,100090,1,0,1,1,0
Wangdingdi,Airport Economic Zone,18981.36726,100145,100001,174,21,153,135,18
Airport Economic Zone,Wangdingdi,18981.36726,100001,100145,123,18,105,76,29
Yixingbu North,Weishan Road,18979.4688,100176,100148,3,2,1,0,1
Weishan Road,Yixingbu North,18979.4688,100148,100176,3,2,1,1,0
Chunhai Road,Qinjian Road,18977.60487,100017,100113,26,13,13,7,6
Qinjian Road,Chunhai Road,18977.60487,100113,100017,22,4,18,11,7
Nanhe Zhuang,Changling Road,18974.5095,100101,100013,39,9,30,17,13
Changling Road,Nanhe Zhuang,18974.5095,100013,100101,23,5,18,8,10
Xuzhuangzi,High-Tech Zone,18973.43949,100168,100054,29,3,26,20,6
High-Tech Zone,Xuzhuangzi,18973.43949,100054,100168,28,4,24,17,7
Yixingbu,Xinli,18973.2013,100175,100161,20,6,14,7,7
Xinli,Yixingbu,18973.2013,100161,100175,19,3,16,9,7
Haihe Education Zone,Jintang Road,18970.61772,100050,100077,6,0,6,5,1
Jintang Road,Haihe Education Zone,18970.61772,100077,100050,3,1,2,1,1
Dongli Development Zone,Dengzhou South Road,18969.6092,100030,100025,10,4,6,5,1
Dengzhou South Road,Dongli Development Zone,18969.6092,100025,100030,5,3,2,1,1
University of Civil Aviation,Meijiang Park,18967.9442,100142,100096,2,2,0,0,0
Meijiang Park,University of Civil Aviation,18967.9442,100096,100142,1,1,0,0,0
Shuanglin,Yixingbu North,18966.90041,100119,100176,63,20,43,25,18
Yixingbu North,Shuanglin,18966.90041,100176,100119,61,14,47,33,14
Chinese Medicine First Affiliated Hospital,Airport Economic Zone,18961.89135,100016,100001,285,64,221,103,118
Airport Economic Zone,Chinese Medicine First Affiliated Hospital,18961.89135,100001,100016,246,62,184,87,97
Fengchan River,Sports Centre,18959.09606,100039,100126,1,0,1,0,1
National Exhibition Centre,Yingkou Road,18956.91019,100105,100174,169,81,88,37,51
Yingkou Road,National Exhibition Centre,18956.91019,100174,100105,152,95,57,19,38
North Station,Dongli Culture and Sports Centre,18956.00766,100108,100029,3,3,0,0,0
Haihe Education Zone,Hongqi South Road,18953.96647,100050,100057,61,15,46,30,16
Hongqi South Road,Haihe Education Zone,18953.96647,100057,100050,29,7,22,17,5
Weishan Road,Xuefu Industrial Area,18952.89349,100148,100163,7,1,6,3,3
Xuefu Industrial Area,Weishan Road,18952.89349,100163,100148,4,0,4,2,2
Cao Zhuang,Number Two Bridge,18951.83993,100011,100110,247,61,186,109,77
Number Two Bridge,Cao Zhuang,18951.83993,100110,100011,214,63,151,100,51
Xueyuan North Road,Yibin Road,18951.12238,100165,100171,1,1,0,0,0
Longhan Road,Benxi Road,18950.69083,100092,100008,17,1,16,7,9
Benxi Road,Longhan Road,18950.69083,100008,100092,8,0,8,1,7
Foreign Languages High School,Dongli Development Zone,18950.52517,100040,100030,9,2,7,5,2
Dongli Development Zone,Foreign Languages High School,18950.52517,100030,100040,8,1,7,7,0
Liuwei Road,Gaozhuangzi,18948.33433,100090,100043,19,14,5,0,5
Gaozhuangzi,Liuwei Road,18948.33433,100043,100090,16,13,3,1,2
Haihe Education Zone,Tucheng,18948.26827,100050,100140,1,0,1,1,0
Xingfu Park,Jingli Road,18946.42152,100159,100073,56,13,43,21,22
Jingli Road,Xingfu Park,18946.42152,100073,100159,53,9,44,34,10
Yaohuan Road,National Exhibition Centre,18945.25409,100170,100105,5,5,0,0,0
National Exhibition Centre,Yaohuan Road,18945.25409,100105,100170,3,0,3,0,3
Tiedong Road,Dongli Development Zone,18944.38896,100139,100030,197,34,163,113,50
Dongli Development Zone,Tiedong Road,18944.38896,100030,100139,173,27,146,92,54
Cao Zhuang,Guoshan Road,18937.21502,100011,100047,145,32,113,73,40
Guoshan Road,Cao Zhuang,18937.21502,100047,100011,127,37,90,57,33
Lingbin Road,Dongli Liujing Road,18936.74091,100087,100031,9,1,8,6,2
Dongli Liujing Road,Lingbin Road,18936.74091,100031,100087,7,0,7,5,2
Southwest corner,North Beichen Tech Park,18934.87201,100124,100106,44,4,40,19,21
North Beichen Tech Park,Southwest corner,18934.87201,100106,100124,40,8,32,26,6
Dongli Culture and Sports Centre,Hongqi South Road,18934.18529,100029,100057,5,1,4,1,3
Hongqi South Road,Dongli Culture and Sports Centre,18934.18529,100057,100029,4,2,2,0,2
Beichen Road,Water Park Road East,18934.01437,100005,100147,37,10,27,12,15
Water Park Road East,Beichen Road,18934.01437,100147,100005,37,13,24,16,8
Southwest corner,Jingli Road,18931.7373,100124,100073,69,10,59,45,14
Jingli Road,Southwest corner,18931.7373,100073,100124,55,10,45,36,9
Dongli Sanjing Road,Southeast Corner,18929.7459,100032,100123,33,1,32,23,9
Southeast Corner,Dongli Sanjing Road,18929.7459,100123,100032,20,3,17,16,1
University of Civil Aviation,Tiantai Road,18928.58668,100142,100137,30,10,20,15,5
Tiantai Road,University of Civil Aviation,18928.58668,100137,100142,25,8,17,13,4
Dengzhou South Road,Jiayuan Li,18926.52276,100025,100067,22,4,18,14,4
Jiayuan Li,Dengzhou South Road,18926.52276,100067,100025,11,4,7,6,1
Dongli Development Zone,The Financial University,18920.0562,100030,100132,13,7,6,2,4
The Financial University,Dongli Development Zone,18920.0562,100132,100030,10,3,7,4,3
Yihao Bridge,Nansun Zhuang,18920.05153,100172,100103,2,1,1,1,0
Professional University,Liuyuan,18919.97517,100112,100091,33,12,21,11,10
Liuyuan,Professional University,18919.97517,100091,100112,32,18,14,10,4
University of Civil Aviation,Gaozhuangzi,18918.19952,100142,100043,12,7,5,5,0
Gaozhuangzi,University of Civil Aviation,18918.19952,100043,100142,6,0,6,4,2
Taichang Road,National Exhibition Centre,18916.32379,100128,100105,17,8,9,7,2
National Exhibition Centre,Taichang Road,18916.32379,100105,100128,14,3,11,2,9
Beichen Road,Bianxing,18915.3657,100005,100009,18,4,14,5,9
Bianxing,Beichen Road,18915.3657,100009,100005,11,0,11,5,6
Danhebei Road,Xiangshan Road,18915.34654,100022,100151,3,0,3,3,0
Dongli Sanjing Road,National Exhibition Centre,18914.14621,100032,100105,4,4,0,0,0
Xianyang Road,Xueyuan North Road,18911.37246,100153,100165,1,0,1,0,1
Yihao Bridge,Jingli Road,18910.69582,100172,100073,4,0,4,2,2
Jingli Road,Yihao Bridge,18910.69582,100073,100172,3,1,2,0,2
Shiyijing Road,National Exhibition Centre,18910.17622,100117,100105,4,1,3,0,3
National Exhibition Centre,Shiyijing Road,18910.17622,100105,100117,2,0,2,1,1
Chunhai Road,Tiedong Road,18909.17269,100017,100139,22,1,21,12,9
Tiedong Road,Chunhai Road,18909.17269,100139,100017,11,2,9,3,6
Shuanggang,Jieyuan West Road,18908.5349,100118,100069,58,20,38,22,16
Jieyuan West Road,Shuanggang,18908.5349,100069,100118,48,12,36,22,14
Changling Road,Guorui Road,18907.49812,100013,100046,10,1,9,7,2
Guorui Road,Changling Road,18907.49812,100046,100013,8,0,8,5,3
Jingli Road,Wandong Road,18904.12086,100073,100144,13,0,13,1,12
Wandong Road,Jingli Road,18904.12086,100144,100073,6,0,6,1,5
Liaohe North Road,University of Civil Aviation,18901.76626,100084,100142,19,6,13,6,7
University of Civil Aviation,Liaohe North Road,18901.76626,100142,100084,17,5,12,8,4
Dongli Yijing Road,Jianchang Road,18899.98771,100033,100063,5,0,5,5,0
Jianchang Road,Dongli Yijing Road,18899.98771,100063,100033,4,0,4,4,0
Hongqi South Road,Beichen Road,18895.67337,100057,100005,82,9,73,42,31
Beichen Road,Hongqi South Road,18895.67337,100005,100057,76,16,60,46,14
Haihe Education Zone,Yaohuan Road,18890.17563,100050,100170,2,0,2,1,1
Yaohuan Road,Haihe Education Zone,18890.17563,100170,100050,1,0,1,1,0
Cao Zhuang,Meilin Road,18887.98934,100011,100098,113,18,95,54,41
Meilin Road,Cao Zhuang,18887.98934,100098,100011,106,13,93,65,28
University of Civil Aviation,Yibin Road,18887.18062,100142,100171,41,8,33,22,11
Yibin Road,University of Civil Aviation,18887.18062,100171,100142,27,5,22,14,8
Jinnan Campus of Nankai University,Lingbin Road,18885.38956,100075,100087,14,3,11,7,4
Lingbin Road,Jinnan Campus of Nankai University,18885.38956,100087,100075,11,4,7,5,2
Tiantuo,Beiyangyuan Campus of Tianjin University,18883.69924,100138,100007,41,15,26,15,11
Beiyangyuan Campus of Tianjin University,Tiantuo,18883.69924,100007,100138,39,12,27,18,9
Youyi South Road,Yixingbu,18882.15313,100178,100175,2,1,1,0,1
Yixingbu,Youyi South Road,18882.15313,100175,100178,1,1,0,0,0
Jieyuan West Road,Hangshuang Road,18879.76433,100069,100051,42,6,36,30,6
Hangshuang Road,Jieyuan West Road,18879.76433,100051,100069,34,2,32,25,7
Jiayuan Li,Xuefu Industrial Area,18876.82954,100067,100163,119,11,108,104,4
Xuefu Industrial Area,Jiayuan Li,18876.82954,100163,100067,111,13,98,79,19
Beichen Road,Chentang Zhuang,18874.81249,100005,100015,121,18,103,91,12
Chentang Zhuang,Beichen Road,18874.81249,100015,100005,109,16,93,71,22
Jiangwan Erzhi Road,Donggu Road,18869.38218,100065,100026,80,18,62,39,23
Donggu Road,Jiangwan Erzhi Road,18869.38218,100026,100065,64,5,59,42,17
Hongni River East,Number Two Bridge,18867.90181,100056,100110,2,2,0,0,0
Number Two Bridge,Hongni River East,18867.90181,100110,100056,1,0,1,0,1
High-Tech Zone,Number Two Bridge,18867.87677,100054,100110,114,7,107,87,20
Number Two Bridge,High-Tech Zone,18867.87677,100110,100054,104,10,94,74,20
Huanyu Road,Qinjian Road,18867.60235,100059,100113,13,6,7,6,1
Qinjian Road,Huanyu Road,18867.60235,100113,100059,8,1,7,5,2
Professional University,Fuxing Gate,18866.64901,100112,100041,88,28,60,38,22
Fuxing Gate,Professional University,18866.64901,100041,100112,76,21,55,32,23
Yixingbu,Magangchang,18865.94108,100175,100094,5,3,2,1,1
Magangchang,Yixingbu,18865.94108,100094,100175,5,2,3,3,0
Southwest corner,Xunhai Road,18864.51659,100124,100166,10,0,10,2,8
Xunhai Road,Southwest corner,18864.51659,100166,100124,7,3,4,1,3
Nansun Zhuang,Water Park Road East,18864.03279,100103,100147,2,2,0,0,0
Water Park Road East,Nansun Zhuang,18864.03279,100147,100103,2,2,0,0,0
Wandong Road,Yangwu Zhuang,18863.96719,100144,100169,23,4,19,10,9
Yangwu Zhuang,Wandong Road,18863.96719,100169,100144,18,1,17,15,2
Zhigu,North Beichen Tech Park,18863.39679,100188,100106,153,22,131,88,43
North Beichen Tech Park,Zhigu,18863.39679,100106,100188,139,19,120,95,25
The Financial University,High-Tech Zone,18861.20109,100132,100054,248,43,205,162,43
High-Tech Zone,The Financial University,18861.20109,100054,100132,206,50,156,116,40
Yutai,Xinli,18859.94982,100183,100161,2,1,1,0,1
Xinli,Yutai,18859.94982,100161,100183,1,0,1,1,0
Tianshili,Lushui Road,18856.28121,100136,100093,3,0,3,0,3
Lushui Road,Tianshili,18856.28121,100093,100136,1,1,0,0,0
Nancuiping,Hongni River East,18853.7839,100100,100056,10,5,5,4,1
Hongni River East,Nancuiping,18853.7839,100056,100100,5,3,2,2,0
Dengzhou South Road,Cao Zhuang,18849.26206,100025,100011,144,30,114,82,32
Cao Zhuang,Dengzhou South Road,18849.26206,100011,100025,115,21,94,47,47
South Station,Beining Park,18847.83933,100122,100006,323,117,206,79,127
Beining Park,South Station,18847.83933,100006,100122,106,46,60,34,26
University of Civil Aviation,Xianyang Road,18847.4307,100142,100153,101,27,74,53,21
Xianyang Road,University of Civil Aviation,18847.4307,100153,100142,76,25,51,31,20
Hongqi South Road,University of Civil Aviation,18847.02584,100057,100142,38,17,21,5,16
University of Civil Aviation,Hongqi South Road,18847.02584,100142,100057,37,12,25,10,15
Bianxing,Liulin Road,18839.48675,100009,100089,27,8,19,11,8
Liulin Road,Bianxing,18839.48675,100089,100009,24,7,17,6,11
Meijiang Park,Airport Economic Zone,18839.02291,100096,100001,19,7,12,9,3
Airport Economic Zone,Meijiang Park,18839.02291,100001,100096,9,2,7,2,5
Huaihe Road,Yaohuan Road,18838.63283,100058,100170,14,1,13,12,1
Yaohuan Road,Huaihe Road,18838.63283,100170,100058,5,0,5,5,0
Yibin Road,Xinli,18838.1765,100171,100161,35,9,26,14,12
Xinli,Yibin Road,18838.1765,100161,100171,33,8,25,13,12
Xunhai Road,Beining Park,18837.80667,100166,100006,2,2,0,0,0
Jianchang Road,Dongli Development Zone,18836.88376,100063,100030,80,15,65,50,15
Dongli Development Zone,Jianchang Road,18836.88376,100030,100063,63,8,55,31,24
The Financial University,Jinghe Road,18836.13911,100132,100071,1,0,1,1,0
Zhaoyuan Road,Tiedong Road,18833.574,100186,100139,1,1,0,0,0
Guoshan Road,Meilin Road,18832.16811,100047,100098,3,1,2,0,2
Meilin Road,Guoshan Road,18832.16811,100098,100047,3,0,3,1,2
Xiaodong Zhuang,Cultural centre,18831.67918,100156,100020,123,31,92,60,32
Cultural centre,Xiaodong Zhuang,18831.67918,100020,100156,122,33,89,46,43
Dongli Development Zone,Minquan Gate,18830.73488,100030,100099,30,10,20,12,8
Minquan Gate,Dongli Development Zone,18830.73488,100099,100030,21,4,17,11,6
Nanzhu Bridge,Cao Zhuang,18829.96993,100104,100011,25,6,19,7,12
Cao Zhuang,Nanzhu Bridge,18829.96993,100011,100104,20,11,9,2,7
Dongli Yijing Road,Haiguang Temple,18828.78147,100033,100048,22,2,20,15,5
Haiguang Temple,Dongli Yijing Road,18828.78147,100048,100033,21,2,19,17,2
Meilin Road,Xinli,18827.20029,100098,100161,11,4,7,4,3
Xinli,Meilin Road,18827.20029,100161,100098,6,3,3,0,3
Nancuiping,Fengchan River,18823.31154,100100,100039,7,1,6,4,2
Fengchan River,Nancuiping,18823.31154,100039,100100,6,0,6,5,1
Dengzhou South Road,University town,18822.63755,100025,100143,46,17,29,16,13
University town,Dengzhou South Road,18822.63755,100143,100025,41,10,31,15,16
Guangkaisima Road,Hongni River East,18822.00573,100044,100056,44,6,38,24,14
Hongni River East,Guangkaisima Road,18822.00573,100056,100044,38,13,25,19,6
JinZhong Street,Shuanggang,18820.65385,100080,100118,6,1,5,2,3
Shuanggang,JinZhong Street,18820.65385,100118,100080,2,1,1,1,0
North China Group,Zuojiang Road,18812.21281,100107,100192,38,10,28,21,7
Zuojiang Road,North China Group,18812.21281,100192,100107,32,7,25,19,6
Dongli Sanjing Road,Anshan Road,18811.75953,100032,100002,31,4,27,21,6
Anshan Road,Dongli Sanjing Road,18811.75953,100002,100032,22,2,20,18,2
Xiaodian,Hongqi South Road,18811.44422,100155,100057,110,19,91,73,18
Hongqi South Road,Xiaodian,18811.44422,100057,100155,91,9,82,68,14
Zhanggui Zhuang,Shuanggang,18811.10455,100184,100118,3,2,1,1,0
Shuanggang,Zhanggui Zhuang,18811.10455,100118,100184,2,0,2,0,2
Weishan Road,JinZhong Street,18811.05174,100148,100080,2,2,0,0,0
JinZhong Street,Weishan Road,18811.05174,100080,100148,1,0,1,1,0
Dongli Culture and Sports Centre,Donggu Road,18805.90959,100029,100026,40,14,26,16,10
Donggu Road,Dongli Culture and Sports Centre,18805.90959,100026,100029,40,18,22,5,17
Dongli Development Zone,Beining Park,18805.59819,100030,100006,66,15,51,34,17
Beining Park,Dongli Development Zone,18805.59819,100006,100030,44,13,31,19,12
Jianguo Road,Jingli Road,18801.5963,100064,100073,36,1,35,28,7
Jingli Road,Jianguo Road,18801.5963,100073,100064,29,5,24,20,4
Yixingbu North,Lushui Road,18800.09184,100176,100093,43,16,27,9,18
Lushui Road,Yixingbu North,18800.09184,100093,100176,31,11,20,10,10
Xianyang Road,Xinli,18798.87705,100153,100161,133,28,105,55,50
Xinli,Xianyang Road,18798.87705,100161,100153,117,25,92,57,35
Dongjiang Road,Changhong Park,18796.43946,100028,100012,2,1,1,0,1
Nansun Zhuang,Tian Tower,18795.3701,100103,100133,9,3,6,0,6
Tian Tower,Nansun Zhuang,18795.3701,100133,100103,7,3,4,2,2
Gaozhuangzi,Cuifu New Village,18794.0413,100043,100019,16,1,15,11,4
Cuifu New Village,Gaozhuangzi,18794.0413,100019,100043,11,2,9,8,1
Yixingbu North,Zhaoyuan Road,18793.03505,100176,100186,4,4,0,0,0
Zhaoyuan Road,Yixingbu North,18793.03505,100186,100176,3,3,0,0,0
Number Two Bridge,Jinghe Road,18792.17734,100110,100071,3,0,3,3,0
Jinghe Road,Number Two Bridge,18792.17734,100071,100110,1,1,0,0,0
Nancuiping,Xunhai Road,18789.45298,100100,100166,1,0,1,1,0
Jinghe Road,Xianyang Road,18785.45111,100071,100153,25,4,21,9,12
Xianyang Road,Jinghe Road,18785.45111,100153,100071,21,1,20,17,3
Minquan Gate,Dongli Yijing Road,18779.39893,100099,100033,2,2,0,0,0
Dongli Culture and Sports Centre,Northwest Corner,18776.54785,100029,100109,39,15,24,11,13
Northwest Corner,Dongli Culture and Sports Centre,18776.54785,100109,100029,38,9,29,18,11
The Financial University,Dabi Zhuang,18774.97726,100132,100021,34,11,23,6,17
Dabi Zhuang,The Financial University,18774.97726,100021,100132,27,10,17,6,11
Guorui Road,Wandong Road,18774.58887,100046,100144,7,1,6,5,1
Wandong Road,Guorui Road,18774.58887,100144,100046,6,0,6,4,2
Tianshili,Jiangwan Erzhi Road,18771.12038,100136,100065,5,1,4,4,0
Jiangwan Erzhi Road,Tianshili,18771.12038,100065,100136,5,1,4,0,4
Xuzhou Road,Jingli Road,18769.49957,100167,100073,7,2,5,1,4
Jingli Road,Xuzhou Road,18769.49957,100073,100167,5,0,5,5,0
Jiayuan Li,Liqi Zhuang South,18768.98993,100067,100088,11,3,8,7,1
Liqi Zhuang South,Jiayuan Li,18768.98993,100088,100067,7,0,7,3,4
University of Civil Aviation,Yutai,18768.6668,100142,100183,10,3,7,3,4
Yutai,University of Civil Aviation,18768.6668,100183,100142,7,1,6,4,2
Gaozhuangzi,Erwei Road,18767.97372,100043,100036,272,69,203,136,67
Erwei Road,Gaozhuangzi,18767.97372,100036,100043,236,49,187,99,88
Jingli Road,Huashan Li,18764.47205,100073,100060,3,2,1,1,0
Tian Tower,Xinxing Village,18760.23453,100133,100162,1,0,1,1,0
Lilou,Yibin Road,18759.07511,100086,100171,39,11,28,16,12
Yibin Road,Lilou,18759.07511,100171,100086,38,4,34,25,9
Xuzhuangzi,Nanzhu Bridge,18758.77308,100168,100104,10,0,10,2,8
Nanzhu Bridge,Xuzhuangzi,18758.77308,100104,100168,5,0,5,1,4
Yangwu Zhuang,Zhongshan Gate,18757.76099,100169,100189,73,20,53,41,12
Zhongshan Gate,Yangwu Zhuang,18757.76099,100189,100169,56,15,41,35,6
Shunchi Bridge,Jingli Road,18756.79375,100120,100073,27,8,19,16,3
Jingli Road,Shunchi Bridge,18756.79375,100073,100120,24,5,19,17,2
Dongli Sanjing Road,Dawang Zhuang,18750.30224,100032,100023,1,0,1,1,0
Zuojiang Road,Liuyuan,18747.32863,100192,100091,106,22,84,49,35
Liuyuan,Zuojiang Road,18747.32863,100091,100192,95,23,72,47,25
Jin Street,Gaozhuangzi,18746.39502,100070,100043,88,35,53,30,23
Gaozhuangzi,Jin Street,18746.39502,100043,100070,50,8,42,24,18
Tianjin Hotel,Xiaodian,18745.89253,100134,100155,42,4,38,28,10
Xiaodian,Tianjin Hotel,18745.89253,100155,100134,40,1,39,32,7
Meilin Road,Nansun Zhuang,18745.81257,100098,100103,1,0,1,0,1
Nanhe Zhuang,Huashan Li,18741.58301,100101,100060,15,5,10,3,7
Huashan Li,Nanhe Zhuang,18741.58301,100060,100101,10,3,7,7,0
Shaliu South Road,Donggu Road,18738.48642,100116,100026,61,19,42,25,17
Donggu Road,Shaliu South Road,18738.48642,100026,100116,53,9,44,27,17
Lilou,Xianyang Road,18736.21498,100086,100153,153,28,125,99,26
Xianyang Road,Lilou,18736.21498,100153,100086,140,27,113,79,34
JinZhong River Street,Dongli Sanjing Road,18733.68326,100079,100032,20,0,20,11,9
Dongli Sanjing Road,JinZhong River Street,18733.68326,100032,100079,16,2,14,11,3
University town,Dengzhou Road,18731.15475,100143,100024,255,95,160,103,57
Dengzhou Road,University town,18731.15475,100024,100143,203,76,127,78,49
Yixingbu North,Liqi Zhuang South,18727.44888,100176,100088,28,4,24,14,10
Liqi Zhuang South,Yixingbu North,18727.44888,100088,100176,27,6,21,17,4
Wujiayao,Gaozhuangzi,18718.14668,100150,100043,188,33,155,119,36
Gaozhuangzi,Wujiayao,18718.14668,100043,100150,172,23,149,114,35
Huaihe Road,Hangshuang Road,18713.96218,100058,100051,18,0,18,11,7
Hangshuang Road,Huaihe Road,18713.96218,100051,100058,16,1,15,9,6
Bianxing,Xiaodian,18708.354,100009,100155,26,5,21,20,1
Xiaodian,Bianxing,18708.354,100155,100009,26,4,22,20,2
Xiaodian,Second hospital of the Medical University,18704.688,100155,100115,28,3,25,16,9
Second hospital of the Medical University,Xiaodian,18704.688,100115,100155,19,5,14,9,5
Xueyuan North Road,Huayuan,18703.51511,100165,100061,1,0,1,1,0
Dongli Culture and Sports Centre,Zhangxing Zhuang,18701.30844,100029,100185,1,0,1,0,1
Binhai International Airport,West Station,18692.5797,100010,100149,2916,881,2035,446,1589
West Station,Binhai International Airport,18692.5797,100149,100010,2551,747,1804,419,1385
Xunhai Road,Erwei Road,18692.19427,100166,100036,12,3,9,6,3
Erwei Road,Xunhai Road,18692.19427,100036,100166,10,0,10,6,4
Dongli Sanjing Road,Jin Street,18692.09903,100032,100070,13,0,13,9,4
Jin Street,Dongli Sanjing Road,18692.09903,100070,100032,11,0,11,6,5
Guoshan Road,Xinli,18689.26583,100047,100161,17,2,15,11,4
Xinli,Guoshan Road,18689.26583,100161,100047,15,3,12,5,7
Second hospital of the Medical University,Beichen Road,18685.91471,100115,100005,47,8,39,32,7
Beichen Road,Second hospital of the Medical University,18685.91471,100005,100115,35,6,29,18,11
National Exhibition Centre,Yuejin North Road,18680.89523,100105,100181,4,3,1,0,1
Yuejin North Road,National Exhibition Centre,18680.89523,100181,100105,2,2,0,0,0
Hehui South Road,Tumour Hospital,18678.70198,100052,100141,207,25,182,135,47
Tumour Hospital,Hehui South Road,18678.70198,100141,100052,201,25,176,69,107
Southwest Tower,Hehui South Road,18671.91182,100125,100052,26,6,20,14,6
Hehui South Road,Southwest Tower,18671.91182,100052,100125,13,4,9,6,3
Liuyuan,Zhongshan Gate,18671.61145,100091,100189,317,70,247,140,107
Zhongshan Gate,Liuyuan,18671.61145,100189,100091,287,76,211,133,78
Liaohe North Road,Liulin Road,18669.79937,100084,100089,22,4,18,11,7
Liulin Road,Liaohe North Road,18669.79937,100089,100084,13,1,12,4,8
Hangshuang Road,Yizhongxin Hospital,18668.72631,100051,100177,14,0,14,8,6
Yizhongxin Hospital,Hangshuang Road,18668.72631,100177,100051,12,3,9,7,2
Shuanggang,Yudongcheng,18667.27295,100118,100180,13,2,11,6,5
Yudongcheng,Shuanggang,18667.27295,100180,100118,5,2,3,2,1
Jieyuan West Road,Airport Economic Zone,18666.35607,100069,100001,611,124,487,378,109
Airport Economic Zone,Jieyuan West Road,18666.35607,100001,100069,516,101,415,275,140
Tiantai Road,Jinghe Road,18664.96213,100137,100071,41,11,30,14,16
Jinghe Road,Tiantai Road,18664.96213,100071,100137,38,12,26,12,14
Taichang Road,North Beichen Tech Park,18664.51068,100128,100106,140,49,91,50,41
North Beichen Tech Park,Taichang Road,18664.51068,100106,100128,132,45,87,51,36
Northwest Corner,Jinghe Road,18663.10482,100109,100071,42,6,36,16,20
Jinghe Road,Northwest Corner,18663.10482,100071,100109,36,17,19,14,5
Binhai International Airport,Tian Tower,18661.53144,100010,100133,327,115,212,95,117
Tian Tower,Binhai International Airport,18661.53144,100133,100010,298,90,208,60,148
Xunhai Road,Wujiayao,18661.0362,100166,100150,2,0,2,1,1
Magangchang,Qinjian Road,18660.61315,100094,100113,32,12,20,14,6
Qinjian Road,Magangchang,18660.61315,100113,100094,18,7,11,9,2
Jingli Road,Southeast Corner,18660.43905,100073,100123,87,17,70,53,17
Southeast Corner,Jingli Road,18660.43905,100123,100073,69,20,49,25,24
Yangwu Zhuang,Xingfu Park,18660.3277,100169,100159,61,11,50,43,7
Xingfu Park,Yangwu Zhuang,18660.3277,100159,100169,56,10,46,22,24
Hehui South Road,Tianjin Hotel,18657.79997,100052,100134,110,29,81,68,13
Tianjin Hotel,Hehui South Road,18657.79997,100134,100052,105,20,85,59,26
South Station,Jingjiang Road,18656.02514,100122,100072,481,135,346,206,140
Jingjiang Road,South Station,18656.02514,100072,100122,406,119,287,179,108
Northwest Corner,Xinxing Village,18653.72237,100109,100162,2,1,1,1,0
Guangkaisima Road,Dongli Culture and Sports Centre,18643.69361,100044,100029,20,4,16,15,1
Dongli Culture and Sports Centre,Guangkaisima Road,18643.69361,100029,100044,18,4,14,14,0
Liulin Road,University town,18641.57713,100089,100143,73,25,48,13,35
University town,Liulin Road,18641.57713,100143,100089,62,26,36,12,24
Number Two Bridge,North China Group,18639.66415,100110,100107,121,39,82,55,27
North China Group,Number Two Bridge,18639.66415,100107,100110,100,37,63,34,29
Jinghe Road,Foreign Languages High School,18639.14643,100071,100040,9,4,5,2,3
Foreign Languages High School,Jinghe Road,18639.14643,100040,100071,5,1,4,1,3
Fuxing Gate,Binhai International Airport,18637.25967,100041,100010,55,10,45,19,26
Binhai International Airport,Fuxing Gate,18637.25967,100010,100041,37,9,28,19,9
Zhanggui Zhuang,Bianxing,18631.97399,100184,100009,51,7,44,34,10
Bianxing,Zhanggui Zhuang,18631.97399,100009,100184,49,9,40,20,20
Anshan West Road,Hangshuang Road,18631.87634,100003,100051,30,3,27,23,4
Hangshuang Road,Anshan West Road,18631.87634,100051,100003,25,4,21,11,10
Cultural centre,Xianshuigu West,18630.92639,100020,100152,761,296,465,269,196
Xianshuigu West,Cultural centre,18630.92639,100152,100020,708,237,471,306,165
Jinghe Road,Fuxing Road,18629.56277,100071,100042,27,5,22,21,1
Fuxing Road,Jinghe Road,18629.56277,100042,100071,20,7,13,10,3
Fuxing Road,University of Civil Aviation,18627.32023,100042,100142,29,9,20,1,19
University of Civil Aviation,Fuxing Road,18627.32023,100142,100042,16,6,10,1,9
Tucheng,Xiaodong Zhuang,18625.65383,100140,100156,59,19,40,19,21
Xiaodong Zhuang,Tucheng,18625.65383,100156,100140,55,14,41,27,14
Guangkaisima Road,Jinghe Road,18625.40845,100044,100071,22,3,19,12,7
Jinghe Road,Guangkaisima Road,18625.40845,100071,100044,18,6,12,11,1
Lilou,Honghu Li,18623.27266,100086,100055,228,56,172,114,58
Honghu Li,Lilou,18623.27266,100055,100086,218,75,143,97,46
Dongli Development Zone,Meijiang Park,18622.26481,100030,100096,13,4,9,4,5
Meijiang Park,Dongli Development Zone,18622.26481,100096,100030,12,6,6,2,4
Wangdingdi,Xinli,18619.1367,100145,100161,38,17,21,13,8
Xinli,Wangdingdi,18619.1367,100161,100145,36,14,22,16,6
Jinnan Campus of Nankai University,Xiawafang,18619.09979,100075,100157,108,40,68,43,25
Xiawafang,Jinnan Campus of Nankai University,18619.09979,100157,100075,87,29,58,36,22
West Station,Zhaoyuan Road,18618.86606,100149,100186,17,5,12,3,9
Zhaoyuan Road,West Station,18618.86606,100186,100149,13,6,7,4,3
Jingli Road,North Station,18616.84493,100073,100108,32,3,29,16,13
North Station,Jingli Road,18616.84493,100108,100073,28,2,26,16,10
Liaohe North Road,Binhai International Airport,18616.78894,100084,100010,63,13,50,16,34
Binhai International Airport,Liaohe North Road,18616.78894,100010,100084,46,8,38,16,22
Meijiang Road,Gaozhuangzi,18615.95018,100097,100043,3,1,2,2,0
Gaozhuangzi,Meijiang Road,18615.95018,100043,100097,3,1,2,1,1
Dongli Development Zone,Northwest Corner,18615.38757,100030,100109,270,55,215,140,75
Northwest Corner,Dongli Development Zone,18615.38757,100109,100030,259,54,205,143,62
Zhicheng Road,Shuanggang,18615.27987,100187,100118,17,2,15,11,4
Shuanggang,Zhicheng Road,18615.27987,100118,100187,13,2,11,7,4
Changling Road,Dongli Development Zone,18609.32362,100013,100030,119,22,97,68,29
Dongli Development Zone,Changling Road,18609.32362,100030,100013,93,14,79,50,29
Binhai International Airport,Second hospital of the Medical University,18608.79397,100010,100115,67,14,53,16,37
Second hospital of the Medical University,Binhai International Airport,18608.79397,100115,100010,60,9,51,26,25
Liqi Zhuang South,Xuzhuangzi,18606.9457,100088,100168,4,1,3,3,0
Xuzhuangzi,Liqi Zhuang South,18606.9457,100168,100088,2,1,1,1,0
Zhangxing Zhuang,Yangwu Zhuang,18605.45432,100185,100169,38,5,33,31,2
Yangwu Zhuang,Zhangxing Zhuang,18605.45432,100169,100185,35,6,29,27,2
Tianjin Station,Xiaodong Zhuang,18604.06474,100135,100156,1022,370,652,251,401
Xiaodong Zhuang,Tianjin Station,18604.06474,100156,100135,974,333,641,305,336
Gulou,North Beichen Tech Park,18604.0138,100045,100106,142,42,100,39,61
North Beichen Tech Park,Gulou,18604.0138,100106,100045,126,52,74,48,26
Shuanggang,Honghu Li,18602.09417,100118,100055,40,13,27,20,7
Honghu Li,Shuanggang,18602.09417,100055,100118,31,9,22,14,8
Tiantuo,Zhaoyuan Road,18600.54834,100138,100186,1,0,1,1,0
Yutai,Jiayuan Li,18597.87327,100183,100067,12,4,8,5,3
Jiayuan Li,Yutai,18597.87327,100067,100183,7,1,6,5,1
Professional University,Meijiang Road,18595.66562,100112,100097,36,4,32,22,10
Meijiang Road,Professional University,18595.66562,100097,100112,32,2,30,17,13
Yihao Bridge,Professional University,18591.65879,100172,100112,45,18,27,11,16
Professional University,Yihao Bridge,18591.65879,100112,100172,43,8,35,28,7
Yudongcheng,Liuyuan,18591.65496,100180,100091,641,149,492,263,229
Liuyuan,Yudongcheng,18591.65496,100091,100180,619,201,418,238,180
Ruijing XinYuan,Laoshan Road,18589.10624,100114,100082,60,13,47,25,22
Laoshan Road,Ruijing XinYuan,18589.10624,100082,100114,52,14,38,18,20
University of Civil Aviation,People's Hospital,18588.60203,100142,100111,36,9,27,23,4
People's Hospital,University of Civil Aviation,18588.60203,100111,100142,31,5,26,7,19
Danhebei Road,Cultural centre,18584.5196,100022,100020,35,15,20,11,9
Cultural centre,Danhebei Road,18584.5196,100020,100022,27,12,15,11,4
Siyuan Road,Lilou,18584.04839,100121,100086,5,2,3,3,0
Lilou,Siyuan Road,18584.04839,100086,100121,5,2,3,3,0
Yangwu Zhuang,Cuifu New Village,18583.11464,100169,100019,39,8,31,28,3
Cuifu New Village,Yangwu Zhuang,18583.11464,100019,100169,34,6,28,25,3
Jiangwan Erzhi Road,Binhai International Airport,18582.03227,100065,100010,86,24,62,23,39
Binhai International Airport,Jiangwan Erzhi Road,18582.03227,100010,100065,77,28,49,20,29
Shaliu South Road,Ruijing XinYuan,18581.23227,100116,100114,45,8,37,25,12
Ruijing XinYuan,Shaliu South Road,18581.23227,100114,100116,43,11,32,19,13
Fuxing Road,Xinli,18579.87163,100042,100161,33,13,20,10,10
Xinli,Fuxing Road,18579.87163,100161,100042,23,8,15,13,2
Yizhongxin Hospital,Dongjiang Road,18579.57937,100177,100028,1,1,0,0,0
Yaohuan Road,Airport Economic Zone,18576.83306,100170,100001,123,17,106,85,21
Airport Economic Zone,Yaohuan Road,18576.83306,100001,100170,87,16,71,35,36
Dongli Sanjing Road,Tianjin Hotel,18575.19419,100032,100134,8,0,8,7,1
Tianjin Hotel,Dongli Sanjing Road,18575.19419,100134,100032,3,0,3,1,2
Huaihe Road,Meijiang Park,18574.30436,100058,100096,6,2,4,0,4
Meijiang Park,Huaihe Road,18574.30436,100096,100058,4,2,2,1,1
Dongli Culture and Sports Centre,Yingfeng Road,18573.01711,100029,100173,5,1,4,4,0
Yingfeng Road,Dongli Culture and Sports Centre,18573.01711,100173,100029,1,0,1,0,1
Nancuiping,Professional University,18572.54492,100100,100112,41,23,18,11,7
Professional University,Nancuiping,18572.54492,100112,100100,22,12,10,9,1
Tianjin Station,Gaozhuangzi,18570.92023,100135,100043,1042,509,533,166,367
Gaozhuangzi,Tianjin Station,18570.92023,100043,100135,869,227,642,252,390
Ruijing XinYuan,Meijiang Park,18568.3658,100114,100096,40,9,31,13,18
Meijiang Park,Ruijing XinYuan,18568.3658,100096,100114,35,7,28,18,10
Xueyuan North Road,Anshan West Road,18567.93456,100165,100003,1,1,0,0,0
Yingfeng Road,Fengchan River,18567.64952,100173,100039,5,0,5,2,3
Fengchan River,Yingfeng Road,18567.64952,100039,100173,1,0,1,1,0
North Beichen Tech Park,Jintang Road,18565.76834,100106,100077,121,21,100,64,36
Jintang Road,North Beichen Tech Park,18565.76834,100077,100106,118,21,97,60,37
Yangwu Zhuang,Benxi Road,18562.48981,100169,100008,46,7,39,31,8
Benxi Road,Yangwu Zhuang,18562.48981,100008,100169,41,9,32,24,8
Anshan West Road,Xinli,18562.11153,100003,100161,130,11,119,83,36
Xinli,Anshan West Road,18562.11153,100161,100003,117,13,104,80,24
Beiyangyuan Campus of Tianjin University,Wangdingdi,18561.97525,100007,100145,11,2,9,7,2
Wangdingdi,Beiyangyuan Campus of Tianjin University,18561.97525,100145,100007,9,2,7,3,4
Yutai,Yixingbu North,18560.94003,100183,100176,29,10,19,13,6
Yixingbu North,Yutai,18560.94003,100176,100183,28,5,23,11,12
South Station,Cao Zhuang,18559.58064,100122,100011,433,152,281,142,139
Cao Zhuang,South Station,18559.58064,100011,100122,318,118,200,104,96
Zhangxing Zhuang,Xinxing Village,18559.04063,100185,100162,2,0,2,0,2
Dongli Sanjing Road,Tianjin Station,18558.0112,100032,100135,21,2,19,15,4
Tianjin Station,Dongli Sanjing Road,18558.0112,100135,100032,6,4,2,0,2
Hongni River East,Jinshi Bridge,18557.32621,100056,100076,41,7,34,23,11
Jinshi Bridge,Hongni River East,18557.32621,100076,100056,40,7,33,24,9
Xueyuan North Road,Jiefang South Road,18555.94799,100165,100068,1,0,1,0,1
Nansun Zhuang,Yizhongxin Hospital,18553.17343,100103,100177,7,0,7,7,0
Yizhongxin Hospital,Nansun Zhuang,18553.17343,100177,100103,5,1,4,2,2
Yingkou Road,Beiyangyuan Campus of Tianjin University,18552.90171,100174,100007,437,246,191,63,128
Beiyangyuan Campus of Tianjin University,Yingkou Road,18552.90171,100007,100174,397,219,178,78,100
Danhebei Road,Wujiayao,18551.58333,100022,100150,19,3,16,7,9
Wujiayao,Danhebei Road,18551.58333,100150,100022,15,1,14,10,4
Danhebei Road,Benxi Road,18551.16149,100022,100008,2,1,1,0,1
National Exhibition Centre,Cultural centre,18544.3171,100105,100020,17,14,3,1,2
Cultural centre,National Exhibition Centre,18544.3171,100020,100105,11,7,4,4,0
Jiefang South Road,Tianshili,18543.18747,100068,100136,20,5,15,10,5
Tianshili,Jiefang South Road,18543.18747,100136,100068,17,6,11,8,3
Zhangxing Zhuang,Chunhai Road,18542.6845,100185,100017,13,4,9,4,5
Chunhai Road,Zhangxing Zhuang,18542.6845,100017,100185,10,2,8,7,1
Northwest Corner,Hongni River East,18542.03767,100109,100056,293,61,232,129,103
Hongni River East,Northwest Corner,18542.03767,100056,100109,260,59,201,146,55
People's Hospital,Xinli,18539.59791,100111,100161,60,12,48,23,25
Xinli,People's Hospital,18539.59791,100161,100111,58,9,49,31,18
South Station,Tiedong Road,18536.90906,100122,100139,566,157,409,232,177
Tiedong Road,South Station,18536.90906,100139,100122,480,135,345,226,119
Changhong Park,Jingli Road,18533.96205,100012,100073,125,28,97,60,37
Jingli Road,Changhong Park,18533.96205,100073,100012,119,30,89,59,30
Jianguo Road,Dongli Yijing Road,18529.54972,100064,100033,2,1,1,0,1
Dongli Yijing Road,Jianguo Road,18529.54972,100033,100064,1,0,1,0,1
Anshan West Road,Airport Economic Zone,18526.47795,100003,100001,458,82,376,255,121
Airport Economic Zone,Anshan West Road,18526.47795,100001,100003,436,78,358,251,107
Dengzhou Road,Danhebei Road,18525.51054,100024,100022,8,3,5,5,0
Danhebei Road,Dengzhou Road,18525.51054,100022,100024,5,1,4,0,4
Bei Zhulin,University of Civil Aviation,18523.74396,100004,100142,4,0,4,1,3
University of Civil Aviation,Bei Zhulin,18523.74396,100142,100004,2,0,2,1,1
Guangkaisima Road,Xinxing Village,18520.86814,100044,100162,1,0,1,1,0
Xinxing Village,Guangkaisima Road,18520.86814,100162,100044,1,0,1,0,1
Fangshan Road,Beichen Road,18519.64482,100038,100005,8,6,2,2,0
Beichen Road,Fangshan Road,18519.64482,100005,100038,2,0,2,1,1
Chinese Medicine First Affiliated Hospital,Ruijing XinYuan,18518.167,100016,100114,158,43,115,47,68
Ruijing XinYuan,Chinese Medicine First Affiliated Hospital,18518.167,100114,100016,154,43,111,67,44
Benxi Road,Meilin Road,18515.79254,100008,100098,44,7,37,20,17
Meilin Road,Benxi Road,18515.79254,100098,100008,41,3,38,22,16
University of Civil Aviation,Dabi Zhuang,18514.7403,100142,100021,16,4,12,7,5
Dabi Zhuang,University of Civil Aviation,18514.7403,100021,100142,12,4,8,2,6
Yutai,Dongli Liujing Road,18512.89513,100183,100031,17,1,16,16,0
Dongli Liujing Road,Yutai,18512.89513,100031,100183,15,3,12,11,1
North Beichen Tech Park,People's Hospital,18511.53004,100106,100111,26,7,19,12,7
People's Hospital,North Beichen Tech Park,18511.53004,100111,100106,21,6,15,8,7
Meilin Road,Tianshili,18505.97584,100098,100136,9,3,6,2,4
Tianshili,Meilin Road,18505.97584,100136,100098,4,0,4,2,2
Nanzhu Bridge,Zhicheng Road,18504.77882,100104,100187,19,5,14,11,3
Zhicheng Road,Nanzhu Bridge,18504.77882,100187,100104,14,7,7,5,2
Changling Road,Xinxing Village,18504.02137,100013,100162,1,1,0,0,0
Hangshuang Road,Meijiang Exhibition Centre,18498.89539,100051,100095,6,1,5,5,0
Meijiang Exhibition Centre,Hangshuang Road,18498.89539,100095,100051,5,2,3,3,0
Cao Zhuang,Dongting Road,18496.50794,100011,100034,38,5,33,24,9
Dongting Road,Cao Zhuang,18496.50794,100034,100011,30,6,24,17,7
South Station,Dongting Road,18492.13646,100122,100034,64,14,50,28,22
Dongting Road,South Station,18492.13646,100034,100122,53,18,35,19,16
Gulou,Hongni River East,18491.32463,100045,100056,76,23,53,15,38
Hongni River East,Gulou,18491.32463,100056,100045,59,24,35,15,20
Nanhe Zhuang,Lingbin Road,18489.68857,100101,100087,18,4,14,7,7
Lingbin Road,Nanhe Zhuang,18489.68857,100087,100101,3,1,2,1,1
Yihao Bridge,Binhai International Airport,18488.88696,100172,100010,22,6,16,6,10
Binhai International Airport,Yihao Bridge,18488.88696,100010,100172,19,5,14,5,9
Dongting Road,Guoshan Road,18488.13658,100034,100047,2,0,2,2,0
Guoshan Road,Dongting Road,18488.13658,100047,100034,1,0,1,1,0
Dongting Road,Xinli,18483.16876,100034,100161,5,0,5,3,2
Xinli,Dongting Road,18483.16876,100161,100034,2,1,1,1,0
Jinshi Bridge,Jinghe Road,18481.60174,100076,100071,18,7,11,8,3
Jinghe Road,Jinshi Bridge,18481.60174,100071,100076,17,1,16,8,8
Huanyu Road,Huaihe Road,18481.29653,100059,100058,6,2,4,3,1
Huaihe Road,Huanyu Road,18481.29653,100058,100059,2,0,2,0,2
Guangkaisima Road,Dongli Development Zone,18481.20111,100044,100030,206,23,183,142,41
Dongli Development Zone,Guangkaisima Road,18481.20111,100030,100044,197,24,173,125,48
Yixingbu,Xuefu Industrial Area,18480.95225,100175,100163,135,10,125,117,8
Xuefu Industrial Area,Yixingbu,18480.95225,100163,100175,118,5,113,91,22
Jinghe Road,Gulou,18478.36302,100071,100045,41,17,24,8,16
Gulou,Jinghe Road,18478.36302,100045,100071,31,10,21,9,12
Lilou,People's Hospital,18477.22057,100086,100111,72,11,61,34,27
People's Hospital,Lilou,18477.22057,100111,100086,68,11,57,15,42
Ruijing XinYuan,Lijiang Road,18476.69608,100114,100085,24,6,18,8,10
Lijiang Road,Ruijing XinYuan,18476.69608,100085,100114,15,3,12,6,6
Xinli,Bei Zhulin,18476.29535,100161,100004,18,2,16,14,2
Bei Zhulin,Xinli,18476.29535,100004,100161,13,3,10,7,3
Tiantai Road,Xuelian South Road,18475.77441,100137,100164,1,1,0,0,0
Xuelian South Road,Tiantai Road,18475.77441,100164,100137,1,0,1,1,0
Yuejin North Road,Bianxing,18473.90913,100181,100009,22,7,15,12,3
Bianxing,Yuejin North Road,18473.90913,100009,100181,20,3,17,12,5
Southwest Tower,Guorui Road,18467.64175,100125,100046,20,2,18,12,6
Guorui Road,Southwest Tower,18467.64175,100046,100125,12,3,9,5,4
Nanhe Zhuang,Dongting Road,18463.58341,100101,100034,5,1,4,1,3
Dongting Road,Nanhe Zhuang,18463.58341,100034,100101,4,1,3,2,1
Meilin Road,Yuejin North Road,18460.9799,100098,100181,10,4,6,1,5
Yuejin North Road,Meilin Road,18460.9799,100181,100098,7,2,5,5,0
Binhai International Airport,Tiantai Road,18457.75459,100010,100137,124,39,85,23,62
Tiantai Road,Binhai International Airport,18457.75459,100137,100010,119,37,82,38,44
Meijiang Exhibition Centre,Zhaoyuan Road,18455.5189,100095,100186,1,0,1,1,0
Nanlou,Donggu Road,18451.33665,100102,100026,1168,231,937,572,365
Donggu Road,Nanlou,18451.33665,100026,100102,1153,236,917,647,270
Jinghe Road,Chunhai Road,18450.42944,100071,100017,1,1,0,0,0
Meilin Road,Yixingbu North,18449.78647,100098,100176,29,3,26,17,9
Yixingbu North,Meilin Road,18449.78647,100176,100098,26,6,20,6,14
Xuefu Industrial Area,Zhicheng Road,18446.50259,100163,100187,53,4,49,44,5
Zhicheng Road,Xuefu Industrial Area,18446.50259,100187,100163,44,4,40,40,0
Beiyangyuan Campus of Tianjin University,Shiyijing Road,18443.45131,100007,100117,22,8,14,10,4
Shiyijing Road,Beiyangyuan Campus of Tianjin University,18443.45131,100117,100007,17,6,11,3,8
Xiangshan Road,Guorui Road,18443.05715,100151,100046,8,0,8,0,8
Guorui Road,Xiangshan Road,18443.05715,100046,100151,5,0,5,3,2
Zhongshan Road,Dongli Culture and Sports Centre,18442.48747,100190,100029,2,1,1,0,1
Dongli Culture and Sports Centre,Zhongshan Road,18442.48747,100029,100190,1,0,1,1,0
Nanhe Zhuang,Wangdingdi,18439.59324,100101,100145,4,0,4,2,2
Cao Zhuang,Dabi Zhuang,18438.52839,100011,100021,174,60,114,57,57
Dabi Zhuang,Cao Zhuang,18438.52839,100021,100011,151,64,87,50,37
Beiyangyuan Campus of Tianjin University,Yizhongxin Hospital,18438.01557,100007,100177,121,41,80,40,40
Yizhongxin Hospital,Beiyangyuan Campus of Tianjin University,18438.01557,100177,100007,108,34,74,32,42
Tianshili,Dongting Road,18436.46131,100136,100034,2,0,2,0,2
South Station,Nanzhu Bridge,18435.8918,100122,100104,24,7,17,6,11
Nanzhu Bridge,South Station,18435.8918,100104,100122,20,8,12,6,6
Nansun Zhuang,Chentang Zhuang,18435.76543,100103,100015,1,0,1,0,1
Dabi Zhuang,Huayuan,18435.40523,100021,100061,150,17,133,115,18
Huayuan,Dabi Zhuang,18435.40523,100061,100021,145,16,129,86,43
Jiefang South Road,Yixingbu North,18431.90225,100068,100176,130,38,92,60,32
Yixingbu North,Jiefang South Road,18431.90225,100176,100068,121,33,88,57,31
Minquan Gate,Yangwu Zhuang,18430.16477,100099,100169,35,7,28,23,5
Yangwu Zhuang,Minquan Gate,18430.16477,100169,100099,31,6,25,20,5
Liaohe North Road,Meijiang Exhibition Centre,18428.05223,100084,100095,26,9,17,9,8
Meijiang Exhibition Centre,Liaohe North Road,18428.05223,100095,100084,20,7,13,10,3
Lijiang Road,JinZhong Street,18427.98087,100085,100080,10,3,7,4,3
JinZhong Street,Lijiang Road,18427.98087,100080,100085,10,6,4,1,3
Fuxing Gate,Xuefu Industrial Area,18427.26768,100041,100163,92,8,84,74,10
Xuefu Industrial Area,Fuxing Gate,18427.26768,100163,100041,75,2,73,61,12
Longhan Road,Bianxing,18426.73408,100092,100009,4,2,2,2,0
Bianxing,Longhan Road,18426.73408,100009,100092,1,0,1,1,0
Water Park Road East,Fengchan River,18426.35098,100147,100039,31,14,17,11,6
Fengchan River,Water Park Road East,18426.35098,100039,100147,30,16,14,6,8
Haihe Education Zone,Yingfeng Road,18426.24509,100050,100173,24,5,19,7,12
Yingfeng Road,Haihe Education Zone,18426.24509,100173,100050,24,8,16,10,6
Changhong Park,Binhai International Airport,18425.7838,100012,100010,815,209,606,250,356
Binhai International Airport,Changhong Park,18425.7838,100010,100012,632,189,443,116,327
Anshan West Road,Danhebei Road,18424.59646,100003,100022,21,5,16,11,5
Danhebei Road,Anshan West Road,18424.59646,100022,100003,16,4,12,4,8
Xinli,Shuanglin,18414.88559,100161,100119,8,0,8,8,0
Shuanglin,Xinli,18414.88559,100119,100161,4,1,3,1,2
Wanshan Road,Dongli Development Zone,18414.70763,100146,100030,1,1,0,0,0
Dongli Development Zone,Wanshan Road,18414.70763,100030,100146,1,1,0,0,0
Liuyuan,Changling Road,18408.30046,100091,100013,263,78,185,114,71
Changling Road,Liuyuan,18408.30046,100013,100091,254,64,190,106,84
Shuanggang,Shaliu South Road,18407.60711,100118,100116,4,2,2,2,0
Shaliu South Road,Shuanggang,18407.60711,100116,100118,3,1,2,2,0
Dongli Development Zone,Lingbin Road,18405.07735,100030,100087,72,13,59,39,20
Lingbin Road,Dongli Development Zone,18405.07735,100087,100030,64,16,48,25,23
Jinnan Campus of Nankai University,Sports Centre,18403.70864,100075,100126,17,6,11,8,3
Sports Centre,Jinnan Campus of Nankai University,18403.70864,100126,100075,7,4,3,0,3
Jiefang South Road,Dabi Zhuang,18403.08064,100068,100021,79,30,49,28,21
Dabi Zhuang,Jiefang South Road,18403.08064,100021,100068,78,18,60,40,20
Yibin Road,Xuelian South Road,18402.43498,100171,100164,2,2,0,0,0
Sports Centre,Beichen Road,18401.27549,100126,100005,181,35,146,84,62
Beichen Road,Sports Centre,18401.27549,100005,100126,172,36,136,93,43
North Beichen Tech Park,Yingkou Road,18400.43758,100106,100174,499,176,323,189,134
Yingkou Road,North Beichen Tech Park,18400.43758,100174,100106,416,119,297,155,142
Meilin Road,Lilou,18399.51222,100098,100086,2,0,2,2,0
JinZhong River Street,Xuefu Industrial Area,18399.11419,100079,100163,159,10,149,139,10
Xuefu Industrial Area,JinZhong River Street,18399.11419,100163,100079,144,6,138,105,33
Shaliu South Road,High-Tech Zone,18389.56183,100116,100054,72,11,61,51,10
High-Tech Zone,Shaliu South Road,18389.56183,100054,100116,54,11,43,34,9
Lushui Road,Dengzhou Road,18389.33836,100093,100024,16,7,9,4,5
Dengzhou Road,Lushui Road,18389.33836,100024,100093,13,5,8,2,6
Airport Economic Zone,Lingbin Road,18385.23332,100001,100087,116,20,96,64,32
Lingbin Road,Airport Economic Zone,18385.23332,100087,100001,110,28,82,56,26
Chunhai Road,Yangwu Zhuang,18383.90186,100017,100169,1,0,1,0,1
Jianshan Road,Binhai International Airport,18383.07664,100066,100010,25,4,21,10,11
Binhai International Airport,Jianshan Road,18383.07664,100010,100066,24,7,17,5,12
Dongli Yijing Road,Second hospital of the Medical University,18381.87428,100033,100115,2,2,0,0,0
Dongting Road,Yixingbu North,18380.27194,100034,100176,9,5,4,2,2
Yixingbu North,Dongting Road,18380.27194,100176,100034,8,2,6,0,6
Xuzhuangzi,Xinli,18379.13471,100168,100161,27,7,20,13,7
Xinli,Xuzhuangzi,18379.13471,100161,100168,16,0,16,6,10
Jinghe Road,Jianchang Road,18375.73113,100071,100063,5,0,5,5,0
Jianchang Road,Jinghe Road,18375.73113,100063,100071,4,0,4,4,0
Chinese Medicine First Affiliated Hospital,Dongli Liujing Road,18371.10206,100016,100031,6,0,6,5,1
Dongli Liujing Road,Chinese Medicine First Affiliated Hospital,18371.10206,100031,100016,5,0,5,4,1
Dabi Zhuang,Meijiang Exhibition Centre,18370.69723,100021,100095,71,24,47,19,28
Meijiang Exhibition Centre,Dabi Zhuang,18370.69723,100095,100021,66,28,38,21,17
National Exhibition Centre,Laoshan Road,18369.95933,100105,100082,3,0,3,1,2
Laoshan Road,National Exhibition Centre,18369.95933,100082,100105,2,1,1,0,1
Nansun Zhuang,Lushui Road,18368.99012,100103,100093,7,1,6,3,3
Lushui Road,Nansun Zhuang,18368.99012,100093,100103,3,0,3,0,3
Zhaoyuan Road,Wangdingdi,18367.18309,100186,100145,1,0,1,1,0
Xinkai River,Lilou,18364.04643,100160,100086,9,2,7,6,1
Lilou,Xinkai River,18364.04643,100086,100160,7,1,6,5,1
Jiangwan Erzhi Road,Jiayuan Li,18363.47908,100065,100067,12,5,7,5,2
Jiayuan Li,Jiangwan Erzhi Road,18363.47908,100067,100065,11,3,8,7,1
Xianyang Road,Xuelian South Road,18362.68507,100153,100164,4,3,1,1,0
South Station,Qinjian Road,18361.89965,100122,100113,420,135,285,212,73
Qinjian Road,South Station,18361.89965,100113,100122,310,79,231,123,108
Yixingbu,Shuanglin,18361.56973,100175,100119,52,9,43,29,14
Shuanglin,Yixingbu,18361.56973,100119,100175,43,7,36,18,18
Meijiang Exhibition Centre,Jiayuan Li,18359.78706,100095,100067,152,43,109,69,40
Jiayuan Li,Meijiang Exhibition Centre,18359.78706,100067,100095,147,38,109,79,30
Yixingbu,Liqi Zhuang South,18359.29288,100175,100088,6,1,5,3,2
Chentang Zhuang,Fengchan River,18358.5175,100015,100039,25,0,25,15,10
Fengchan River,Chentang Zhuang,18358.5175,100039,100015,23,1,22,16,6
Jintang Road,National Exhibition Centre,18356.65087,100077,100105,7,4,3,2,1
National Exhibition Centre,Jintang Road,18356.65087,100105,100077,3,0,3,1,2
Chunhai Road,Bianxing,18356.10916,100017,100009,12,2,10,4,6
Bianxing,Chunhai Road,18356.10916,100009,100017,9,1,8,7,1
Bei Zhulin,Jinghe Road,18353.91025,100004,100071,5,2,3,0,3
Jinghe Road,Bei Zhulin,18353.91025,100071,100004,3,0,3,0,3
Guorui Road,Zhigu,18353.71441,100046,100188,17,3,14,6,8
Zhigu,Guorui Road,18353.71441,100188,100046,13,2,11,6,5
Zhanggui Zhuang,Airport Economic Zone,18352.33994,100184,100001,77,11,66,37,29
Airport Economic Zone,Zhanggui Zhuang,18352.33994,100001,100184,69,11,58,32,26
Zhaoyuan Road,Changhong Park,18352.16007,100186,100012,8,0,8,3,5
Changhong Park,Zhaoyuan Road,18352.16007,100012,100186,2,0,2,1,1
North Beichen Tech Park,Jin Street,18348.52495,100106,100070,78,8,70,57,13
Jin Street,North Beichen Tech Park,18348.52495,100070,100106,70,10,60,35,25
High-Tech Zone,Ruijing XinYuan,18346.75286,100054,100114,176,34,142,98,44
Ruijing XinYuan,High-Tech Zone,18346.75286,100114,100054,160,29,131,102,29
Hongqi South Road,Airport Economic Zone,18346.16304,100057,100001,493,78,415,314,101
Airport Economic Zone,Hongqi South Road,18346.16304,100001,100057,471,91,380,247,133
Xiangshan Road,Jiayuan Li,18345.75085,100151,100067,44,8,36,14,22
Jiayuan Li,Xiangshan Road,18345.75085,100067,100151,29,9,20,9,11
JinZhong Street,Chinese Medicine First Affiliated Hospital,18344.9806,100080,100016,78,16,62,40,22
Chinese Medicine First Affiliated Hospital,JinZhong Street,18344.9806,100016,100080,74,15,59,21,38
Magangchang,Xuefu Industrial Area,18344.46119,100094,100163,15,0,15,14,1
Xuefu Industrial Area,Magangchang,18344.46119,100163,100094,10,2,8,7,1
Wanshan Road,Jiayuan Li,18344.21484,100146,100067,3,0,3,1,2
Jiayuan Li,Wanshan Road,18344.21484,100067,100146,3,1,2,2,0
Dongli Sanjing Road,Airport Economic Zone,18343.45769,100032,100001,13,4,9,8,1
Airport Economic Zone,Dongli Sanjing Road,18343.45769,100001,100032,6,0,6,6,0
Lingbin Road,North China Group,18343.07533,100087,100107,59,18,41,20,21
North China Group,Lingbin Road,18343.07533,100107,100087,58,17,41,20,21
Xunhai Road,Jinshi Bridge,18342.9081,100166,100076,3,0,3,1,2
Jingjiang Road,Gaozhuangzi,18341.92536,100072,100043,60,21,39,24,15
Gaozhuangzi,Jingjiang Road,18341.92536,100043,100072,42,11,31,17,14
Zhanggui Zhuang,University of Civil Aviation,18339.05507,100184,100142,9,4,5,1,4
University of Civil Aviation,Zhanggui Zhuang,18339.05507,100142,100184,8,3,5,0,5
Beichen Road,Zhou and Deng Memorial Museum,18334.72426,100005,100191,34,14,20,14,6
Zhou and Deng Memorial Museum,Beichen Road,18334.72426,100191,100005,33,7,26,10,16
North Beichen Tech Park,Shiyijing Road,18334.64782,100106,100117,70,8,62,57,5
Shiyijing Road,North Beichen Tech Park,18334.64782,100117,100106,63,6,57,43,14
Huashan Li,Huaihe Road,18329.68793,100060,100058,137,19,118,97,21
Huaihe Road,Huashan Li,18329.68793,100058,100060,135,27,108,84,24
Dengzhou South Road,Guorui Road,18328.53829,100025,100046,5,0,5,5,0
Guorui Road,Dengzhou South Road,18328.53829,100046,100025,4,0,4,3,1
Jiangwan Erzhi Road,Yixingbu North,18326.54584,100065,100176,24,4,20,16,4
Yixingbu North,Jiangwan Erzhi Road,18326.54584,100176,100065,11,1,10,4,6
Jinghe Road,West Station,18326.33906,100071,100149,244,69,175,96,79
West Station,Jinghe Road,18326.33906,100149,100071,240,61,179,61,118
Jiayuan Li,Fangshan Road,18324.51002,100067,100038,7,1,6,2,4
Fangshan Road,Jiayuan Li,18324.51002,100038,100067,6,3,3,3,0
Xuzhuangzi,Dongli Culture and Sports Centre,18324.45917,100168,100029,2,0,2,1,1
Liaohe North Road,University town,18323.11792,100084,100143,69,20,49,35,14
University town,Liaohe North Road,18323.11792,100143,100084,65,20,45,31,14
Guorui Road,Xiaobailou,18322.43057,100046,100154,123,24,99,70,29
Xiaobailou,Guorui Road,18322.43057,100154,100046,107,26,81,53,28
Zhangxing Zhuang,Xinli,18320.98499,100185,100161,36,11,25,10,15
Xinli,Zhangxing Zhuang,18320.98499,100161,100185,22,8,14,9,5
Yingfeng Road,Professional University,18316.8829,100173,100112,33,11,22,10,12
Professional University,Yingfeng Road,18316.8829,100112,100173,26,5,21,17,4
North Beichen Tech Park,Honghu Li,18314.54174,100106,100055,7,0,7,3,4
Honghu Li,North Beichen Tech Park,18314.54174,100055,100106,6,0,6,2,4
University town,Liuyuan,18313.28411,100143,100091,701,209,492,262,230
Liuyuan,University town,18313.28411,100091,100143,562,250,312,148,164
Xikang Road,Dongli Yijing Road,18308.78904,100158,100033,8,0,8,8,0
Dongli Yijing Road,Xikang Road,18308.78904,100033,100158,4,2,2,1,1
Dongli Liujing Road,Xingfu Park,18305.84049,100031,100159,14,0,14,12,2
Xingfu Park,Dongli Liujing Road,18305.84049,100159,100031,7,0,7,7,0
Lilou,Minquan Gate,18303.1974,100086,100099,18,4,14,8,6
Minquan Gate,Lilou,18303.1974,100099,100086,17,3,14,9,5
Dongli Culture and Sports Centre,Tian Tower,18302.54381,100029,100133,15,9,6,0,6
Tian Tower,Dongli Culture and Sports Centre,18302.54381,100133,100029,8,4,4,0,4
University town,Laoshan Road,18301.89752,100143,100082,61,23,38,25,13
Laoshan Road,University town,18301.89752,100082,100143,52,17,35,17,18
Xiangshan Road,Lushui Road,18301.68623,100151,100093,3,3,0,0,0
Lushui Road,Xiangshan Road,18301.68623,100093,100151,2,0,2,1,1
Zhongshan Road,Xinxing Village,18300.21966,100190,100162,2,0,2,1,1
Liaohe North Road,The Financial University,18298.57995,100084,100132,23,7,16,6,10
The Financial University,Liaohe North Road,18298.57995,100132,100084,18,6,12,4,8
Yutai,Xuzhuangzi,18293.71943,100183,100168,7,1,6,4,2
Xuzhuangzi,Yutai,18293.71943,100168,100183,6,2,4,4,0
Guoshan Road,Jiefang South Road,18291.36319,100047,100068,24,9,15,10,5
Jiefang South Road,Guoshan Road,18291.36319,100068,100047,23,6,17,6,11
Yaohuan Road,Ruijing XinYuan,18289.2453,100170,100114,16,7,9,5,4
Ruijing XinYuan,Yaohuan Road,18289.2453,100114,100170,15,7,8,6,2
Xinli,Jiefang South Road,18286.39537,100161,100068,48,14,34,30,4
Jiefang South Road,Xinli,18286.39537,100068,100161,44,7,37,29,8
Liulin Road,Dabi Zhuang,18282.77341,100089,100021,24,6,18,3,15
Dabi Zhuang,Liulin Road,18282.77341,100021,100089,17,8,9,3,6
Jingli Road,Erwei Road,18277.93409,100073,100036,34,9,25,18,7
Erwei Road,Jingli Road,18277.93409,100036,100073,29,2,27,19,8
Jinghe Road,People's Hospital,18277.85195,100071,100111,71,12,59,33,26
People's Hospital,Jinghe Road,18277.85195,100111,100071,64,10,54,33,21
Gaozhuangzi,Dengzhou Road,18276.16001,100043,100024,14,0,14,7,7
Dengzhou Road,Gaozhuangzi,18276.16001,100024,100043,7,4,3,2,1
Jiayuan Li,Yihao Bridge,18272.62177,100067,100172,44,10,34,21,13
Yihao Bridge,Jiayuan Li,18272.62177,100172,100067,39,10,29,20,9
Nansun Zhuang,Tumour Hospital,18268.35883,100103,100141,23,2,21,10,11
Tumour Hospital,Nansun Zhuang,18268.35883,100141,100103,22,2,20,1,19
Cao Zhuang,Wanshan Road,18266.95414,100011,100146,45,10,35,28,7
Wanshan Road,Cao Zhuang,18266.95414,100146,100011,27,7,20,11,9
Xianshuigu West,Leyuan Road,18261.31411,100152,100083,740,245,495,306,189
Leyuan Road,Xianshuigu West,18261.31411,100083,100152,737,241,496,278,218
Jingli Road,Jin Street,18254.89081,100073,100070,31,7,24,20,4
Jin Street,Jingli Road,18254.89081,100070,100073,22,3,19,15,4
Wangdingdi,Fengchan River,18252.28039,100145,100039,15,0,15,5,10
Fengchan River,Wangdingdi,18252.28039,100039,100145,8,1,7,7,0
Yudongcheng,High-Tech Zone,18251.24387,100180,100054,360,36,324,288,36
High-Tech Zone,Yudongcheng,18251.24387,100054,100180,336,36,300,224,76
Beichen Road,Jianshan Road,18249.12006,100005,100066,22,4,18,11,7
Jianshan Road,Beichen Road,18249.12006,100066,100005,11,3,8,4,4
Dongting Road,Benxi Road,18248.46778,100034,100008,26,2,24,18,6
Benxi Road,Dongting Road,18248.46778,100008,100034,23,2,21,15,6
Cao Zhuang,Fangshan Road,18247.24932,100011,100038,35,13,22,13,9
Fangshan Road,Cao Zhuang,18247.24932,100038,100011,31,14,17,15,2
Jingli Road,JinZhong River Street,18246.65395,100073,100079,23,6,17,10,7
JinZhong River Street,Jingli Road,18246.65395,100079,100073,21,5,16,10,6
Jieyuan West Road,Weishan Road,18243.3222,100069,100148,5,1,4,2,2
Weishan Road,Jieyuan West Road,18243.3222,100148,100069,4,2,2,0,2
Jieyuan West Road,Shuanglin,18241.01094,100069,100119,88,25,63,34,29
Shuanglin,Jieyuan West Road,18241.01094,100119,100069,87,29,58,36,22
Yaohuan Road,JinZhong Street,18240.53009,100170,100080,10,5,5,2,3
JinZhong Street,Yaohuan Road,18240.53009,100080,100170,6,0,6,2,4
Yingfeng Road,Hangshuang Road,18237.82383,100173,100051,18,3,15,15,0
Hangshuang Road,Yingfeng Road,18237.82383,100051,100173,10,2,8,7,1
Haihe Education Zone,Xiaobailou,18234.90638,100050,100154,31,8,23,14,9
Xiaobailou,Haihe Education Zone,18234.90638,100154,100050,21,4,17,6,11
Liqi Zhuang South,Guoshan Road,18233.58442,100088,100047,8,0,8,8,0
Guoshan Road,Liqi Zhuang South,18233.58442,100047,100088,1,0,1,1,0
Fengchan River,Tumour Hospital,18233.22941,100039,100141,57,6,51,35,16
Tumour Hospital,Fengchan River,18233.22941,100141,100039,57,7,50,17,33
Xueyuan North Road,Tianshili,18229.12573,100165,100136,2,2,0,0,0
Wujiayao,Jingli Road,18226.64247,100150,100073,41,8,33,22,11
Jingli Road,Wujiayao,18226.64247,100073,100150,26,6,20,14,6
North China Group,Fuxing Gate,18224.51623,100107,100041,224,98,126,79,47
Fuxing Gate,North China Group,18224.51623,100041,100107,203,41,162,73,89
Wanshan Road,University town,18223.80715,100146,100143,5,2,3,2,1
University town,Wanshan Road,18223.80715,100143,100146,2,0,2,2,0
Lilou,Jianchang Road,18220.90478,100086,100063,30,2,28,9,19
Jianchang Road,Lilou,18220.90478,100063,100086,22,3,19,12,7
Meijiang Park,Nanhe Zhuang,18220.60042,100096,100101,7,0,7,5,2
Nanhe Zhuang,Meijiang Park,18220.60042,100101,100096,4,1,3,2,1
Nanhe Zhuang,Ruijing XinYuan,18218.7174,100101,100114,71,28,43,18,25
Ruijing XinYuan,Nanhe Zhuang,18218.7174,100114,100101,60,20,40,21,19
Lingbin Road,University of Civil Aviation,18216.36178,100087,100142,30,13,17,6,11
University of Civil Aviation,Lingbin Road,18216.36178,100142,100087,27,11,16,8,8
Magangchang,Jieyuan West Road,18215.56227,100094,100069,22,5,17,9,8
Jieyuan West Road,Magangchang,18215.56227,100069,100094,13,4,9,6,3
Guoshan Road,Beichen Road,18213.40944,100047,100005,20,7,13,6,7
Beichen Road,Guoshan Road,18213.40944,100005,100047,11,4,7,1,6
University of Civil Aviation,Foreign Languages High School,18211.13827,100142,100040,8,1,7,1,6
Foreign Languages High School,University of Civil Aviation,18211.13827,100040,100142,3,1,2,2,0
Tumour Hospital,Dongli Sanjing Road,18211.07267,100141,100032,9,0,9,9,0
Dongli Sanjing Road,Tumour Hospital,18211.07267,100032,100141,4,0,4,4,0
University town,Fangshan Road,18204.10232,100143,100038,14,2,12,9,3
Fangshan Road,University town,18204.10232,100038,100143,14,1,13,10,3
Xiaodian,Zhongshan Gate,18203.26491,100155,100189,84,14,70,55,15
Zhongshan Gate,Xiaodian,18203.26491,100189,100155,83,7,76,62,14
Guoshan Road,Xiaodian,18198.02657,100047,100155,10,1,9,6,3
Xiaodian,Guoshan Road,18198.02657,100155,100047,8,2,6,5,1
Wangdingdi,Lilou,18191.44863,100145,100086,38,8,30,27,3
Lilou,Wangdingdi,18191.44863,100086,100145,35,6,29,16,13
Dongli Liujing Road,Southwest Tower,18190.0294,100031,100125,2,0,2,2,0
Gaozhuangzi,Liqi Zhuang South,18187.22573,100043,100088,1,0,1,1,0
Jinghe Road,Zhongshan Road,18185.84345,100071,100190,8,4,4,0,4
Zhongshan Road,Jinghe Road,18185.84345,100190,100071,6,4,2,0,2
Nanhe Zhuang,Hangshuang Road,18184.45627,100101,100051,1,1,0,0,0
Hangshuang Road,Nanhe Zhuang,18184.45627,100051,100101,1,0,1,0,1
Meilin Road,Nanhe Zhuang,18182.39001,100098,100101,14,6,8,7,1
Nanhe Zhuang,Meilin Road,18182.39001,100101,100098,12,1,11,4,7
Xuzhuangzi,Xinxing Village,18182.19136,100168,100162,1,0,1,0,1
Xinli,Tiantuo,18182.1213,100161,100138,74,11,63,51,12
Tiantuo,Xinli,18182.1213,100138,100161,57,6,51,32,19
Fengchan River,Ruijing XinYuan,18178.11522,100039,100114,3,1,2,2,0
Ruijing XinYuan,Fengchan River,18178.11522,100114,100039,3,3,0,0,0
Youyi South Road,Zhangxing Zhuang,18177.19733,100178,100185,5,1,4,2,2
Zhangxing Zhuang,Youyi South Road,18177.19733,100185,100178,3,2,1,1,0
Yuejin North Road,Xinli,18175.87147,100181,100161,5,3,2,0,2
Xinli,Yuejin North Road,18175.87147,100161,100181,1,0,1,0,1
Xiaodian,Zhou and Deng Memorial Museum,18175.81478,100155,100191,57,31,26,8,18
Zhou and Deng Memorial Museum,Xiaodian,18175.81478,100191,100155,45,17,28,12,16
Liuyuan,Meijiang Road,18174.98823,100091,100097,232,45,187,147,40
Meijiang Road,Liuyuan,18174.98823,100097,100091,219,34,185,132,53
Wangdingdi,Hangshuang Road,18174.25893,100145,100051,6,0,6,5,1
Hangshuang Road,Wangdingdi,18174.25893,100051,100145,4,0,4,3,1
Cao Zhuang,Yihao Bridge,18173.66172,100011,100172,284,60,224,177,47
Yihao Bridge,Cao Zhuang,18173.66172,100172,100011,278,48,230,128,102
High-Tech Zone,Yixingbu North,18173.0076,100054,100176,139,20,119,87,32
Yixingbu North,High-Tech Zone,18173.0076,100176,100054,132,13,119,107,12
University town,Jinghe Road,18166.82388,100143,100071,55,12,43,25,18
Jinghe Road,University town,18166.82388,100071,100143,47,18,29,16,13
Xuzhuangzi,Chunhai Road,18165.83523,100168,100017,2,0,2,1,1
Nansun Zhuang,Wujiayao,18163.64051,100103,100150,2,2,0,0,0
Beichen Road,Jiayuan Li,18162.55434,100005,100067,7,2,5,2,3
Jiayuan Li,Beichen Road,18162.55434,100067,100005,4,1,3,3,0
Lushui Road,Xuefu Industrial Area,18161.17921,100093,100163,116,5,111,106,5
Xuefu Industrial Area,Lushui Road,18161.17921,100163,100093,99,3,96,86,10
Yutai,Yixingbu,18161.09431,100183,100175,4,2,2,1,1
Yixingbu,Yutai,18161.09431,100175,100183,3,1,2,1,1
Magangchang,Zhangxing Zhuang,18160.98529,100094,100185,5,2,3,2,1
Zhangxing Zhuang,Magangchang,18160.98529,100185,100094,2,1,1,1,0
Dabi Zhuang,Changling Road,18160.27776,100021,100013,64,25,39,21,18
Changling Road,Dabi Zhuang,18160.27776,100013,100021,52,16,36,14,22
Bianxing,Lushui Road,18158.30251,100009,100093,30,9,21,14,7
Lushui Road,Bianxing,18158.30251,100093,100009,25,11,14,10,4
Dabi Zhuang,Zhanggui Zhuang,18157.74991,100021,100184,53,21,32,20,12
Zhanggui Zhuang,Dabi Zhuang,18157.74991,100184,100021,45,20,25,15,10
South Station,Chenglin Road,18155.82183,100122,100014,226,65,161,90,71
Chenglin Road,South Station,18155.82183,100014,100122,162,49,113,66,47
Xuelian South Road,Huayuan,18154.82771,100164,100061,9,2,7,6,1
Huayuan,Xuelian South Road,18154.82771,100061,100164,8,0,8,6,2
Tiantuo,Nansun Zhuang,18153.45977,100138,100103,17,2,15,10,5
Nansun Zhuang,Tiantuo,18153.45977,100103,100138,9,1,8,8,0
Cao Zhuang,Xiangshan Road,18150.67381,100011,100151,185,32,153,93,60
Xiangshan Road,Cao Zhuang,18150.67381,100151,100011,153,35,118,52,66
Cao Zhuang,Huashan Li,18148.02188,100011,100060,313,92,221,125,96
Huashan Li,Cao Zhuang,18148.02188,100060,100011,306,101,205,132,73
Binhai International Airport,Dabi Zhuang,18146.42573,100010,100021,44,11,33,19,14
Dabi Zhuang,Binhai International Airport,18146.42573,100021,100010,29,8,21,14,7
Xinxing Village,Yihao Bridge,18146.15561,100162,100172,1,1,0,0,0
Siyuan Road,High-Tech Zone,18143.5384,100121,100054,34,2,32,30,2
High-Tech Zone,Siyuan Road,18143.5384,100054,100121,29,2,27,24,3
Fuxing Road,Xuelian South Road,18142.5746,100042,100164,1,0,1,0,1
Xuelian South Road,Fuxing Road,18142.5746,100164,100042,1,0,1,0,1
Beichen Road,Zhongshan Gate,18142.14605,100005,100189,86,23,63,47,16
Zhongshan Gate,Beichen Road,18142.14605,100189,100005,81,22,59,33,26
Southeast Corner,Dongli Yijing Road,18142.14003,100123,100033,5,1,4,3,1
Dongli Yijing Road,Southeast Corner,18142.14003,100033,100123,2,0,2,1,1
Youyi South Road,Benxi Road,18141.32372,100178,100008,5,1,4,0,4
Nanzhu Bridge,Zhanggui Zhuang,18140.77009,100104,100184,2,2,0,0,0
Jiefang South Road,Cao Zhuang,18140.26617,100068,100011,465,107,358,196,162
Cao Zhuang,Jiefang South Road,18140.26617,100011,100068,390,111,279,145,134
Dongli Liujing Road,Yaohuan Road,18139.71195,100031,100170,17,4,13,9,4
Yaohuan Road,Dongli Liujing Road,18139.71195,100170,100031,15,1,14,14,0
South Station,Dongxing Road,18139.54081,100122,100035,236,68,168,103,65
Dongxing Road,South Station,18139.54081,100035,100122,204,52,152,93,59
Hangshuang Road,Honghu Li,18136.5055,100051,100055,41,4,37,31,6
Honghu Li,Hangshuang Road,18136.5055,100055,100051,38,5,33,30,3
Nansun Zhuang,Benxi Road,18135.46348,100103,100008,3,0,3,0,3
Benxi Road,Nansun Zhuang,18135.46348,100008,100103,2,0,2,1,1
Yizhongxin Hospital,Zhaoyuan Road,18135.29998,100177,100186,1,1,0,0,0
Zhaoyuan Road,Yizhongxin Hospital,18135.29998,100186,100177,1,1,0,0,0
Lilou,Anshan West Road,18134.42346,100086,100003,72,10,62,42,20
Anshan West Road,Lilou,18134.42346,100003,100086,67,12,55,31,24
Xiaobailou,Dongli Liujing Road,18133.50558,100154,100031,16,7,9,8,1
Dongli Liujing Road,Xiaobailou,18133.50558,100031,100154,11,3,8,3,5
Fuxing Gate,Ruijing XinYuan,18133.44207,100041,100114,268,55,213,122,91
Ruijing XinYuan,Fuxing Gate,18133.44207,100114,100041,241,68,173,108,65
Tianshili,University of Civil Aviation,18133.2506,100136,100142,2,2,0,0,0
University of Civil Aviation,Tianshili,18133.2506,100142,100136,2,0,2,0,2
Binhai International Airport,Chentang Zhuang,18132.61641,100010,100015,108,29,79,21,58
Chentang Zhuang,Binhai International Airport,18132.61641,100015,100010,92,15,77,38,39
Beiyangyuan Campus of Tianjin University,Dongxing Road,18132.333,100007,100035,2,1,1,1,0
Dongxing Road,Beiyangyuan Campus of Tianjin University,18132.333,100035,100007,1,1,0,0,0
Danhebei Road,Nanlou,18129.22542,100022,100102,7,1,6,1,5
Nanlou,Danhebei Road,18129.22542,100102,100022,4,3,1,0,1
Xueyuan North Road,Yixingbu North,18127.77334,100165,100176,1,0,1,0,1
National Exhibition Centre,Dongli Yijing Road,18126.54034,100105,100033,1,1,0,0,0
Liaohe North Road,Chinese Medicine First Affiliated Hospital,18125.28688,100084,100016,100,22,78,44,34
Chinese Medicine First Affiliated Hospital,Liaohe North Road,18125.28688,100016,100084,91,16,75,21,54
Dongting Road,Yuejin North Road,18116.94837,100034,100181,2,0,2,0,2
Gaozhuangzi,Haiguang Temple,18116.49544,100043,100048,674,120,554,424,130
Haiguang Temple,Gaozhuangzi,18116.49544,100048,100043,606,114,492,332,160
Beichen Road,Wanshan Road,18116.45347,100005,100146,4,0,4,2,2
Wanshan Road,Beichen Road,18116.45347,100146,100005,3,2,1,1,0
Zuojiang Road,University of Civil Aviation,18116.15782,100192,100142,1,0,1,0,1
University of Civil Aviation,Zuojiang Road,18116.15782,100142,100192,1,0,1,1,0
Beining Park,Jingli Road,18115.8262,100006,100073,27,4,23,17,6
Jingli Road,Beining Park,18115.8262,100073,100006,27,5,22,10,12
Jiayuan Li,Huashan Li,18114.78011,100067,100060,301,96,205,122,83
Huashan Li,Jiayuan Li,18114.78011,100060,100067,276,91,185,94,91
Dongli Sanjing Road,Jinwan Square,18114.70428,100032,100078,4,0,4,1,3
Jinwan Square,Dongli Sanjing Road,18114.70428,100078,100032,2,0,2,0,2
Xianyang Road,Danhebei Road,18110.56286,100153,100022,8,4,4,4,0
Danhebei Road,Xianyang Road,18110.56286,100022,100153,7,5,2,0,2
Minquan Gate,Jingli Road,18107.77898,100099,100073,22,6,16,10,6
Jingli Road,Minquan Gate,18107.77898,100073,100099,17,9,8,7,1
Hongni River East,Yuanyang International Centre,18106.29789,100056,100179,44,14,30,19,11
Yuanyang International Centre,Hongni River East,18106.29789,100179,100056,44,13,31,25,6
Sports Centre,University of Civil Aviation,18104.43189,100126,100142,83,33,50,19,31
University of Civil Aviation,Sports Centre,18104.43189,100142,100126,81,38,43,21,22
Xuelian South Road,People's Hospital,18103.8564,100164,100111,6,1,5,0,5
People's Hospital,Xuelian South Road,18103.8564,100111,100164,3,0,3,2,1
Nanhe Zhuang,Yingfeng Road,18103.59992,100101,100173,60,12,48,30,18
Yingfeng Road,Nanhe Zhuang,18103.59992,100173,100101,59,20,39,22,17
Gaozhuangzi,Jinwan Square,18102.44972,100043,100078,295,82,213,156,57
Jinwan Square,Gaozhuangzi,18102.44972,100078,100043,291,115,176,114,62
Nancuiping,Nanhe Zhuang,18102.16021,100100,100101,24,13,11,6,5
Nanhe Zhuang,Nancuiping,18102.16021,100101,100100,18,9,9,6,3
Professional University,Lingbin Road,18098.01513,100112,100087,73,18,55,40,15
Lingbin Road,Professional University,18098.01513,100087,100112,63,14,49,34,15
Tumour Hospital,Gaozhuangzi,18096.97166,100141,100043,157,25,132,56,76
Gaozhuangzi,Tumour Hospital,18096.97166,100043,100141,151,18,133,65,68
University town,Xuzhuangzi,18094.65458,100143,100168,65,22,43,30,13
Xuzhuangzi,University town,18094.65458,100168,100143,58,12,46,32,14
Jinghe Road,Yueya River,18093.55684,100071,100182,33,6,27,22,5
Yueya River,Jinghe Road,18093.55684,100182,100071,33,6,27,22,5
Beichen Road,Tianjin Hotel,18091.62876,100005,100134,185,42,143,114,29
Tianjin Hotel,Beichen Road,18091.62876,100134,100005,160,35,125,69,56
Cao Zhuang,North China Group,18090.37716,100011,100107,543,170,373,138,235
North China Group,Cao Zhuang,18090.37716,100107,100011,536,324,212,103,109
Liuyuan,Dabi Zhuang,18089.58718,100091,100021,184,55,129,64,65
Dabi Zhuang,Liuyuan,18089.58718,100021,100091,151,52,99,49,50
Shuanglin,Binhai International Airport,18089.33711,100119,100010,93,36,57,20,37
Binhai International Airport,Shuanglin,18089.33711,100010,100119,60,21,39,9,30
Haiguang Temple,Danhebei Road,18088.71316,100048,100022,11,3,8,6,2
Danhebei Road,Haiguang Temple,18088.71316,100022,100048,10,4,6,1,5
Lijiang Road,Liaohe North Road,18087.35079,100085,100084,10,2,8,7,1
Liaohe North Road,Lijiang Road,18087.35079,100084,100085,7,0,7,4,3
Yangwu Zhuang,Chentang Zhuang,18084.41533,100169,100015,99,12,87,71,16
Chentang Zhuang,Yangwu Zhuang,18084.41533,100015,100169,91,16,75,51,24
Haihe Education Zone,Zhigu,18083.49488,100050,100188,8,2,6,4,2
Foreign Languages High School,Magangchang,18083.15718,100040,100094,2,1,1,1,0
Magangchang,Foreign Languages High School,18083.15718,100094,100040,1,1,0,0,0
Lushui Road,Dengzhou South Road,18082.07464,100093,100025,4,1,3,0,3
Tian Tower,Dongli Development Zone,18081.8568,100133,100030,147,38,109,73,36
Dongli Development Zone,Tian Tower,18081.8568,100030,100133,126,39,87,63,24
Changling Road,National Exhibition Centre,18081.44986,100013,100105,10,5,5,5,0
National Exhibition Centre,Changling Road,18081.44986,100105,100013,7,1,6,4,2
Airport Economic Zone,North China Group,18080.8271,100001,100107,283,60,223,111,112
North China Group,Airport Economic Zone,18080.8271,100107,100001,282,85,197,103,94
Tiedong Road,Magangchang,18077.02096,100139,100094,5,3,2,0,2
Magangchang,Tiedong Road,18077.02096,100094,100139,2,1,1,0,1
Jinnan Campus of Nankai University,Water Park Road East,18074.66347,100075,100147,126,67,59,23,36
Water Park Road East,Jinnan Campus of Nankai University,18074.66347,100147,100075,103,57,46,21,25
Jiefang South Road,Benxi Road,18073.86353,100068,100008,170,65,105,45,60
Benxi Road,Jiefang South Road,18073.86353,100008,100068,161,54,107,53,54
Benxi Road,Guoshan Road,18073.35381,100008,100047,53,15,38,31,7
Guoshan Road,Benxi Road,18073.35381,100047,100008,28,12,16,10,6
Magangchang,Tiantai Road,18073.30457,100094,100137,14,2,12,12,0
Tiantai Road,Magangchang,18073.30457,100137,100094,13,1,12,9,3
Tiedong Road,University of Civil Aviation,18072.43716,100139,100142,16,7,9,9,0
University of Civil Aviation,Tiedong Road,18072.43716,100142,100139,13,5,8,6,2
Dongli Culture and Sports Centre,Zhicheng Road,18070.46491,100029,100187,11,5,6,3,3
Zhicheng Road,Dongli Culture and Sports Centre,18070.46491,100187,100029,3,2,1,1,0
Xunhai Road,Gulou,18064.76115,100166,100045,22,4,18,14,4
Gulou,Xunhai Road,18064.76115,100045,100166,15,3,12,6,6
Xuelian South Road,Dabi Zhuang,18061.92803,100164,100021,2,0,2,1,1
Professional University,Jinmao Industrial Area,18060.49775,100112,100074,2,0,2,1,1
Jinmao Industrial Area,Professional University,18060.49775,100074,100112,1,0,1,1,0
Honghu Li,Airport Economic Zone,18059.58397,100055,100001,572,159,413,344,69
Airport Economic Zone,Honghu Li,18059.58397,100001,100055,503,153,350,237,113
Xuzhuangzi,Jiangwan Erzhi Road,18059.32524,100168,100065,1,0,1,0,1
Wangdingdi,Professional University,18055.97322,100145,100112,47,29,18,14,4
Professional University,Wangdingdi,18055.97322,100112,100145,46,25,21,13,8
Lilou,Dongting Road,18055.48069,100086,100034,1,0,1,1,0
Guoshan Road,Hongni River East,18050.668,100047,100056,1,1,0,0,0
Hongni River East,Guoshan Road,18050.668,100056,100047,1,1,0,0,0
Zhanggui Zhuang,Liaohe North Road,18050.46896,100184,100084,40,13,27,22,5
Liaohe North Road,Zhanggui Zhuang,18050.46896,100084,100184,31,7,24,15,9
Lijiang Road,Guorui Road,18046.6946,100085,100046,23,7,16,13,3
Guorui Road,Lijiang Road,18046.6946,100046,100085,19,4,15,12,3
High-Tech Zone,Shuanggang,18043.82029,100054,100118,47,11,36,30,6
Shuanggang,High-Tech Zone,18043.82029,100118,100054,41,11,30,27,3
Xiaodian,Jianshan Road,18042.10837,100155,100066,9,3,6,6,0
Jianshan Road,Xiaodian,18042.10837,100066,100155,5,3,2,0,2
Dongli Liujing Road,Zhigu,18038.50021,100031,100188,3,0,3,3,0
Zhigu,Dongli Liujing Road,18038.50021,100188,100031,1,0,1,0,1
Binhai International Airport,Youyi South Road,18038.40863,100010,100178,109,35,74,25,49
Youyi South Road,Binhai International Airport,18038.40863,100178,100010,101,26,75,25,50
Hongni River East,Xingfu Park,18034.48876,100056,100159,42,13,29,16,13
Xingfu Park,Hongni River East,18034.48876,100159,100056,32,4,28,10,18
Yixingbu North,University of Civil Aviation,18031.89821,100176,100142,31,14,17,11,6
University of Civil Aviation,Yixingbu North,18031.89821,100142,100176,31,14,17,11,6
Yuanyang International Centre,Jinghe Road,18030.57341,100179,100071,21,5,16,6,10
Jinghe Road,Yuanyang International Centre,18030.57341,100071,100179,17,1,16,12,4
Binhai International Airport,Dongli Culture and Sports Centre,18029.29165,100010,100029,21,8,13,4,9
Dongli Culture and Sports Centre,Binhai International Airport,18029.29165,100029,100010,17,5,12,5,7
Xunhai Road,Jianchang Road,18025.36949,100166,100063,5,0,5,5,0
Jianchang Road,Xunhai Road,18025.36949,100063,100166,3,0,3,2,1
Anshan Road,Dongli Yijing Road,18024.15366,100002,100033,17,1,16,11,5
Dongli Yijing Road,Anshan Road,18024.15366,100033,100002,15,1,14,11,3
Nanlou,Haihe Education Zone,18023.09182,100102,100050,2,1,1,0,1
Haihe Education Zone,Nanlou,18023.09182,100050,100102,2,0,2,2,0
Benxi Road,Jinmao Industrial Area,18022.54037,100008,100074,6,4,2,2,0
Jinmao Industrial Area,Benxi Road,18022.54037,100074,100008,1,0,1,0,1
University of Civil Aviation,Water Park Road East,18020.26736,100142,100147,37,23,14,4,10
Water Park Road East,University of Civil Aviation,18020.26736,100147,100142,26,19,7,3,4
Xuelian South Road,Anshan West Road,18019.24717,100164,100003,3,1,2,2,0
Anshan West Road,Xuelian South Road,18019.24717,100003,100164,3,2,1,1,0
Haihe Education Zone,Changling Road,18016.60421,100050,100013,14,1,13,8,5
Changling Road,Haihe Education Zone,18016.60421,100013,100050,4,0,4,1,3
Binhai International Airport,Tianjin Hotel,18014.50802,100010,100134,241,74,167,67,100
Tianjin Hotel,Binhai International Airport,18014.50802,100134,100010,193,55,138,64,74
Tianjin Station,Jingli Road,18013.79612,100135,100073,148,37,111,37,74
Jingli Road,Tianjin Station,18013.79612,100073,100135,122,31,91,48,43
Danhebei Road,Southwest Tower,18011.42729,100022,100125,39,11,28,19,9
Southwest Tower,Danhebei Road,18011.42729,100125,100022,29,9,20,19,1
Tian Tower,Hongni River East,18010.90132,100133,100056,61,18,43,26,17
Hongni River East,Tian Tower,18010.90132,100056,100133,41,11,30,20,10
Lushui Road,Yixingbu,18009.80456,100093,100175,16,5,11,7,4
Yixingbu,Lushui Road,18009.80456,100175,100093,14,7,7,5,2
Dabi Zhuang,North Beichen Tech Park,18009.75003,100021,100106,16,4,12,7,5
North Beichen Tech Park,Dabi Zhuang,18009.75003,100106,100021,15,7,8,7,1
Tucheng,Xiaodian,18008.37211,100140,100155,65,10,55,36,19
Xiaodian,Tucheng,18008.37211,100155,100140,60,14,46,41,5
Nanhe Zhuang,Sports Centre,18008.00765,100101,100126,24,14,10,4,6
Sports Centre,Nanhe Zhuang,18008.00765,100126,100101,10,6,4,0,4
Cuifu New Village,Jinghe Road,18007.68354,100019,100071,7,0,7,7,0
Jinghe Road,Cuifu New Village,18007.68354,100071,100019,6,0,6,6,0
Jiefang South Road,Xuelian South Road,18007.2606,100068,100164,1,0,1,0,1
Lilou,Fuxing Road,18007.24961,100086,100042,27,3,24,18,6
Fuxing Road,Lilou,18007.24961,100042,100086,20,5,15,10,5
High-Tech Zone,Yihao Bridge,18007.07989,100054,100172,114,35,79,74,5
Yihao Bridge,High-Tech Zone,18007.07989,100172,100054,103,9,94,78,16
Bianxing,Nanhe Zhuang,18005.89304,100009,100101,15,4,11,11,0
Nanhe Zhuang,Bianxing,18005.89304,100101,100009,12,4,8,5,3
South Station,Xinkai River,18005.62006,100122,100160,32,7,25,14,11
Xinkai River,South Station,18005.62006,100160,100122,29,7,22,10,12
Dongli Sanjing Road,Yingkou Road,18004.43166,100032,100174,35,6,29,18,11
Yingkou Road,Dongli Sanjing Road,18004.43166,100174,100032,16,2,14,9,5
Dongli Liujing Road,Shunchi Bridge,18004.40359,100031,100120,11,0,11,9,2
Shunchi Bridge,Dongli Liujing Road,18004.40359,100120,100031,8,1,7,7,0
Liuwei Road,Jinghe Road,18003.99227,100090,100071,5,2,3,2,1
Jinghe Road,Liuwei Road,18003.99227,100071,100090,4,2,2,0,2
Wujiayao,Xinxing Village,18002.87305,100150,100162,3,0,3,3,0
Zhou and Deng Memorial Museum,Zhaoyuan Road,18000.87394,100191,100186,1,1,0,0,0
Haihe East Road,Xianyang Road,18000.65529,100049,100153,2,2,0,0,0
Xianyang Road,Haihe East Road,18000.65529,100153,100049,1,1,0,0,0
Sports Centre,Dongli Sanjing Road,18000.16451,100126,100032,10,1,9,7,2
Dongli Sanjing Road,Sports Centre,18000.16451,100032,100126,8,0,8,7,1
Beichen Road,Yizhongxin Hospital,17999.03985,100005,100177,54,3,51,40,11
Yizhongxin Hospital,Beichen Road,17999.03985,100177,100005,51,4,47,23,24
North China Group,Yuejin North Road,17998.16446,100107,100181,38,7,31,24,7
Yuejin North Road,North China Group,17998.16446,100181,100107,24,6,18,13,5
JinZhong River Street,Dongli Development Zone,17997.41334,100079,100030,160,21,139,102,37
Dongli Development Zone,JinZhong River Street,17997.41334,100030,100079,146,28,118,79,39
Wandong Road,Xuefu Industrial Area,17997.25336,100144,100163,58,5,53,52,1
Xuefu Industrial Area,Wandong Road,17997.25336,100163,100144,43,5,38,33,5
Jinghe Road,Xinkai River,17996.11625,100071,100160,9,3,6,5,1
Xinkai River,Jinghe Road,17996.11625,100160,100071,1,0,1,0,1
Shuanglin,Qinjian Road,17993.56584,100119,100113,405,151,254,190,64
Qinjian Road,Shuanglin,17993.56584,100113,100119,296,58,238,151,87
Meijiang Exhibition Centre,Tianshili,17993.21515,100095,100136,13,10,3,0,3
Tianshili,Meijiang Exhibition Centre,17993.21515,100136,100095,12,8,4,4,0
Yudongcheng,Dongli Development Zone,17991.75023,100180,100030,97,19,78,42,36
Dongli Development Zone,Yudongcheng,17991.75023,100030,100180,80,24,56,31,25
Xinxing Village,Binhai International Airport,17988.34961,100162,100010,2,1,1,1,0
Binhai International Airport,Xinxing Village,17988.34961,100010,100162,1,1,0,0,0
Zuojiang Road,Airport Economic Zone,17987.23653,100192,100001,17,4,13,7,6
Airport Economic Zone,Zuojiang Road,17987.23653,100001,100192,10,2,8,2,6
Gaozhuangzi,Dongli Liujing Road,17987.20072,100043,100031,1,0,1,0,1
North China Group,Longhan Road,17979.51214,100107,100092,3,1,2,1,1
Taichang Road,Jingli Road,17977.45294,100128,100073,66,20,46,26,20
Jingli Road,Taichang Road,17977.45294,100073,100128,60,16,44,26,18
Tianshili,High-Tech Zone,17976.83662,100136,100054,72,3,69,65,4
High-Tech Zone,Tianshili,17976.83662,100054,100136,55,12,43,34,9
Xingfu Park,Jinghe Road,17967.10616,100159,100071,36,2,34,25,9
Jinghe Road,Xingfu Park,17967.10616,100071,100159,33,3,30,22,8
Meilin Road,Yangwu Zhuang,17965.55206,100098,100169,33,3,30,30,0
Yangwu Zhuang,Meilin Road,17965.55206,100169,100098,28,3,25,17,8
Huaihe Road,Changling Road,17965.06141,100058,100013,92,23,69,45,24
Changling Road,Huaihe Road,17965.06141,100013,100058,91,26,65,49,16
Xinkai River,Dongli Development Zone,17963.37892,100160,100030,18,8,10,3,7
Dongli Development Zone,Xinkai River,17963.37892,100030,100160,15,2,13,8,5
The Financial University,Benxi Road,17960.78227,100132,100008,321,116,205,98,107
Benxi Road,The Financial University,17960.78227,100008,100132,288,105,183,105,78
Laoshan Road,Lushui Road,17960.68293,100082,100093,3,0,3,0,3
Beiyangyuan Campus of Tianjin University,Chinese Medicine First Affiliated Hospital,17958.87226,100007,100016,33,10,23,4,19
Chinese Medicine First Affiliated Hospital,Beiyangyuan Campus of Tianjin University,17958.87226,100016,100007,30,5,25,9,16
Dongli Sanjing Road,Yueya River,17957.50526,100032,100182,31,1,30,28,2
Yueya River,Dongli Sanjing Road,17957.50526,100182,100032,25,1,24,19,5
Fangshan Road,Donggu Road,17957.27755,100038,100026,34,15,19,13,6
Donggu Road,Fangshan Road,17957.27755,100026,100038,25,9,16,6,10
Nanhe Zhuang,Lushui Road,17955.95036,100101,100093,20,9,11,2,9
Lushui Road,Nanhe Zhuang,17955.95036,100093,100101,20,5,15,12,3
Xiaodian,Jiayuan Li,17955.54265,100155,100067,86,12,74,62,12
Jiayuan Li,Xiaodian,17955.54265,100067,100155,84,10,74,65,9
Xunhai Road,Haiguang Temple,17954.16325,100166,100048,38,6,32,30,2
Haiguang Temple,Xunhai Road,17954.16325,100048,100166,29,4,25,12,13
Xueyuan North Road,West Station,17953.60435,100165,100149,2,1,1,0,1
West Station,Xueyuan North Road,17953.60435,100149,100165,1,1,0,0,0
Jianchang Road,High-Tech Zone,17953.01701,100063,100054,92,8,84,73,11
High-Tech Zone,Jianchang Road,17953.01701,100054,100063,88,9,79,63,16
Jinghe Road,Southwest corner,17952.42194,100071,100124,36,8,28,19,9
Southwest corner,Jinghe Road,17952.42194,100124,100071,31,6,25,12,13
Nanhe Zhuang,Huanyu Road,17951.79062,100101,100059,3,0,3,2,1
Huanyu Road,Nanhe Zhuang,17951.79062,100059,100101,2,0,2,1,1
Chunhai Road,Honghu Li,17951.28657,100017,100055,37,10,27,19,8
Honghu Li,Chunhai Road,17951.28657,100055,100017,36,12,24,20,4
Jieyuan West Road,Beichen Road,17950.99083,100069,100005,36,7,29,19,10
Beichen Road,Jieyuan West Road,17950.99083,100005,100069,23,2,21,17,4
Tumour Hospital,Beichen Road,17950.14053,100141,100005,431,62,369,143,226
Beichen Road,Tumour Hospital,17950.14053,100005,100141,420,56,364,255,109
Jiayuan Li,Dengzhou Road,17949.33578,100067,100024,97,11,86,62,24
Dengzhou Road,Jiayuan Li,17949.33578,100024,100067,70,17,53,36,17
Xinli,Yizhongxin Hospital,17947.17118,100161,100177,76,18,58,46,12
Yizhongxin Hospital,Xinli,17947.17118,100177,100161,59,4,55,30,25
Dongli Yijing Road,JinZhong River Street,17946.07739,100033,100079,2,1,1,1,0
JinZhong River Street,Dongli Yijing Road,17946.07739,100079,100033,1,0,1,1,0
Northwest Corner,North Beichen Tech Park,17942.59991,100109,100106,55,21,34,7,27
North Beichen Tech Park,Northwest Corner,17942.59991,100106,100109,45,13,32,20,12
Shuanglin,Xuzhuangzi,17942.47527,100119,100168,26,3,23,21,2
Xuzhuangzi,Shuanglin,17942.47527,100168,100119,21,5,16,12,4
Zhanggui Zhuang,Qinjian Road,17937.07516,100184,100113,108,25,83,71,12
Qinjian Road,Zhanggui Zhuang,17937.07516,100113,100184,87,18,69,43,26
Danhebei Road,Dongxing Road,17936.73929,100022,100035,14,4,10,7,3
Dongxing Road,Danhebei Road,17936.73929,100035,100022,10,1,9,9,0
Dongli Sanjing Road,Yutai,17936.63788,100032,100183,7,1,6,5,1
Yutai,Dongli Sanjing Road,17936.63788,100183,100032,1,0,1,1,0
South Station,Foreign Languages High School,17934.84508,100122,100040,58,11,47,33,14
Foreign Languages High School,South Station,17934.84508,100040,100122,43,5,38,34,4
Number Two Bridge,Benxi Road,17934.3808,100110,100008,61,17,44,34,10
Benxi Road,Number Two Bridge,17934.3808,100008,100110,51,7,44,28,16
Hongni River East,Southwest corner,17933.72218,100056,100124,111,32,79,53,26
Southwest corner,Hongni River East,17933.72218,100124,100056,93,31,62,28,34
Liuyuan,Chentang Zhuang,17933.38813,100091,100015,999,160,839,601,238
Chentang Zhuang,Liuyuan,17933.38813,100015,100091,841,126,715,451,264
Xuzhuangzi,Shuanggang,17933.20296,100168,100118,13,3,10,5,5
Shuanggang,Xuzhuangzi,17933.20296,100118,100168,5,2,3,2,1
Steel Tube Company,Zhanggui Zhuang,17931.66786,100127,100184,1845,392,1453,1010,443
Zhanggui Zhuang,Steel Tube Company,17931.66786,100184,100127,1760,390,1370,978,392
Jinghe Road,Yihao Bridge,17931.38045,100071,100172,10,3,7,3,4
Yihao Bridge,Jinghe Road,17931.38045,100172,100071,7,2,5,0,5
North China Group,Meijiang Road,17929.96827,100107,100097,61,31,30,22,8
Meijiang Road,North China Group,17929.96827,100097,100107,54,10,44,21,23
Nancuiping,Hangshuang Road,17929.12572,100100,100051,15,0,15,15,0
Hangshuang Road,Nancuiping,17929.12572,100051,100100,12,0,12,10,2
Ruijing XinYuan,Professional University,17927.3486,100114,100112,39,13,26,9,17
Professional University,Ruijing XinYuan,17927.3486,100112,100114,36,16,20,9,11
Yixingbu,Jiangwan Erzhi Road,17926.70013,100175,100065,9,0,9,9,0
Jiangwan Erzhi Road,Yixingbu,17926.70013,100065,100175,8,1,7,7,0
Jinghe Road,Wandong Road,17924.8055,100071,100144,4,0,4,3,1
Wujiayao,Binhai International Airport,17924.48868,100150,100010,271,77,194,102,92
Binhai International Airport,Wujiayao,17924.48868,100010,100150,253,68,185,83,102
Yuejin North Road,Jiefang South Road,17920.17499,100181,100068,23,7,16,12,4
Jiefang South Road,Yuejin North Road,17920.17499,100068,100181,18,5,13,6,7
Lijiang Road,Beiyangyuan Campus of Tianjin University,17917.40134,100085,100007,1,1,0,0,0
Qinjian Road,Nanzhu Bridge,17915.83898,100113,100104,16,5,11,6,5
Nanzhu Bridge,Qinjian Road,17915.83898,100104,100113,13,1,12,7,5
Xiaodong Zhuang,Xiaobailou,17912.29194,100156,100154,217,43,174,123,51
Xiaobailou,Xiaodong Zhuang,17912.29194,100154,100156,183,47,136,70,66
Zhicheng Road,Chunhai Road,17911.84097,100187,100017,25,2,23,9,14
Chunhai Road,Zhicheng Road,17911.84097,100017,100187,19,4,15,8,7
Nanzhu Bridge,Tiedong Road,17910.89811,100104,100139,18,3,15,13,2
Tiedong Road,Nanzhu Bridge,17910.89811,100139,100104,16,2,14,6,8
Xunhai Road,Minquan Gate,17904.78071,100166,100099,3,3,0,0,0
Minquan Gate,Xunhai Road,17904.78071,100099,100166,1,0,1,0,1
Dabi Zhuang,Dongting Road,17904.73885,100021,100034,6,2,4,3,1
Dongting Road,Dabi Zhuang,17904.73885,100034,100021,5,2,3,3,0
Jin Street,Dongli Yijing Road,17904.49316,100070,100033,9,1,8,5,3
Dongli Yijing Road,Jin Street,17904.49316,100033,100070,7,1,6,2,4
Sports Centre,Dongli Development Zone,17904.4369,100126,100030,107,20,87,53,34
Dongli Development Zone,Sports Centre,17904.4369,100030,100126,102,21,81,58,23
Bei Zhulin,Lilou,17903.67333,100004,100086,5,0,5,2,3
Lilou,Bei Zhulin,17903.67333,100086,100004,2,0,2,2,0
Jiefang South Road,Longhan Road,17901.52267,100068,100092,1,0,1,0,1
Yangwu Zhuang,Taichang Road,17901.34442,100169,100128,47,14,33,25,8
Taichang Road,Yangwu Zhuang,17901.34442,100128,100169,35,10,25,13,12
Liulin Road,Tianshili,17901.28371,100089,100136,16,5,11,3,8
Tianshili,Liulin Road,17901.28371,100136,100089,8,2,6,3,3
South Station,Jintang Road,17901.1241,100122,100077,174,62,112,49,63
Jintang Road,South Station,17901.1241,100077,100122,146,55,91,47,44
Liaohe North Road,Yaohuan Road,17899.90001,100084,100170,14,4,10,5,5
Yaohuan Road,Liaohe North Road,17899.90001,100170,100084,6,2,4,3,1
Jianguo Road,Hongni River East,17898.00541,100064,100056,28,16,12,10,2
Hongni River East,Jianguo Road,17898.00541,100056,100064,20,4,16,7,9
Chenglin Road,Xiaodong Zhuang,17897.92492,100014,100156,109,19,90,67,23
Xiaodong Zhuang,Chenglin Road,17897.92492,100156,100014,93,13,80,65,15
Binhai International Airport,Huashan Li,17894.7374,100010,100060,27,14,13,3,10
Huashan Li,Binhai International Airport,17894.7374,100060,100010,15,5,10,2,8
Danhebei Road,Xiaobailou,17894.61351,100022,100154,20,8,12,7,5
Xiaobailou,Danhebei Road,17894.61351,100154,100022,13,4,9,6,3
Zhongshan Gate,Xuefu Industrial Area,17894.49235,100189,100163,181,13,168,153,15
Xuefu Industrial Area,Zhongshan Gate,17894.49235,100163,100189,177,11,166,144,22
Jintang Road,Beiyangyuan Campus of Tianjin University,17893.9163,100077,100007,17,7,10,4,6
Beiyangyuan Campus of Tianjin University,Jintang Road,17893.9163,100007,100077,15,6,9,6,3
Siyuan Road,Nanzhu Bridge,17892.80375,100121,100104,4,2,2,0,2
Nanzhu Bridge,Siyuan Road,17892.80375,100104,100121,2,0,2,1,1
Liulin Road,Jieyuan West Road,17892.59034,100089,100069,65,15,50,17,33
Jieyuan West Road,Liulin Road,17892.59034,100069,100089,60,23,37,14,23
University of Civil Aviation,West Station,17889.66259,100142,100149,396,111,285,99,186
West Station,University of Civil Aviation,17889.66259,100149,100142,375,230,145,27,118
Gaozhuangzi,Sports Centre,17886.0635,100043,100126,102,36,66,40,26
Sports Centre,Gaozhuangzi,17886.0635,100126,100043,82,27,55,21,34
Xiaodong Zhuang,Hujiayuan,17885.59648,100156,100062,331,69,262,140,122
Hujiayuan,Xiaodong Zhuang,17885.59648,100062,100156,280,100,180,119,61
Yuejin North Road,Huayuan,17884.06504,100181,100061,96,6,90,74,16
Huayuan,Yuejin North Road,17884.06504,100061,100181,83,7,76,63,13
Fengchan River,Tianjin Hotel,17882.58383,100039,100134,8,3,5,3,2
Tianjin Hotel,Fengchan River,17882.58383,100134,100039,5,1,4,2,2
Fengchan River,Bianxing,17882.11613,100039,100009,4,3,1,0,1
Bianxing,Fengchan River,17882.11613,100009,100039,2,1,1,1,0
North Station,Lilou,17879.65168,100108,100086,77,31,46,29,17
Lilou,North Station,17879.65168,100086,100108,72,18,54,30,24
Junliangcheng,Tanggu,17879.48221,100081,100131,2552,757,1795,1046,749
Tanggu,Junliangcheng,17879.48221,100131,100081,2464,723,1741,977,764
South Station,Tucheng,17878.77464,100122,100140,610,148,462,234,228
Tucheng,South Station,17878.77464,100140,100122,500,140,360,212,148
Second hospital of the Medical University,Fengchan River,17878.45013,100115,100039,3,0,3,3,0
Fengchan River,Second hospital of the Medical University,17878.45013,100039,100115,1,1,0,0,0
Beiyangyuan Campus of Tianjin University,Tucheng,17871.56684,100007,100140,8,4,4,1,3
Tucheng,Beiyangyuan Campus of Tianjin University,17871.56684,100140,100007,4,3,1,1,0
Leyuan Road,Binhai International Airport,17871.51911,100083,100010,28,12,16,3,13
Binhai International Airport,Leyuan Road,17871.51911,100010,100083,16,6,10,2,8
Dongli Development Zone,Huashan Li,17869.07378,100030,100060,19,5,14,5,9
Huashan Li,Dongli Development Zone,17869.07378,100060,100030,13,2,11,9,2
Number Two Bridge,Nanhe Zhuang,17868.06944,100110,100101,44,10,34,33,1
Nanhe Zhuang,Number Two Bridge,17868.06944,100101,100110,24,6,18,13,5
Southwest Tower,Xiaodong Zhuang,17861.615,100125,100156,205,51,154,99,55
Xiaodong Zhuang,Southwest Tower,17861.615,100156,100125,198,45,153,106,47
Huaihe Road,Number Two Bridge,17861.54538,100058,100110,43,5,38,35,3
Number Two Bridge,Huaihe Road,17861.54538,100110,100058,33,3,30,26,4
Chinese Medicine First Affiliated Hospital,Tianshili,17860.95886,100016,100136,17,4,13,7,6
Tianshili,Chinese Medicine First Affiliated Hospital,17860.95886,100136,100016,13,5,8,7,1
High-Tech Zone,Huashan Li,17860.85612,100054,100060,205,16,189,155,34
Huashan Li,High-Tech Zone,17860.85612,100060,100054,186,15,171,140,31
Donggu Road,Youyi South Road,17859.5953,100026,100178,100,12,88,70,18
Youyi South Road,Donggu Road,17859.5953,100178,100026,93,10,83,53,30
Changling Road,Airport Economic Zone,17859.39468,100013,100001,224,31,193,141,52
Airport Economic Zone,Changling Road,17859.39468,100001,100013,156,28,128,80,48
Honghu Li,Huanyu Road,17859.27763,100055,100059,7,4,3,2,1
Huanyu Road,Honghu Li,17859.27763,100059,100055,2,0,2,1,1
South Station,Shiyijing Road,17859.19324,100122,100117,510,114,396,265,131
Shiyijing Road,South Station,17859.19324,100117,100122,396,92,304,164,140
Jiefang South Road,Lilou,17858.7073,100068,100086,11,3,8,2,6
Lilou,Jiefang South Road,17858.7073,100086,100068,8,2,6,1,5
University of Civil Aviation,Zhou and Deng Memorial Museum,17855.31183,100142,100191,69,37,32,15,17
Zhou and Deng Memorial Museum,University of Civil Aviation,17855.31183,100191,100142,42,14,28,17,11
Professional University,Water Park Road East,17847.07615,100112,100147,55,33,22,10,12
Water Park Road East,Professional University,17847.07615,100147,100112,43,24,19,11,8
Liuyuan,North China Group,17843.37616,100091,100107,280,97,183,66,117
North China Group,Liuyuan,17843.37616,100107,100091,276,83,193,84,109
West Station,Xinli,17842.21398,100149,100161,270,67,203,46,157
Xinli,West Station,17842.21398,100161,100149,184,51,133,67,66
Number Two Bridge,University town,17841.78145,100110,100143,118,38,80,55,25
University town,Number Two Bridge,17841.78145,100143,100110,92,21,71,40,31
Hongqi South Road,Fengchan River,17841.0931,100057,100039,65,15,50,31,19
Fengchan River,Hongqi South Road,17841.0931,100039,100057,39,12,27,17,10
Foreign Languages High School,Binhai International Airport,17837.1708,100040,100010,13,7,6,3,3
Binhai International Airport,Foreign Languages High School,17837.1708,100010,100040,10,3,7,5,2
Tianshili,Lijiang Road,17835.52693,100136,100085,7,2,5,4,1
Qinjian Road,Lushui Road,17835.29181,100113,100093,57,6,51,24,27
Lushui Road,Qinjian Road,17835.29181,100093,100113,53,5,48,32,16
South Station,Jiefang South Road,17835.22043,100122,100068,636,196,440,190,250
Jiefang South Road,South Station,17835.22043,100068,100122,526,169,357,193,164
University town,The Financial University,17835.10577,100143,100132,360,148,212,95,117
The Financial University,University town,17835.10577,100132,100143,332,121,211,93,118
Jiefang South Road,JinZhong Street,17834.45215,100068,100080,78,22,56,30,26
JinZhong Street,Jiefang South Road,17834.45215,100080,100068,71,17,54,24,30
Hongqi South Road,Xinli,17829.84186,100057,100161,109,32,77,55,22
Xinli,Hongqi South Road,17829.84186,100161,100057,84,24,60,39,21
Huayuan,Guoshan Road,17829.45269,100061,100047,86,10,76,60,16
Guoshan Road,Huayuan,17829.45269,100047,100061,83,10,73,66,7
Binhai International Airport,Tianshili,17828.24239,100010,100136,28,4,24,12,12
Tianshili,Binhai International Airport,17828.24239,100136,100010,23,5,18,12,6
Jingli Road,Jingjiang Road,17824.03271,100073,100072,73,11,62,40,22
Jingjiang Road,Jingli Road,17824.03271,100072,100073,64,10,54,42,12
Jinghe Road,Jianguo Road,17822.28094,100071,100064,34,10,24,14,10
Jianguo Road,Jinghe Road,17822.28094,100064,100071,26,1,25,18,7
Dengzhou South Road,Professional University,17820.65462,100025,100112,28,7,21,16,5
Professional University,Dengzhou South Road,17820.65462,100112,100025,22,7,15,15,0
Yuejin North Road,Tiantuo,17815.90092,100181,100138,60,6,54,43,11
Tiantuo,Yuejin North Road,17815.90092,100138,100181,42,5,37,28,9
Tianjin Hotel,Xinxing Village,17813.98283,100134,100162,7,1,6,3,3
Xinxing Village,Tianjin Hotel,17813.98283,100162,100134,1,1,0,0,0
Hongni River East,Shunchi Bridge,17813.9714,100056,100120,8,4,4,4,0
Shunchi Bridge,Hongni River East,17813.9714,100120,100056,6,1,5,3,2
Southeast Corner,North Beichen Tech Park,17810.45498,100123,100106,118,47,71,31,40
North Beichen Tech Park,Southeast Corner,17810.45498,100106,100123,89,44,45,23,22
Dengzhou South Road,Benxi Road,17810.10358,100025,100008,39,8,31,25,6
Benxi Road,Dengzhou South Road,17810.10358,100008,100025,38,10,28,15,13
Shuanggang,Siyuan Road,17805.75047,100118,100121,8,4,4,4,0
Siyuan Road,Shuanggang,17805.75047,100121,100118,5,1,4,4,0
Xuzhou Road,Hongni River East,17803.14581,100167,100056,1,1,0,0,0
Yixingbu North,Liulin Road,17799.93132,100176,100089,41,7,34,24,10
Liulin Road,Yixingbu North,17799.93132,100089,100176,40,9,31,13,18
Xuefu Industrial Area,Xingfu Park,17797.3573,100163,100159,49,6,43,25,18
Xingfu Park,Xuefu Industrial Area,17797.3573,100159,100163,44,1,43,34,9
Tian Tower,Jingli Road,17796.1638,100133,100073,59,22,37,19,18
Jingli Road,Tian Tower,17796.1638,100073,100133,46,14,32,24,8
Zhangxing Zhuang,Xuefu Industrial Area,17795.92969,100185,100163,110,5,105,102,3
Xuefu Industrial Area,Zhangxing Zhuang,17795.92969,100163,100185,99,1,98,82,16
Xiaodian,Yizhongxin Hospital,17792.02816,100155,100177,56,6,50,41,9
Yizhongxin Hospital,Xiaodian,17792.02816,100177,100155,36,6,30,26,4
Xuzhou Road,Jinghe Road,17790.1842,100167,100071,1,1,0,0,0
Xiaodian,Cultural centre,17789.86121,100155,100020,44,20,24,21,3
Cultural centre,Xiaodian,17789.86121,100020,100155,35,16,19,9,10
Guoshan Road,Yutai,17788.68836,100047,100183,5,2,3,3,0
Yutai,Guoshan Road,17788.68836,100183,100047,3,1,2,0,2
The Financial University,JinZhong Street,17788.07606,100132,100080,42,14,28,17,11
JinZhong Street,The Financial University,17788.07606,100080,100132,37,14,23,9,14
Huashan Li,Jinghe Road,17785.15669,100060,100071,1,0,1,0,1
Jinghe Road,Huashan Li,17785.15669,100071,100060,1,0,1,0,1
Yuejin North Road,Qinjian Road,17784.37953,100181,100113,46,5,41,39,2
Qinjian Road,Yuejin North Road,17784.37953,100113,100181,28,6,22,13,9
Magangchang,Xuzhuangzi,17784.13602,100094,100168,6,1,5,4,1
Xuzhuangzi,Magangchang,17784.13602,100168,100094,4,1,3,3,0
North China Group,Huayuan,17782.85564,100107,100061,576,137,439,319,120
Huayuan,North China Group,17782.85564,100061,100107,552,94,458,274,184
Zhicheng Road,Xinli,17781.83455,100187,100161,22,5,17,10,7
Xinli,Zhicheng Road,17781.83455,100161,100187,22,5,17,12,5
North China Group,Yihao Bridge,17778.86727,100107,100172,296,186,110,56,54
Yihao Bridge,North China Group,17778.86727,100172,100107,276,30,246,57,189
Sports Centre,Airport Economic Zone,17778.59224,100126,100001,230,51,179,118,61
Airport Economic Zone,Sports Centre,17778.59224,100001,100126,217,51,166,104,62
Jinghe Road,Shunchi Bridge,17777.47839,100071,100120,5,3,2,2,0
Shunchi Bridge,Jinghe Road,17777.47839,100120,100071,5,1,4,2,2
Dongli Development Zone,Water Park Road East,17777.33705,100030,100147,85,29,56,44,12
Water Park Road East,Dongli Development Zone,17777.33705,100147,100030,83,24,59,42,17
Zhongshan Gate,Gaozhuangzi,17776.34527,100189,100043,16,2,14,8,6
Gaozhuangzi,Zhongshan Gate,17776.34527,100043,100189,13,3,10,6,4
Lilou,Zhanggui Zhuang,17775.29137,100086,100184,9,3,6,3,3
Zhanggui Zhuang,Lilou,17775.29137,100184,100086,7,2,5,2,3
Beiyangyuan Campus of Tianjin University,Hongqi South Road,17772.6804,100007,100057,112,37,75,37,38
Hongqi South Road,Beiyangyuan Campus of Tianjin University,17772.6804,100057,100007,63,27,36,16,20
Dongli Development Zone,Zuojiang Road,17770.47842,100030,100192,29,6,23,23,0
Zuojiang Road,Dongli Development Zone,17770.47842,100192,100030,20,8,12,5,7
Dongli Yijing Road,Tianjin Station,17770.40533,100033,100135,11,6,5,3,2
Tianjin Station,Dongli Yijing Road,17770.40533,100135,100033,7,2,5,1,4
Tiedong Road,Binhai International Airport,17767.42894,100139,100010,156,42,114,48,66
Binhai International Airport,Tiedong Road,17767.42894,100010,100139,154,41,113,44,69
Dongli Liujing Road,Xuzhou Road,17755.96801,100031,100167,17,5,12,9,3
Xuzhou Road,Dongli Liujing Road,17755.96801,100167,100031,7,0,7,5,2
Southwest corner,Dongli Culture and Sports Centre,17755.41159,100124,100029,11,1,10,3,7
Dongli Culture and Sports Centre,Southwest corner,17755.41159,100029,100124,10,1,9,2,7
Ruijing XinYuan,Zuojiang Road,17754.70205,100114,100192,50,18,32,18,14
Zuojiang Road,Ruijing XinYuan,17754.70205,100192,100114,46,12,34,19,15
Lilou,Tiantuo,17754.43323,100086,100138,60,5,55,39,16
Tiantuo,Lilou,17754.43323,100138,100086,51,6,45,33,12
Fuxing Gate,Jingli Road,17751.99648,100041,100073,3,0,3,0,3
Jingli Road,Fuxing Gate,17751.99648,100073,100041,2,0,2,1,1
Airport Economic Zone,Water Park Road East,17749.66933,100001,100147,201,105,96,56,40
Water Park Road East,Airport Economic Zone,17749.66933,100147,100001,166,61,105,61,44
Lilou,Airport Economic Zone,17748.63198,100086,100001,84,18,66,49,17
Airport Economic Zone,Lilou,17748.63198,100001,100086,70,11,59,36,23
Tiedong Road,Shuanggang,17748.03137,100139,100118,12,4,8,5,3
Shuanggang,Tiedong Road,17748.03137,100118,100139,4,0,4,1,3
Jieyuan West Road,Xiaodian,17743.97914,100069,100155,36,14,22,21,1
Xiaodian,Jieyuan West Road,17743.97914,100155,100069,27,6,21,10,11
Shaliu South Road,Xiaodian,17741.16098,100116,100155,14,1,13,4,9
Xiaodian,Shaliu South Road,17741.16098,100155,100116,7,3,4,3,1
Binhai International Airport,Yixingbu North,17741.14801,100010,100176,169,40,129,50,79
Yixingbu North,Binhai International Airport,17741.14801,100176,100010,124,20,104,50,54
Youyi South Road,Cao Zhuang,17741.10867,100178,100011,14,4,10,2,8
Cao Zhuang,Youyi South Road,17741.10867,100011,100178,5,4,1,1,0
Longhan Road,Qinjian Road,17737.20448,100092,100113,17,2,15,15,0
Qinjian Road,Longhan Road,17737.20448,100113,100092,10,4,6,5,1
Leyuan Road,Beichen Road,17735.73383,100083,100005,33,10,23,13,10
Beichen Road,Leyuan Road,17735.73383,100005,100083,11,4,7,6,1
Tianshili,The Financial University,17730.77696,100136,100132,14,8,6,5,1
The Financial University,Tianshili,17730.77696,100132,100136,14,5,9,6,3
Yaohuan Road,Beiyangyuan Campus of Tianjin University,17729.95056,100170,100007,3,2,1,1,0
Nanhe Zhuang,Fuxing Gate,17729.10744,100101,100041,25,18,7,2,5
Fuxing Gate,Nanhe Zhuang,17729.10744,100041,100101,21,7,14,6,8
Dongli Culture and Sports Centre,Beining Park,17728.70168,100029,100006,2,2,0,0,0
Beining Park,Dongli Culture and Sports Centre,17728.70168,100006,100029,1,1,0,0,0
Wandong Road,Liuyuan,17727.43011,100144,100091,103,20,83,52,31
Liuyuan,Wandong Road,17727.43011,100091,100144,102,18,84,52,32
Cao Zhuang,Dengzhou Road,17726.77694,100011,100024,511,113,398,268,130
Dengzhou Road,Cao Zhuang,17726.77694,100024,100011,492,133,359,264,95
Dabi Zhuang,Huashan Li,17723.99484,100021,100060,51,12,39,24,15
Huashan Li,Dabi Zhuang,17723.99484,100060,100021,42,12,30,26,4
South Station,Shunchi Bridge,17723.27967,100122,100120,357,124,233,134,99
Shunchi Bridge,South Station,17723.27967,100120,100122,298,96,202,119,83
Zhicheng Road,Youyi South Road,17722.94992,100187,100178,6,3,3,3,0
Youyi South Road,Zhicheng Road,17722.94992,100178,100187,4,0,4,4,0
Zuojiang Road,Huaihe Road,17722.51798,100192,100058,35,7,28,21,7
Huaihe Road,Zuojiang Road,17722.51798,100058,100192,31,3,28,25,3
Cuifu New Village,Xuefu Industrial Area,17720.14425,100019,100163,101,6,95,91,4
Xuefu Industrial Area,Cuifu New Village,17720.14425,100163,100019,58,6,52,45,7
Danhebei Road,Guangkaisima Road,17719.111,100022,100044,7,5,2,0,2
Guangkaisima Road,Danhebei Road,17719.111,100044,100022,5,4,1,1,0
JinZhong Street,Meijiang Exhibition Centre,17718.68715,100080,100095,61,22,39,28,11
Meijiang Exhibition Centre,JinZhong Street,17718.68715,100095,100080,51,25,26,15,11
Beichen Road,Shaliu South Road,17714.52025,100005,100116,45,11,34,20,14
Shaliu South Road,Beichen Road,17714.52025,100116,100005,40,5,35,24,11
Jieyuan West Road,Zhanggui Zhuang,17705.56957,100069,100184,153,35,118,80,38
Zhanggui Zhuang,Jieyuan West Road,17705.56957,100184,100069,127,24,103,71,32
Xinli,Yingfeng Road,17703.32825,100161,100173,39,9,30,26,4
Yingfeng Road,Xinli,17703.32825,100173,100161,20,5,15,12,3
The Financial University,Bianxing,17702.4372,100132,100009,48,13,35,20,15
Bianxing,The Financial University,17702.4372,100009,100132,40,19,21,16,5
Xueyuan North Road,Wangdingdi,17701.92138,100165,100145,1,0,1,1,0
Hehui South Road,Cultural centre,17701.76866,100052,100020,337,97,240,207,33
Cultural centre,Hehui South Road,17701.76866,100020,100052,297,74,223,150,73
Liulin Road,Qinjian Road,17700.97959,100089,100113,187,75,112,52,60
Qinjian Road,Liulin Road,17700.97959,100113,100089,162,52,110,73,37
Nanlou,Xiaodong Zhuang,17700.47738,100102,100156,45,11,34,21,13
Xiaodong Zhuang,Nanlou,17700.47738,100156,100102,37,7,30,17,13
Benxi Road,Xuefu Industrial Area,17699.22117,100008,100163,107,9,98,84,14
Xuefu Industrial Area,Benxi Road,17699.22117,100163,100008,103,13,90,65,25
Yixingbu,Jiefang South Road,17696.71082,100175,100068,53,18,35,21,14
Jiefang South Road,Yixingbu,17696.71082,100068,100175,50,17,33,18,15
Yutai,Gaozhuangzi,17694.40543,100183,100043,35,15,20,10,10
Gaozhuangzi,Yutai,17694.40543,100043,100183,29,6,23,10,13
Southeast Corner,Hongni River East,17694.08529,100123,100056,99,36,63,27,36
Hongni River East,Southeast Corner,17694.08529,100056,100123,76,32,44,32,12
Guorui Road,Wanshan Road,17691.8811,100046,100146,10,0,10,9,1
Wanshan Road,Guorui Road,17691.8811,100146,100046,5,0,5,4,1
Xinli,Lijiang Road,17689.96218,100161,100085,8,0,8,1,7
Lijiang Road,Xinli,17689.96218,100085,100161,5,1,4,2,2
Nansun Zhuang,Xianyang Road,17688.41899,100103,100153,1,0,1,1,0
Xianyang Road,Nansun Zhuang,17688.41899,100153,100103,1,0,1,0,1
Anshan West Road,Nansun Zhuang,17688.1542,100003,100103,13,4,9,0,9
Nansun Zhuang,Anshan West Road,17688.1542,100103,100003,11,4,7,3,4
Xueyuan North Road,Changhong Park,17686.89836,100165,100012,6,3,3,1,2
Changhong Park,Xueyuan North Road,17686.89836,100012,100165,1,0,1,0,1
Ruijing XinYuan,Zhongshan Gate,17681.37198,100114,100189,120,52,68,38,30
Zhongshan Gate,Ruijing XinYuan,17681.37198,100189,100114,97,27,70,38,32
Southeast Corner,Jinghe Road,17681.12368,100123,100071,70,29,41,27,14
Jinghe Road,Southeast Corner,17681.12368,100071,100123,61,19,42,29,13
Xuelian South Road,Tianshili,17680.43834,100164,100136,3,1,2,0,2
Nancuiping,Dongli Culture and Sports Centre,17680.34798,100100,100029,4,1,3,3,0
Dongli Culture and Sports Centre,Nancuiping,17680.34798,100029,100100,2,1,1,1,0
Liqi Zhuang South,Zhangxing Zhuang,17671.67488,100088,100185,17,3,14,8,6
Zhangxing Zhuang,Liqi Zhuang South,17671.67488,100185,100088,16,3,13,12,1
Leyuan Road,Xinxing Village,17670.99392,100083,100162,5,3,2,1,1
Xinxing Village,Leyuan Road,17670.99392,100162,100083,1,1,0,0,0
Zhangxing Zhuang,Weishan Road,17669.18233,100185,100148,2,0,2,1,1
Meijiang Exhibition Centre,Yixingbu North,17666.21145,100095,100176,87,32,55,42,13
Yixingbu North,Meijiang Exhibition Centre,17666.21145,100176,100095,86,32,54,39,15
Meilin Road,Dabi Zhuang,17664.32498,100098,100021,24,5,19,15,4
Dabi Zhuang,Meilin Road,17664.32498,100021,100098,19,7,12,6,6
Xinkai River,Chunhai Road,17663.88508,100160,100017,2,0,2,0,2
Professional University,Chentang Zhuang,17660.52801,100112,100015,184,29,155,111,44
Chentang Zhuang,Professional University,17660.52801,100015,100112,125,23,102,65,37
Yixingbu,Meilin Road,17659.49919,100175,100098,17,2,15,9,6
Meilin Road,Yixingbu,17659.49919,100098,100175,12,1,11,7,4
Shuanglin,Zhangxing Zhuang,17656.61393,100119,100185,40,11,29,5,24
Zhangxing Zhuang,Shuanglin,17656.61393,100185,100119,36,13,23,9,14
Jianguo Road,Xunhai Road,17654.9315,100064,100166,4,2,2,2,0
Xunhai Road,Jianguo Road,17654.9315,100166,100064,3,2,1,0,1
Dongli Sanjing Road,Yuanyang International Centre,17653.65692,100032,100179,11,1,10,7,3
Yuanyang International Centre,Dongli Sanjing Road,17653.65692,100179,100032,4,0,4,1,3
University of Civil Aviation,Chinese Medicine First Affiliated Hospital,17650.72292,100142,100016,69,20,49,30,19
Chinese Medicine First Affiliated Hospital,University of Civil Aviation,17650.72292,100016,100142,60,15,45,12,33
Hongqi South Road,Nanhe Zhuang,17650.29839,100057,100101,64,18,46,35,11
Nanhe Zhuang,Hongqi South Road,17650.29839,100101,100057,56,12,44,29,15
Yaohuan Road,Tianshili,17648.07615,100170,100136,1,0,1,0,1
Danhebei Road,Yibin Road,17647.89847,100022,100171,9,4,5,0,5
Yibin Road,Danhebei Road,17647.89847,100171,100022,8,6,2,2,0
Dongli Yijing Road,Leyuan Road,17644.59941,100033,100083,1,1,0,0,0
Leyuan Road,Dongli Yijing Road,17644.59941,100083,100033,1,1,0,0,0
Danhebei Road,Erwei Road,17644.55211,100022,100036,11,4,7,3,4
Erwei Road,Danhebei Road,17644.55211,100036,100022,9,4,5,4,1
Xinxing Village,Southwest corner,17632.58612,100162,100124,5,0,5,2,3
Southwest corner,Xinxing Village,17632.58612,100124,100162,4,0,4,1,3
Professional University,Bianxing,17631.34951,100112,100009,24,8,16,7,9
Bianxing,Professional University,17631.34951,100009,100112,22,9,13,13,0
Jingli Road,Haiguang Temple,17628.94292,100073,100048,60,11,49,36,13
Haiguang Temple,Jingli Road,17628.94292,100048,100073,49,12,37,21,16
University of Civil Aviation,Changhong Park,17622.9566,100142,100012,45,25,20,8,12
Changhong Park,University of Civil Aviation,17622.9566,100012,100142,32,17,15,6,9
Hangshuang Road,Meijiang Park,17620.07199,100051,100096,2,0,2,0,2
Tiedong Road,Xuelian South Road,17619.62489,100139,100164,4,0,4,4,0
Xuelian South Road,Tiedong Road,17619.62489,100164,100139,1,0,1,1,0
Dongli Sanjing Road,Cultural centre,17619.16288,100032,100020,7,1,6,6,0
Cultural centre,Dongli Sanjing Road,17619.16288,100020,100032,4,0,4,4,0
North China Group,Sports Centre,17618.9738,100107,100126,84,27,57,32,25
Sports Centre,North China Group,17618.9738,100126,100107,68,19,49,29,20
National Exhibition Centre,Xiangshan Road,17617.00889,100105,100151,1,0,1,1,0
North Station,Jinghe Road,17614.79115,100108,100071,19,4,15,5,10
Jinghe Road,North Station,17614.79115,100071,100108,16,5,11,6,5
Professional University,Hongqi South Road,17611.65719,100112,100057,157,51,106,73,33
Hongqi South Road,Professional University,17611.65719,100057,100112,112,38,74,49,25
Lingbin Road,Dabi Zhuang,17611.18575,100087,100021,31,7,24,13,11
Dabi Zhuang,Lingbin Road,17611.18575,100021,100087,30,6,24,15,9
Jingli Road,Jinwan Square,17610.94551,100073,100078,48,14,34,25,9
Jinwan Square,Jingli Road,17610.94551,100078,100073,40,15,25,13,12
Tian Tower,Beichen Road,17606.14117,100133,100005,170,38,132,75,57
Beichen Road,Tian Tower,17606.14117,100005,100133,168,46,122,75,47
North Station,Zhaoyuan Road,17599.71062,100108,100186,1,1,0,0,0
Xinli,Tiantai Road,17599.32011,100161,100137,34,9,25,17,8
Tiantai Road,Xinli,17599.32011,100137,100161,25,2,23,8,15
Yibin Road,Jingli Road,17597.64798,100171,100073,109,23,86,67,19
Jingli Road,Yibin Road,17597.64798,100073,100171,95,15,80,60,20
Hongni River East,Water Park Road East,17597.05334,100056,100147,29,15,14,12,2
Water Park Road East,Hongni River East,17597.05334,100147,100056,25,10,15,8,7
Minquan Gate,Xuefu Industrial Area,17595.77302,100099,100163,100,5,95,89,6
Xuefu Industrial Area,Minquan Gate,17595.77302,100163,100099,99,3,96,74,22
Southwest corner,Dongli Development Zone,17594.25131,100124,100030,300,59,241,161,80
Dongli Development Zone,Southwest corner,17594.25131,100030,100124,275,62,213,150,63
Liqi Zhuang South,Benxi Road,17591.38157,100088,100008,18,2,16,12,4
Benxi Road,Liqi Zhuang South,17591.38157,100008,100088,17,2,15,12,3
Yudongcheng,Ruijing XinYuan,17590.43283,100180,100114,271,53,218,139,79
Ruijing XinYuan,Yudongcheng,17590.43283,100114,100180,200,45,155,90,65
Yixingbu,Dongting Road,17589.98465,100175,100034,2,0,2,1,1
Dongli Development Zone,Shaliu South Road,17589.87824,100030,100116,14,6,8,4,4
Shaliu South Road,Dongli Development Zone,17589.87824,100116,100030,7,2,5,5,0
National Exhibition Centre,Southwest Tower,17587.44571,100105,100125,5,1,4,3,1
Southwest Tower,National Exhibition Centre,17587.44571,100125,100105,3,1,2,2,0
Beining Park,Xinxing Village,17586.43387,100006,100162,3,0,3,2,1
Erwei Road,Dongli Culture and Sports Centre,17583.08927,100036,100029,14,3,11,6,5
Dongli Culture and Sports Centre,Erwei Road,17583.08927,100029,100036,8,0,8,5,3
Zhongshan Gate,Junliangcheng,17581.68564,100189,100081,1048,229,819,526,293
Junliangcheng,Zhongshan Gate,17581.68564,100081,100189,987,211,776,518,258
Meilin Road,Dengzhou Road,17581.59773,100098,100024,22,0,22,12,10
Dengzhou Road,Meilin Road,17581.59773,100024,100098,7,1,6,5,1
Tiantai Road,Hangshuang Road,17580.71447,100137,100051,22,2,20,16,4
Hangshuang Road,Tiantai Road,17580.71447,100051,100137,19,4,15,14,1
Danhebei Road,Liuwei Road,17579.87709,100022,100090,11,2,9,7,2
Liuwei Road,Danhebei Road,17579.87709,100090,100022,4,0,4,4,0
Xuelian South Road,Yixingbu North,17579.08594,100164,100176,2,1,1,0,1
Yixingbu North,Xuelian South Road,17579.08594,100176,100164,1,1,0,0,0
Hongqi South Road,Zhaoyuan Road,17577.88825,100057,100186,1,0,1,0,1
Fangshan Road,Fengchan River,17577.03441,100038,100039,1,0,1,1,0
Changhong Park,Xinli,17573.95248,100012,100161,117,26,91,44,47
Xinli,Changhong Park,17573.95248,100161,100012,108,24,84,50,34
Magangchang,Honghu Li,17570.41441,100094,100055,39,15,24,17,7
Honghu Li,Magangchang,17570.41441,100055,100094,32,16,16,9,7
Beining Park,Chunhai Road,17570.07774,100006,100017,8,1,7,4,3
Chunhai Road,Beining Park,17570.07774,100017,100006,8,2,6,4,2
Hangshuang Road,Gaozhuangzi,17567.08987,100051,100043,18,6,12,12,0
Gaozhuangzi,Hangshuang Road,17567.08987,100043,100051,17,3,14,13,1
Nansun Zhuang,Dengzhou South Road,17566.17814,100103,100025,1,0,1,1,0
Yueya River,High-Tech Zone,17565.47292,100182,100054,229,25,204,191,13
High-Tech Zone,Yueya River,17565.47292,100054,100182,196,15,181,139,42
Liuyuan,Lingbin Road,17564.03037,100091,100087,183,32,151,110,41
Lingbin Road,Liuyuan,17564.03037,100087,100091,146,35,111,73,38
Jinghe Road,Changhong Park,17560.51844,100071,100012,51,17,34,22,12
Changhong Park,Jinghe Road,17560.51844,100012,100071,49,20,29,14,15
Dongli Yijing Road,Airport Economic Zone,17555.85182,100033,100001,4,0,4,1,3
Airport Economic Zone,Dongli Yijing Road,17555.85182,100001,100033,3,1,2,2,0
Beichen Road,Tucheng,17555.41597,100005,100140,113,24,89,63,26
Tucheng,Beichen Road,17555.41597,100140,100005,111,16,95,65,30
Hangshuang Road,Liaohe North Road,17553.89405,100051,100084,13,3,10,9,1
Liaohe North Road,Hangshuang Road,17553.89405,100084,100051,10,1,9,9,0
Longhan Road,Huayuan,17552.03651,100092,100061,1,1,0,0,0
Wujiayao,Dongli Culture and Sports Centre,17551.93121,100150,100029,12,5,7,4,3
Dongli Culture and Sports Centre,Wujiayao,17551.93121,100029,100150,7,5,2,0,2
Xinli,Chinese Medicine First Affiliated Hospital,17550.88023,100161,100016,76,22,54,36,18
Chinese Medicine First Affiliated Hospital,Xinli,17550.88023,100016,100161,67,21,46,20,26
Meijiang Park,Liaohe North Road,17549.22884,100096,100084,5,1,4,1,3
Liaohe North Road,Meijiang Park,17549.22884,100084,100096,5,2,3,1,2
The Financial University,Shuanggang,17547.79768,100132,100118,3,2,1,0,1
Shuanggang,The Financial University,17547.79768,100118,100132,1,0,1,0,1
Jianshan Road,Xianshuigu West,17546.16262,100066,100152,347,84,263,170,93
Xianshuigu West,Jianshan Road,17546.16262,100152,100066,333,104,229,161,68
Second hospital of the Medical University,Gaozhuangzi,17539.9457,100115,100043,8,2,6,4,2
Gaozhuangzi,Second hospital of the Medical University,17539.9457,100043,100115,2,1,1,1,0
Yibin Road,Hangshuang Road,17536.43009,100171,100051,19,0,19,16,3
Hangshuang Road,Yibin Road,17536.43009,100051,100171,7,0,7,5,2
Binhai International Airport,Nanzhu Bridge,17536.35994,100010,100104,144,25,119,44,75
Nanzhu Bridge,Binhai International Airport,17536.35994,100104,100010,107,32,75,32,43
Yuejin North Road,Jieyuan West Road,17534.82082,100181,100069,23,5,18,14,4
Jieyuan West Road,Yuejin North Road,17534.82082,100069,100181,22,5,17,12,5
Dawang Zhuang,North Beichen Tech Park,17533.45384,100023,100106,54,12,42,23,19
North Beichen Tech Park,Dawang Zhuang,17533.45384,100106,100023,46,7,39,35,4
Water Park Road East,Xunhai Road,17532.72242,100147,100166,4,1,3,0,3
Xunhai Road,Water Park Road East,17532.72242,100166,100147,3,0,3,0,3
Dongjiang Road,Zhongshan Road,17530.46981,100028,100190,1,0,1,0,1
Zhicheng Road,Magangchang,17530.14176,100187,100094,9,0,9,7,2
Magangchang,Zhicheng Road,17530.14176,100094,100187,7,2,5,3,2
Leyuan Road,Xiaodian,17528.72213,100083,100155,7,3,4,1,3
Xiaodian,Leyuan Road,17528.72213,100155,100083,6,5,1,0,1
University of Civil Aviation,JinZhong Street,17527.8391,100142,100080,14,7,7,5,2
JinZhong Street,University of Civil Aviation,17527.8391,100080,100142,9,5,4,0,4
Laoshan Road,Jiayuan Li,17527.25942,100082,100067,33,12,21,5,16
Jiayuan Li,Laoshan Road,17527.25942,100067,100082,24,13,11,6,5
Lushui Road,Wanshan Road,17527.17306,100093,100146,1,1,0,0,0
Guoshan Road,Meijiang Exhibition Centre,17525.67239,100047,100095,37,17,20,16,4
Meijiang Exhibition Centre,Guoshan Road,17525.67239,100095,100047,29,12,17,13,4
Meijiang Park,Dabi Zhuang,17524.68417,100096,100021,7,2,5,4,1
Dabi Zhuang,Meijiang Park,17524.68417,100021,100096,4,2,2,0,2
Beining Park,Yangwu Zhuang,17521.45004,100006,100169,16,4,12,10,2
Yangwu Zhuang,Beining Park,17521.45004,100169,100006,16,3,13,11,2
South Station,North Station,17521.22531,100122,100108,667,181,486,215,271
North Station,South Station,17521.22531,100108,100122,389,147,242,114,128
Meijiang Exhibition Centre,Xinli,17520.70457,100095,100161,29,11,18,6,12
Xinli,Meijiang Exhibition Centre,17520.70457,100161,100095,27,14,13,8,5
Xuefu Industrial Area,Chunhai Road,17520.63322,100163,100017,10,0,10,8,2
Chunhai Road,Xuefu Industrial Area,17520.63322,100017,100163,8,0,8,8,0
Professional University,Second hospital of the Medical University,17519.66114,100112,100115,34,9,25,13,12
Second hospital of the Medical University,Professional University,17519.66114,100115,100112,25,5,20,9,11
Jiayuan Li,Meijiang Park,17519.55536,100067,100096,34,6,28,19,9
Meijiang Park,Jiayuan Li,17519.55536,100096,100067,16,3,13,7,6
Yizhongxin Hospital,Lilou,17519.48311,100177,100086,58,6,52,34,18
Lilou,Yizhongxin Hospital,17519.48311,100086,100177,57,9,48,30,18
Jiayuan Li,Shaliu South Road,17519.38545,100067,100116,33,12,21,12,9
Shaliu South Road,Jiayuan Li,17519.38545,100116,100067,28,7,21,6,15
Cao Zhuang,Huaihe Road,17514.88156,100011,100058,88,27,61,35,26
Huaihe Road,Cao Zhuang,17514.88156,100058,100011,81,24,57,38,19
Lilou,Changhong Park,17511.57514,100086,100012,115,24,91,64,27
Changhong Park,Lilou,17511.57514,100012,100086,115,27,88,55,33
University of Civil Aviation,Meijiang Road,17509.10719,100142,100097,12,2,10,9,1
Meijiang Road,University of Civil Aviation,17509.10719,100097,100142,10,1,9,5,4
Lushui Road,Dabi Zhuang,17508.03313,100093,100021,26,11,15,10,5
Dabi Zhuang,Lushui Road,17508.03313,100021,100093,18,3,15,11,4
Second hospital of the Medical University,Xunhai Road,17507.25605,100115,100166,2,0,2,1,1
Xunhai Road,Second hospital of the Medical University,17507.25605,100166,100115,1,0,1,0,1
Dongli Sanjing Road,Heping Road,17505.37097,100032,100053,15,2,13,12,1
Heping Road,Dongli Sanjing Road,17505.37097,100053,100032,6,1,5,1,4
Number Two Bridge,Shuanggang,17503.8359,100110,100118,6,1,5,3,2
Shuanggang,Number Two Bridge,17503.8359,100118,100110,6,1,5,1,4
Yaohuan Road,Xinli,17502.5114,100170,100161,5,2,3,2,1
Xinli,Yaohuan Road,17502.5114,100161,100170,4,1,3,2,1
Dengzhou South Road,National Exhibition Centre,17502.49004,100025,100105,1,0,1,1,0
Xianyang Road,Shuanggang,17501.89142,100153,100118,47,9,38,29,9
Shuanggang,Xianyang Road,17501.89142,100118,100153,37,8,29,12,17
Danhebei Road,Wandong Road,17500.69033,100022,100144,3,1,2,1,1
Jinmao Industrial Area,Bianxing,17498.58362,100074,100009,7,0,7,4,3
Bianxing,Jinmao Industrial Area,17498.58362,100009,100074,6,0,6,6,0
Heping Road,Gaozhuangzi,17497.92558,100053,100043,811,320,491,234,257
Gaozhuangzi,Heping Road,17497.92558,100043,100053,566,204,362,214,148
Hongqi South Road,Hangshuang Road,17496.7798,100057,100051,38,2,36,32,4
Hangshuang Road,Hongqi South Road,17496.7798,100051,100057,29,3,26,16,10
Xianyang Road,Hangshuang Road,17496.68017,100153,100051,68,6,62,58,4
Hangshuang Road,Xianyang Road,17496.68017,100051,100153,60,6,54,46,8
Nancuiping,North China Group,17495.94591,100100,100107,56,30,26,9,17
North China Group,Nancuiping,17495.94591,100107,100100,30,9,21,8,13
Binhai International Airport,Northwest Corner,17493.96444,100010,100109,424,118,306,103,203
Northwest Corner,Binhai International Airport,17493.96444,100109,100010,412,111,301,142,159
Meilin Road,Xiangshan Road,17493.9456,100098,100151,2,0,2,1,1
Xiangshan Road,Meilin Road,17493.9456,100151,100098,1,0,1,1,0
Yixingbu North,The Financial University,17491.68739,100176,100132,65,22,43,21,22
The Financial University,Yixingbu North,17491.68739,100132,100176,48,12,36,13,23
Xikang Road,Gaozhuangzi,17491.2813,100158,100043,196,28,168,122,46
Gaozhuangzi,Xikang Road,17491.2813,100043,100158,187,23,164,132,32
Xuzhuangzi,Weishan Road,17490.23792,100168,100148,1,0,1,0,1
Longhan Road,Jieyuan West Road,17487.64577,100092,100069,6,2,4,2,2
Jieyuan West Road,Longhan Road,17487.64577,100069,100092,1,1,0,0,0
Chunhai Road,Tiantai Road,17485.89707,100017,100137,9,1,8,5,3
Tiantai Road,Chunhai Road,17485.89707,100137,100017,8,1,7,5,2
Youyi South Road,Siyuan Road,17485.69659,100178,100121,2,0,2,1,1
Siyuan Road,Youyi South Road,17485.69659,100121,100178,1,0,1,1,0
Haiguang Temple,Xinxing Village,17483.21588,100048,100162,5,0,5,2,3
Xinxing Village,Haiguang Temple,17483.21588,100162,100048,1,0,1,1,0
Nanhe Zhuang,Zhou and Deng Memorial Museum,17480.38119,100101,100191,18,16,2,1,1
Zhou and Deng Memorial Museum,Nanhe Zhuang,17480.38119,100191,100101,15,14,1,0,1
Huaihe Road,Airport Economic Zone,17480.00119,100058,100001,152,21,131,114,17
Airport Economic Zone,Huaihe Road,17480.00119,100001,100058,118,15,103,81,22
Dongli Development Zone,North Station,17478.98417,100030,100108,118,24,94,60,34
North Station,Dongli Development Zone,17478.98417,100108,100030,106,19,87,58,29
National Exhibition Centre,Zhigu,17473.51837,100105,100188,9,3,6,4,2
Zhigu,National Exhibition Centre,17473.51837,100188,100105,4,2,2,1,1
Tiantuo,Beichen Road,17472.5596,100138,100005,79,9,70,45,25
Beichen Road,Tiantuo,17472.5596,100005,100138,60,8,52,45,7
Xueyuan North Road,Yizhongxin Hospital,17470.03827,100165,100177,1,0,1,0,1
JinZhong River Street,Lilou,17469.87586,100079,100086,112,26,86,48,38
Lilou,JinZhong River Street,17469.87586,100086,100079,85,21,64,42,22
Jiayuan Li,Chinese Medicine First Affiliated Hospital,17469.35656,100067,100016,124,34,90,49,41
Chinese Medicine First Affiliated Hospital,Jiayuan Li,17469.35656,100016,100067,119,36,83,21,62
Tiedong Road,Weishan Road,17468.11927,100139,100148,6,0,6,0,6
Weishan Road,Tiedong Road,17468.11927,100148,100139,1,0,1,1,0
Liuwei Road,Hongni River East,17464.54217,100090,100056,5,3,2,1,1
Hongni River East,Liuwei Road,17464.54217,100056,100090,5,5,0,0,0
Tiantai Road,Weishan Road,17464.40288,100137,100148,2,0,2,1,1
Weishan Road,Tiantai Road,17464.40288,100148,100137,1,0,1,0,1
Shuanglin,Foreign Languages High School,17461.68709,100119,100040,16,4,12,12,0
Foreign Languages High School,Shuanglin,17461.68709,100040,100119,15,4,11,10,1
Siyuan Road,Dongli Culture and Sports Centre,17458.48984,100121,100029,3,2,1,0,1
Dongli Culture and Sports Centre,Siyuan Road,17458.48984,100029,100121,2,2,0,0,0
Yutai,Zhangxing Zhuang,17456.13852,100183,100185,4,3,1,1,0
Zhangxing Zhuang,Yutai,17456.13852,100185,100183,3,0,3,3,0
Shuanglin,Tiedong Road,17455.55088,100119,100139,162,24,138,97,41
Tiedong Road,Shuanglin,17455.55088,100139,100119,155,31,124,73,51
Zhaoyuan Road,Donggu Road,17449.61254,100186,100026,9,4,5,5,0
Donggu Road,Zhaoyuan Road,17449.61254,100026,100186,7,3,4,3,1
North Beichen Tech Park,Fuxing Road,17448.9262,100106,100042,23,2,21,16,5
Fuxing Road,North Beichen Tech Park,17448.9262,100042,100106,16,1,15,7,8
Tucheng,Donggu Road,17447.09444,100140,100026,1246,265,981,535,446
Donggu Road,Tucheng,17447.09444,100026,100140,1194,236,958,627,331
Cao Zhuang,Yangwu Zhuang,17445.8248,100011,100169,50,22,28,16,12
Yangwu Zhuang,Cao Zhuang,17445.8248,100169,100011,43,12,31,17,14
University town,Yixingbu North,17443.97087,100143,100176,137,40,97,54,43
Yixingbu North,University town,17443.97087,100176,100143,125,36,89,42,47
North Station,Chunhai Road,17443.76791,100108,100017,6,3,3,3,0
Chunhai Road,North Station,17443.76791,100017,100108,4,3,1,0,1
Shaliu South Road,Cao Zhuang,17442.12475,100116,100011,205,45,160,108,52
Cao Zhuang,Shaliu South Road,17442.12475,100011,100116,180,50,130,98,32
Airport Economic Zone,Zhou and Deng Memorial Museum,17438.7436,100001,100191,219,61,158,68,90
Zhou and Deng Memorial Museum,Airport Economic Zone,17438.7436,100191,100001,195,48,147,106,41
Xinli,Dengzhou Road,17438.69545,100161,100024,16,4,12,5,7
Dengzhou Road,Xinli,17438.69545,100024,100161,11,3,8,2,6
University of Civil Aviation,Hongni River East,17434.40737,100142,100056,11,4,7,4,3
Hongni River East,University of Civil Aviation,17434.40737,100056,100142,11,8,3,2,1
Xikang Road,Xunhai Road,17434.17082,100158,100166,6,1,5,0,5
Xunhai Road,Xikang Road,17434.17082,100166,100158,2,1,1,1,0
Dabi Zhuang,Wangdingdi,17433.8115,100021,100145,32,5,27,22,5
Wangdingdi,Dabi Zhuang,17433.8115,100145,100021,24,3,21,16,5
National Exhibition Centre,Xiaobailou,17431.89372,100105,100154,58,14,44,23,21
Xiaobailou,National Exhibition Centre,17431.89372,100154,100105,31,10,21,7,14
Yibin Road,Airport Economic Zone,17431.0317,100171,100001,300,30,270,211,59
Airport Economic Zone,Yibin Road,17431.0317,100001,100171,288,29,259,204,55
Tiantai Road,Shuanglin,17428.41158,100137,100119,67,11,56,40,16
Shuanglin,Tiantai Road,17428.41158,100119,100137,62,11,51,32,19
Lijiang Road,Jiayuan Li,17427.88564,100085,100067,16,2,14,5,9
Jiayuan Li,Lijiang Road,17427.88564,100067,100085,14,2,12,11,1
Zhongshan Gate,Fengchan River,17427.51486,100189,100039,15,2,13,10,3
Fengchan River,Zhongshan Gate,17427.51486,100039,100189,13,2,11,5,6
Yixingbu North,Chinese Medicine First Affiliated Hospital,17425.61765,100176,100016,222,50,172,109,63
Chinese Medicine First Affiliated Hospital,Yixingbu North,17425.61765,100016,100176,187,41,146,51,95
Xiaodong Zhuang,Dawang Zhuang,17425.41041,100156,100023,422,84,338,256,82
Dawang Zhuang,Xiaodong Zhuang,17425.41041,100023,100156,353,69,284,154,130
Dongli Yijing Road,Tumour Hospital,17423.4668,100033,100141,1,0,1,0,1
Tumour Hospital,Dongli Yijing Road,17423.4668,100141,100033,1,0,1,1,0
Jingjiang Road,Yangwu Zhuang,17422.9255,100072,100169,73,18,55,39,16
Yangwu Zhuang,Jingjiang Road,17422.9255,100169,100072,53,12,41,37,4
Yutai,Benxi Road,17420.2649,100183,100008,16,4,12,9,3
Benxi Road,Yutai,17420.2649,100008,100183,9,2,7,6,1
Zhaoyuan Road,Northwest Corner,17420.2508,100186,100109,20,1,19,13,6
Northwest Corner,Zhaoyuan Road,17420.2508,100109,100186,13,0,13,11,2
Nanhe Zhuang,Zuojiang Road,17418.65057,100101,100192,7,0,7,4,3
Zuojiang Road,Nanhe Zhuang,17418.65057,100192,100101,3,0,3,2,1
Hangshuang Road,Yutai,17417.55714,100051,100183,7,0,7,7,0
Yutai,Hangshuang Road,17417.55714,100183,100051,5,0,5,5,0
Changling Road,Ruijing XinYuan,17415.67388,100013,100114,101,42,59,19,40
Ruijing XinYuan,Changling Road,17415.67388,100114,100013,101,31,70,23,47
University town,Siyuan Road,17414.50167,100143,100121,20,4,16,8,8
Siyuan Road,University town,17414.50167,100121,100143,11,6,5,3,2
Civic Square,Steel Tube Company,17409.94318,100018,100127,2142,434,1708,1099,609
Steel Tube Company,Civic Square,17409.94318,100127,100018,2115,418,1697,1279,418
Lingbin Road,Dongli Sanjing Road,17409.00299,100087,100032,5,0,5,0,5
West Station,Xuelian South Road,17404.91695,100149,100164,13,5,8,2,6
Xuelian South Road,West Station,17404.91695,100164,100149,10,4,6,3,3
Lilou,Hongqi South Road,17402.15379,100086,100057,139,28,111,82,29
Hongqi South Road,Lilou,17402.15379,100057,100086,125,17,108,63,45
Heping Road,North Beichen Tech Park,17401.69852,100053,100106,419,127,292,141,151
North Beichen Tech Park,Heping Road,17401.69852,100106,100053,329,96,233,149,84
Shaliu South Road,University town,17398.97776,100116,100143,67,21,46,30,16
University town,Shaliu South Road,17398.97776,100143,100116,62,10,52,36,16
Binhai International Airport,Haiguang Temple,17398.03272,100010,100048,393,118,275,84,191
Haiguang Temple,Binhai International Airport,17398.03272,100048,100010,356,121,235,99,136
Yixingbu,High-Tech Zone,17394.00593,100175,100054,261,21,240,213,27
High-Tech Zone,Yixingbu,17394.00593,100054,100175,218,26,192,146,46
Dongting Road,JinZhong Street,17393.87852,100034,100080,8,4,4,4,0
JinZhong Street,Dongting Road,17393.87852,100080,100034,7,3,4,2,2
Jieyuan West Road,Chunhai Road,17391.73429,100069,100017,19,1,18,9,9
Chunhai Road,Jieyuan West Road,17391.73429,100017,100069,12,1,11,10,1
Lijiang Road,Yixingbu North,17390.9524,100085,100176,29,4,25,13,12
Yixingbu North,Lijiang Road,17390.9524,100176,100085,26,10,16,6,10
Tianshili,Zhanggui Zhuang,17389.73553,100136,100184,22,4,18,12,6
Zhanggui Zhuang,Tianshili,17389.73553,100184,100136,16,2,14,5,9
Nanzhu Bridge,Jinghe Road,17388.66354,100104,100071,4,2,2,2,0
Jinghe Road,Nanzhu Bridge,17388.66354,100071,100104,2,0,2,2,0
Tiantuo,Xuelian South Road,17386.59923,100138,100164,1,0,1,0,1
Xuelian South Road,Tiantuo,17386.59923,100164,100138,1,0,1,0,1
Xueyuan North Road,Yixingbu,17384.70547,100165,100175,1,0,1,1,0
Dongli Development Zone,Erwei Road,17382.53581,100030,100036,105,17,88,64,24
Erwei Road,Dongli Development Zone,17382.53581,100036,100030,103,16,87,62,25
Xianyang Road,Airport Economic Zone,17381.74636,100153,100001,1188,152,1036,823,213
Airport Economic Zone,Xianyang Road,17381.74636,100001,100153,1023,147,876,608,268
Nancuiping,Haihe Education Zone,17381.54792,100100,100050,15,3,12,8,4
Haihe Education Zone,Nancuiping,17381.54792,100050,100100,9,2,7,3,4
Meijiang Road,Airport Economic Zone,17380.1859,100097,100001,58,10,48,37,11
Airport Economic Zone,Meijiang Road,17380.1859,100001,100097,43,2,41,27,14
Bianxing,Number Two Bridge,17380.10569,100009,100110,55,13,42,23,19
Number Two Bridge,Bianxing,17380.10569,100110,100009,53,10,43,17,26
Yangwu Zhuang,Dongting Road,17378.38062,100169,100034,4,0,4,2,2
Dongting Road,Yangwu Zhuang,17378.38062,100034,100169,3,1,2,0,2
Chenglin Road,North Beichen Tech Park,17375.79518,100014,100106,153,25,128,77,51
North Beichen Tech Park,Chenglin Road,17375.79518,100106,100014,137,27,110,82,28
Northwest Corner,Shuanggang,17374.76339,100109,100118,55,12,43,28,15
Shuanggang,Northwest Corner,17374.76339,100118,100109,52,8,44,26,18
Nanhe Zhuang,Water Park Road East,17374.73825,100101,100147,58,41,17,5,12
Water Park Road East,Nanhe Zhuang,17374.73825,100147,100101,44,25,19,9,10
High-Tech Zone,Weishan Road,17374.00637,100054,100148,6,0,6,5,1
Weishan Road,High-Tech Zone,17374.00637,100148,100054,5,0,5,5,0
South Station,Tiantai Road,17371.97994,100122,100137,327,95,232,118,114
Tiantai Road,South Station,17371.97994,100137,100122,302,121,181,113,68
Yuejin North Road,Huaihe Road,17369.55097,100181,100058,20,5,15,15,0
Huaihe Road,Yuejin North Road,17369.55097,100058,100181,17,5,12,10,2
Jinnan Campus of Nankai University,Southwest Tower,17368.57774,100075,100125,6,4,2,2,0
Southwest Tower,Jinnan Campus of Nankai University,17368.57774,100125,100075,4,3,1,0,1
Changling Road,JinZhong Street,17366.95867,100013,100080,79,22,57,23,34
JinZhong Street,Changling Road,17366.95867,100080,100013,76,19,57,22,35
Lilou,Zhongshan Road,17366.13149,100086,100190,111,20,91,67,24
Zhongshan Road,Lilou,17366.13149,100190,100086,105,27,78,52,26
Yaohuan Road,University of Civil Aviation,17362.82478,100170,100142,25,7,18,10,8
University of Civil Aviation,Yaohuan Road,17362.82478,100142,100170,23,4,19,12,7
Hehui South Road,Leyuan Road,17361.72402,100052,100083,342,125,217,149,68
Leyuan Road,Hehui South Road,17361.72402,100083,100052,289,86,203,119,84
Guangkaisima Road,Binhai International Airport,17361.11134,100044,100010,638,181,457,202,255
Binhai International Airport,Guangkaisima Road,17361.11134,100010,100044,609,179,430,163,267
Professional University,Sports Centre,17356.63072,100112,100126,181,58,123,81,42
Sports Centre,Professional University,17356.63072,100126,100112,138,38,100,46,54
Jinnan Campus of Nankai University,Tianjin Hotel,17354.46588,100075,100134,44,18,26,9,17
Tianjin Hotel,Jinnan Campus of Nankai University,17354.46588,100134,100075,24,11,13,8,5
Guoshan Road,Bianxing,17352.97345,100047,100009,24,9,15,4,11
Bianxing,Guoshan Road,17352.97345,100009,100047,15,6,9,3,6
Beichen Road,Xiangshan Road,17352.67505,100005,100151,33,5,28,13,15
Xiangshan Road,Beichen Road,17352.67505,100151,100005,31,5,26,12,14
Bianxing,Meilin Road,17352.36268,100009,100098,28,2,26,19,7
Meilin Road,Bianxing,17352.36268,100098,100009,28,6,22,16,6
Longhan Road,Huaihe Road,17350.89866,100092,100058,2,0,2,2,0
Jianchang Road,Nanzhu Bridge,17350.57841,100063,100104,14,2,12,10,2
Nanzhu Bridge,Jianchang Road,17350.57841,100104,100063,7,2,5,4,1
Zhicheng Road,High-Tech Zone,17348.81314,100187,100054,115,14,101,83,18
High-Tech Zone,Zhicheng Road,17348.81314,100054,100187,104,13,91,70,21
Tiantai Road,Huanyu Road,17348.04883,100137,100059,4,1,3,3,0
Huanyu Road,Tiantai Road,17348.04883,100059,100137,4,0,4,3,1
Tian Tower,Xiaodian,17347.95535,100133,100155,104,34,70,46,24
Xiaodian,Tian Tower,17347.95535,100155,100133,98,28,70,45,25
JinZhong Street,Huayuan,17347.16937,100080,100061,209,24,185,152,33
Huayuan,JinZhong Street,17347.16937,100061,100080,184,23,161,107,54
Youyi South Road,South Station,17347.03054,100178,100122,5,3,2,0,2
South Station,Youyi South Road,17347.03054,100122,100178,1,0,1,1,0
Huaihe Road,Huayuan,17342.42066,100058,100061,255,18,237,205,32
Huayuan,Huaihe Road,17342.42066,100061,100058,230,10,220,163,57
Guangkaisima Road,Shuanggang,17341.84876,100044,100118,38,11,27,14,13
Shuanggang,Guangkaisima Road,17341.84876,100118,100044,27,3,24,17,7
Zhanggui Zhuang,Chunhai Road,17339.40759,100184,100017,4,1,3,3,0
Xiaodian,Xiangshan Road,17337.29218,100155,100151,12,3,9,6,3
Xiangshan Road,Xiaodian,17337.29218,100151,100155,9,3,6,3,3
South Station,Honghu Li,17335.58135,100122,100055,344,113,231,142,89
Honghu Li,South Station,17335.58135,100055,100122,301,125,176,110,66
Cao Zhuang,Laoshan Road,17332.18238,100011,100082,158,31,127,77,50
Laoshan Road,Cao Zhuang,17332.18238,100082,100011,147,46,101,70,31
Dongli Development Zone,Wujiayao,17331.24419,100030,100150,227,40,187,148,39
Wujiayao,Dongli Development Zone,17331.24419,100150,100030,212,34,178,123,55
Yuejin North Road,Yizhongxin Hospital,17329.44944,100181,100177,55,9,46,43,3
Yizhongxin Hospital,Yuejin North Road,17329.44944,100177,100181,44,7,37,28,9
Tiantai Road,Shuanggang,17329.37327,100137,100118,67,22,45,24,21
Shuanggang,Tiantai Road,17329.37327,100118,100137,41,10,31,19,12
Jinwan Square,Dongli Yijing Road,17327.09841,100078,100033,1,0,1,0,1
Guoshan Road,Yizhongxin Hospital,17325.45203,100047,100177,61,15,46,33,13
Yizhongxin Hospital,Guoshan Road,17325.45203,100177,100047,52,9,43,27,16
Lushui Road,Zhangxing Zhuang,17325.32449,100093,100185,24,4,20,15,5
Zhangxing Zhuang,Lushui Road,17325.32449,100185,100093,15,2,13,7,6
Nanzhu Bridge,Yangwu Zhuang,17322.13597,100104,100169,1,0,1,1,0
Ruijing XinYuan,University town,17320.65754,100114,100143,281,113,168,80,88
University town,Ruijing XinYuan,17320.65754,100143,100114,267,101,166,92,74
Fuxing Gate,Huaihe Road,17317.21236,100041,100058,61,10,51,24,27
Huaihe Road,Fuxing Gate,17317.21236,100058,100041,49,15,34,22,12
Beining Park,Shuanglin,17316.76011,100006,100119,34,18,16,8,8
Shuanglin,Beining Park,17316.76011,100119,100006,33,10,23,10,13
Fengchan River,Zhou and Deng Memorial Museum,17314.39821,100039,100191,39,28,11,6,5
Zhou and Deng Memorial Museum,Fengchan River,17314.39821,100191,100039,35,16,19,8,11
Gaozhuangzi,Jianshan Road,17314.22837,100043,100066,10,2,8,5,3
Jianshan Road,Gaozhuangzi,17314.22837,100066,100043,6,0,6,5,1
Fuxing Road,Shuanggang,17313.7055,100042,100118,48,12,36,20,16
Shuanggang,Fuxing Road,17313.7055,100118,100042,28,3,25,18,7
Erwei Road,Hongni River East,17311.30705,100036,100056,137,27,110,64,46
Hongni River East,Erwei Road,17311.30705,100056,100036,118,28,90,61,29
Hongni River East,Cuifu New Village,17310.24914,100056,100019,5,0,5,4,1
Cuifu New Village,Hongni River East,17310.24914,100019,100056,2,0,2,0,2
Yudongcheng,University town,17303.2241,100180,100143,451,143,308,210,98
University town,Yudongcheng,17303.2241,100143,100180,422,129,293,192,101
Foreign Languages High School,Shuanggang,17303.09102,100040,100118,9,1,8,5,3
Shuanggang,Foreign Languages High School,17303.09102,100118,100040,3,2,1,1,0
Siyuan Road,Chunhai Road,17299.8659,100121,100017,8,3,5,5,0
Chunhai Road,Siyuan Road,17299.8659,100017,100121,5,0,5,5,0
Erwei Road,Jinghe Road,17298.61872,100036,100071,47,17,30,15,15
Jinghe Road,Erwei Road,17298.61872,100071,100036,37,15,22,16,6
Jiayuan Li,High-Tech Zone,17297.94241,100067,100054,267,32,235,216,19
High-Tech Zone,Jiayuan Li,17297.94241,100054,100067,249,27,222,174,48
JinZhong Street,Liulin Road,17295.87221,100080,100089,44,12,32,17,15
Liulin Road,JinZhong Street,17295.87221,100089,100080,41,7,34,17,17
Gaozhuangzi,Lingbin Road,17294.90198,100043,100087,42,4,38,32,6
Lingbin Road,Gaozhuangzi,17294.90198,100087,100043,38,8,30,20,10
Nanzhu Bridge,Bianxing,17294.34326,100104,100009,8,1,7,4,3
Bianxing,Nanzhu Bridge,17294.34326,100009,100104,8,2,6,6,0
Tianshili,University town,17294.08094,100136,100143,106,41,65,42,23
University town,Tianshili,17294.08094,100143,100136,90,31,59,34,25
Shuanglin,Huayuan,17293.74632,100119,100061,240,36,204,163,41
Huayuan,Shuanglin,17293.74632,100061,100119,229,39,190,137,53
Xinli,Siyuan Road,17292.20375,100161,100121,12,1,11,7,4
Siyuan Road,Xinli,17292.20375,100121,100161,7,0,7,6,1
Binhai International Airport,Erwei Road,17289.00599,100010,100036,113,37,76,35,41
Erwei Road,Binhai International Airport,17289.00599,100036,100010,76,12,64,33,31
University of Civil Aviation,Yixingbu,17288.83035,100142,100175,29,12,17,4,13
Yixingbu,University of Civil Aviation,17288.83035,100175,100142,22,6,16,6,10
Hongni River East,Jin Street,17288.53706,100056,100070,21,3,18,15,3
Jin Street,Hongni River East,17288.53706,100070,100056,15,8,7,6,1
Zhaoyuan Road,Guangkaisima Road,17287.39657,100186,100044,9,2,7,6,1
Guangkaisima Road,Zhaoyuan Road,17287.39657,100044,100186,5,0,5,1,4
Yuejin North Road,Anshan West Road,17286.93283,100181,100003,45,9,36,29,7
Anshan West Road,Yuejin North Road,17286.93283,100003,100181,41,9,32,19,13
Dengzhou South Road,Bianxing,17286.14683,100025,100009,16,4,12,6,6
Bianxing,Dengzhou South Road,17286.14683,100009,100025,13,5,8,3,5
Nansun Zhuang,Xiaodian,17285.74672,100103,100155,1,0,1,1,0
Xiaodian,Nansun Zhuang,17285.74672,100155,100103,1,1,0,0,0
JinZhong Street,Cao Zhuang,17285.4942,100080,100011,199,54,145,105,40
Cao Zhuang,JinZhong Street,17285.4942,100011,100080,184,39,145,96,49
Yueya River,Dongli Development Zone,17279.09351,100182,100030,214,45,169,125,44
Dongli Development Zone,Yueya River,17279.09351,100030,100182,188,43,145,107,38
Fuxing Road,Hangshuang Road,17276.5697,100042,100051,17,2,15,15,0
Hangshuang Road,Fuxing Road,17276.5697,100051,100042,17,3,14,12,2
Jinghe Road,Jin Street,17275.57545,100071,100070,30,3,27,24,3
Jin Street,Jinghe Road,17275.57545,100070,100071,21,3,18,12,6
Beichen Road,Nansun Zhuang,17275.02249,100005,100103,6,1,5,5,0
Nansun Zhuang,Beichen Road,17275.02249,100103,100005,5,1,4,3,1
Huanyu Road,Yibin Road,17274.7094,100059,100171,4,0,4,4,0
Yibin Road,Huanyu Road,17274.7094,100171,100059,1,1,0,0,0
Dengzhou South Road,Meilin Road,17274.334,100025,100098,6,2,4,3,1
Meilin Road,Dengzhou South Road,17274.334,100098,100025,4,0,4,3,1
Jinghe Road,JinZhong River Street,17272.32371,100071,100079,18,10,8,3,5
JinZhong River Street,Jinghe Road,17272.32371,100079,100071,14,6,8,7,1
West Station,Lilou,17269.59196,100149,100086,998,322,676,197,479
Lilou,West Station,17269.59196,100086,100149,902,294,608,291,317
Gaozhuangzi,Anshan Road,17269.15079,100043,100002,923,177,746,537,209
Anshan Road,Gaozhuangzi,17269.15079,100002,100043,836,149,687,351,336
University of Civil Aviation,Xinkai River,17268.69362,100142,100160,10,3,7,5,2
Xinkai River,University of Civil Aviation,17268.69362,100160,100142,6,4,2,0,2
Changling Road,Dongli Liujing Road,17268.60539,100013,100031,10,4,6,5,1
Dongli Liujing Road,Changling Road,17268.60539,100031,100013,5,0,5,0,5
Liuyuan,Huaihe Road,17267.88056,100091,100058,27,0,27,17,10
Huaihe Road,Liuyuan,17267.88056,100058,100091,23,7,16,9,7
Xunhai Road,Southeast Corner,17267.52181,100166,100123,39,12,27,9,18
Southeast Corner,Xunhai Road,17267.52181,100123,100166,26,5,21,4,17
Xiaodian,Tiantuo,17265.54791,100155,100138,54,5,49,42,7
Tiantuo,Xiaodian,17265.54791,100138,100155,48,7,41,32,9
Hongni River East,Wujiayao,17260.28871,100056,100150,101,13,88,75,13
Wujiayao,Hongni River East,17260.28871,100150,100056,98,13,85,56,29
Jinnan Campus of Nankai University,Tumour Hospital,17259.45444,100075,100141,47,23,24,9,15
Tumour Hospital,Jinnan Campus of Nankai University,17259.45444,100141,100075,40,19,21,10,11
Youyi South Road,Jianchang Road,17258.58193,100178,100063,2,2,0,0,0
Yingfeng Road,Lilou,17258.14748,100173,100086,45,13,32,28,4
Lilou,Yingfeng Road,17258.14748,100086,100173,29,4,25,22,3
Haihe East Road,Tiedong Road,17257.59511,100049,100139,1,1,0,0,0
Yangwu Zhuang,Qinjian Road,17248.14381,100169,100113,86,22,64,59,5
Qinjian Road,Yangwu Zhuang,17248.14381,100113,100169,67,10,57,40,17
Cuifu New Village,North Beichen Tech Park,17248.07076,100019,100106,24,5,19,13,6
North Beichen Tech Park,Cuifu New Village,17248.07076,100106,100019,22,3,19,18,1
Liaohe North Road,Huashan Li,17247.59752,100084,100060,27,6,21,13,8
Huashan Li,Liaohe North Road,17247.59752,100060,100084,26,12,14,7,7
Wujiayao,Jinghe Road,17247.3271,100150,100071,42,6,36,18,18
Jinghe Road,Wujiayao,17247.3271,100071,100150,33,7,26,21,5
Fangshan Road,Professional University,17246.04822,100038,100112,4,1,3,1,2
Professional University,Fangshan Road,17246.04822,100112,100038,3,0,3,3,0
Meijiang Exhibition Centre,Xuelian South Road,17241.56979,100095,100164,4,3,1,0,1
Xuelian South Road,Meijiang Exhibition Centre,17241.56979,100164,100095,3,3,0,0,0
Jiayuan Li,Yaohuan Road,17240.43486,100067,100170,11,1,10,9,1
Yaohuan Road,Jiayuan Li,17240.43486,100170,100067,9,2,7,5,2
Anshan West Road,Longhan Road,17239.75778,100003,100092,6,0,6,3,3
Longhan Road,Anshan West Road,17239.75778,100092,100003,6,0,6,3,3
Zhicheng Road,Liqi Zhuang South,17238.57405,100187,100088,18,2,16,14,2
Liqi Zhuang South,Zhicheng Road,17238.57405,100088,100187,14,3,11,10,1
Dongli Liujing Road,Jintang Road,17238.36592,100031,100077,5,1,4,3,1
Jintang Road,Dongli Liujing Road,17238.36592,100077,100031,5,0,5,5,0
Hangshuang Road,People's Hospital,17237.8515,100051,100111,11,1,10,7,3
People's Hospital,Hangshuang Road,17237.8515,100111,100051,10,0,10,7,3
Dongting Road,Dengzhou Road,17237.5662,100034,100024,5,1,4,3,1
Dengzhou Road,Dongting Road,17237.5662,100024,100034,4,1,3,2,1
Meijiang Road,Nansun Zhuang,17237.15904,100097,100103,1,0,1,1,0
Danhebei Road,Qinjian Road,17236.81548,100022,100113,1,1,0,0,0
Xianyang Road,Huanyu Road,17234.95948,100153,100059,13,5,8,6,2
Huanyu Road,Xianyang Road,17234.95948,100059,100153,11,2,9,8,1
Yingfeng Road,Beiyangyuan Campus of Tianjin University,17234.12799,100173,100007,43,18,25,10,15
Beiyangyuan Campus of Tianjin University,Yingfeng Road,17234.12799,100007,100173,41,14,27,6,21
Jinshi Bridge,Dongli Culture and Sports Centre,17233.8031,100076,100029,12,4,8,4,4
Dongli Culture and Sports Centre,Jinshi Bridge,17233.8031,100029,100076,9,3,6,4,2
Nanzhu Bridge,Minquan Gate,17229.98962,100104,100099,5,4,1,1,0
Minquan Gate,Nanzhu Bridge,17229.98962,100099,100104,2,2,0,0,0
Benxi Road,Xiangshan Road,17229.33167,100008,100151,51,16,35,18,17
Xiangshan Road,Benxi Road,17229.33167,100151,100008,45,15,30,21,9
Fengchan River,Guoshan Road,17228.77544,100039,100047,2,0,2,2,0
Zhongshan Gate,Nansun Zhuang,17228.57687,100189,100103,1,1,0,0,0
Nansun Zhuang,Zhongshan Gate,17228.57687,100103,100189,1,1,0,0,0
Wanshan Road,Benxi Road,17227.79567,100146,100008,13,1,12,7,5
Benxi Road,Wanshan Road,17227.79567,100008,100146,12,3,9,5,4
Jiangwan Erzhi Road,Zhangxing Zhuang,17221.74433,100065,100185,4,0,4,2,2
Zhangxing Zhuang,Jiangwan Erzhi Road,17221.74433,100185,100065,3,1,2,2,0
Chentang Zhuang,Xuefu Industrial Area,17221.14668,100015,100163,131,4,127,111,16
Xuefu Industrial Area,Chentang Zhuang,17221.14668,100163,100015,102,1,101,85,16
National Exhibition Centre,Lijiang Road,17220.64635,100105,100085,3,1,2,0,2
Zhongshan Gate,Jingli Road,17219.22115,100189,100073,29,9,20,11,9
Jingli Road,Zhongshan Gate,17219.22115,100073,100189,23,5,18,9,9
Yixingbu North,Haihe East Road,17217.05617,100176,100049,1,0,1,1,0
Dongli Yijing Road,Yingkou Road,17216.82579,100033,100174,23,6,17,11,6
Yingkou Road,Dongli Yijing Road,17216.82579,100174,100033,9,0,9,5,4
Yingfeng Road,Zhaoyuan Road,17216.72007,100173,100186,3,2,1,0,1
Zhaoyuan Road,Yingfeng Road,17216.72007,100186,100173,1,0,1,0,1
Fengchan River,Jianshan Road,17215.87049,100039,100066,2,0,2,1,1
Jianshan Road,Fengchan River,17215.87049,100066,100039,1,0,1,0,1
Yixingbu North,Zhanggui Zhuang,17213.89565,100176,100184,89,22,67,29,38
Zhanggui Zhuang,Yixingbu North,17213.89565,100184,100176,76,22,54,32,22
Sports Centre,Dongli Yijing Road,17212.55864,100126,100033,3,1,2,0,2
Dongli Yijing Road,Sports Centre,17212.55864,100033,100126,2,0,2,0,2
Anshan Road,Danhebei Road,17212.40378,100002,100022,13,0,13,10,3
Danhebei Road,Anshan Road,17212.40378,100022,100002,12,1,11,6,5
Yingfeng Road,North China Group,17211.85869,100173,100107,46,12,34,12,22
North China Group,Yingfeng Road,17211.85869,100107,100173,27,6,21,4,17
Xinli,Xiangshan Road,17208.83716,100161,100151,1,0,1,1,0
Xiangshan Road,Xinli,17208.83716,100151,100161,1,0,1,0,1
Benxi Road,Fangshan Road,17208.09084,100008,100038,10,5,5,0,5
Fangshan Road,Benxi Road,17208.09084,100038,100008,9,6,3,1,2
Xiawafang,Guorui Road,17203.84792,100157,100046,69,16,53,36,17
Guorui Road,Xiawafang,17203.84792,100046,100157,65,18,47,32,15
Yixingbu North,Yaohuan Road,17203.50162,100176,100170,33,8,25,18,7
Yaohuan Road,Yixingbu North,17203.50162,100170,100176,33,8,25,20,5
Binhai International Airport,Chunhai Road,17202.05817,100010,100017,42,10,32,8,24
Chunhai Road,Binhai International Airport,17202.05817,100017,100010,34,11,23,8,15
Meilin Road,Qinjian Road,17201.44654,100098,100113,58,9,49,28,21
Qinjian Road,Meilin Road,17201.44654,100113,100098,51,12,39,18,21
JinZhong Street,Meilin Road,17200.34617,100080,100098,29,6,23,11,12
Meilin Road,JinZhong Street,17200.34617,100098,100080,23,2,21,15,6
Fuxing Road,Airport Economic Zone,17199.64818,100042,100001,97,31,66,33,33
Airport Economic Zone,Fuxing Road,17199.64818,100001,100042,73,20,53,29,24
Fuxing Gate,Cao Zhuang,17199.64014,100041,100011,246,80,166,98,68
Cao Zhuang,Fuxing Gate,17199.64014,100011,100041,220,77,143,102,41
Lushui Road,Jieyuan West Road,17193.92765,100093,100069,91,28,63,44,19
Jieyuan West Road,Lushui Road,17193.92765,100069,100093,64,15,49,26,23
Jinshi Bridge,Shuanggang,17193.2603,100076,100118,27,7,20,10,10
Shuanggang,Jinshi Bridge,17193.2603,100118,100076,18,2,16,6,10
Cao Zhuang,Liqi Zhuang South,17191.16651,100011,100088,28,6,22,11,11
Liqi Zhuang South,Cao Zhuang,17191.16651,100088,100011,26,8,18,15,3
Gulou,Shuanggang,17190.02159,100045,100118,80,34,46,13,33
Shuanggang,Gulou,17190.02159,100118,100045,63,16,47,25,22
Beining Park,Magangchang,17188.37853,100006,100094,7,1,6,5,1
Magangchang,Beining Park,17188.37853,100094,100006,5,2,3,3,0
Gaozhuangzi,Chenglin Road,17186.88225,100043,100014,83,21,62,48,14
Chenglin Road,Gaozhuangzi,17186.88225,100014,100043,82,16,66,39,27
Jiangwan Erzhi Road,Benxi Road,17185.87072,100065,100008,18,7,11,4,7
Benxi Road,Jiangwan Erzhi Road,17185.87072,100008,100065,10,1,9,4,5
Yangwu Zhuang,Tiedong Road,17184.22717,100169,100139,119,30,89,67,22
Tiedong Road,Yangwu Zhuang,17184.22717,100139,100169,100,29,71,55,16
Meijiang Road,Ruijing XinYuan,17182.36165,100097,100114,62,11,51,33,18
Ruijing XinYuan,Meijiang Road,17182.36165,100114,100097,49,7,42,34,8
Benxi Road,Meijiang Exhibition Centre,17182.17869,100008,100095,138,63,75,52,23
Meijiang Exhibition Centre,Benxi Road,17182.17869,100095,100008,134,56,78,56,22
Haihe Education Zone,Lingbin Road,17172.33412,100050,100087,3,0,3,2,1
Lingbin Road,Haihe Education Zone,17172.33412,100087,100050,2,1,1,1,0
Xikang Road,Danhebei Road,17171.63476,100158,100022,33,8,25,20,5
Danhebei Road,Xikang Road,17171.63476,100022,100158,29,4,25,10,15
Zhanggui Zhuang,JinZhong Street,17170.84871,100184,100080,121,23,98,57,41
JinZhong Street,Zhanggui Zhuang,17170.84871,100080,100184,107,32,75,46,29
Jiayuan Li,Nanhe Zhuang,17169.90696,100067,100101,43,7,36,29,7
Nanhe Zhuang,Jiayuan Li,17169.90696,100101,100067,35,12,23,12,11
Dongli Yijing Road,Yueya River,17169.89939,100033,100182,13,0,13,12,1
Yueya River,Dongli Yijing Road,17169.89939,100182,100033,6,0,6,4,2
Dabi Zhuang,Hangshuang Road,17166.86809,100021,100051,14,0,14,9,5
Hangshuang Road,Dabi Zhuang,17166.86809,100051,100021,5,0,5,0,5
Dongli Development Zone,Meijiang Road,17163.42779,100030,100097,32,8,24,14,10
Meijiang Road,Dongli Development Zone,17163.42779,100097,100030,23,3,20,13,7
Binhai International Airport,JinZhong Street,17159.52453,100010,100080,69,23,46,17,29
JinZhong Street,Binhai International Airport,17159.52453,100080,100010,52,9,43,21,22
Gaozhuangzi,Dawang Zhuang,17158.36966,100043,100023,68,14,54,42,12
Dawang Zhuang,Gaozhuangzi,17158.36966,100023,100043,61,16,45,26,19
Xiaobailou,Beiyangyuan Campus of Tianjin University,17158.20495,100154,100007,99,48,51,12,39
Beiyangyuan Campus of Tianjin University,Xiaobailou,17158.20495,100007,100154,83,39,44,19,25
Xinli,Zhou and Deng Memorial Museum,17156.10033,100161,100191,61,23,38,30,8
Zhou and Deng Memorial Museum,Xinli,17156.10033,100191,100161,48,10,38,19,19
Meijiang Road,Hongni River East,17155.23518,100097,100056,4,2,2,2,0
Meijiang Exhibition Centre,Yuejin North Road,17154.48418,100095,100181,13,8,5,4,1
Yuejin North Road,Meijiang Exhibition Centre,17154.48418,100181,100095,12,4,8,3,5
Xuelian South Road,Wangdingdi,17153.23398,100164,100145,2,1,1,0,1
Laoshan Road,Meilin Road,17152.94229,100082,100098,2,0,2,0,2
Meilin Road,Laoshan Road,17152.94229,100098,100082,1,1,0,0,0
Dongting Road,Xiangshan Road,17149.91407,100034,100151,1,0,1,1,0
Xunhai Road,Anshan Road,17149.53543,100166,100002,44,9,35,23,12
Anshan Road,Xunhai Road,17149.53543,100002,100166,42,4,38,15,23
Nancuiping,Dabi Zhuang,17149.39902,100100,100021,58,27,31,26,5
Dabi Zhuang,Nancuiping,17149.39902,100021,100100,28,12,16,10,6
Yutai,Dongli Yijing Road,17149.03201,100183,100033,12,1,11,7,4
Dongli Yijing Road,Yutai,17149.03201,100033,100183,7,0,7,7,0
Yixingbu,Meijiang Exhibition Centre,17147.24524,100175,100095,67,23,44,26,18
Meijiang Exhibition Centre,Yixingbu,17147.24524,100095,100175,59,17,42,26,16
Southwest Tower,Xiaodian,17146.3185,100125,100155,91,12,79,59,20
Xiaodian,Southwest Tower,17146.3185,100155,100125,79,8,71,61,10
Tiantuo,Guoshan Road,17145.96499,100138,100047,41,5,36,30,6
Guoshan Road,Tiantuo,17145.96499,100047,100138,38,5,33,27,6
Benxi Road,Yihao Bridge,17142.58916,100008,100172,62,21,41,25,16
Yihao Bridge,Benxi Road,17142.58916,100172,100008,53,19,34,18,16
Xuelian South Road,Changhong Park,17138.21097,100164,100012,8,1,7,0,7
Changhong Park,Xuelian South Road,17138.21097,100012,100164,6,3,3,2,1
Cultural centre,Beichen Road,17135.59744,100020,100005,250,93,157,81,76
Beichen Road,Cultural centre,17135.59744,100005,100020,235,87,148,98,50
People's Hospital,Airport Economic Zone,17132.45311,100111,100001,307,41,266,170,96
Airport Economic Zone,People's Hospital,17132.45311,100001,100111,293,41,252,165,87
Donggu Road,Jinmao Industrial Area,17131.58603,100026,100074,36,4,32,25,7
Jinmao Industrial Area,Donggu Road,17131.58603,100074,100026,33,5,28,23,5
Jiayuan Li,Fengchan River,17129.30477,100067,100039,6,0,6,6,0
Fengchan River,Jiayuan Li,17129.30477,100039,100067,1,0,1,1,0
Foreign Languages High School,Liulin Road,17123.52362,100040,100089,10,2,8,4,4
Liulin Road,Foreign Languages High School,17123.52362,100089,100040,7,1,6,2,4
Lushui Road,JinZhong Street,17123.22524,100093,100080,29,7,22,12,10
JinZhong Street,Lushui Road,17123.22524,100080,100093,21,11,10,5,5
Minquan Gate,Jinghe Road,17123.00791,100099,100071,12,1,11,9,2
Jinghe Road,Minquan Gate,17123.00791,100071,100099,5,3,2,2,0
Jinghe Road,Beining Park,17121.70257,100071,100006,16,8,8,2,6
Beining Park,Jinghe Road,17121.70257,100006,100071,12,4,8,3,5
Tiedong Road,Liulin Road,17117.38741,100139,100089,28,7,21,15,6
Liulin Road,Tiedong Road,17117.38741,100089,100139,27,9,18,4,14
Dongjiang Road,Binhai International Airport,17117.27399,100028,100010,18,9,9,4,5
Binhai International Airport,Dongjiang Road,17117.27399,100010,100028,12,5,7,3,4
Weishan Road,Zhicheng Road,17116.52443,100148,100187,3,0,3,2,1
Tucheng,Nansun Zhuang,17116.3689,100140,100103,8,0,8,6,2
Nansun Zhuang,Tucheng,17116.3689,100103,100140,7,1,6,3,3
Yingfeng Road,Dabi Zhuang,17115.86996,100173,100021,82,18,64,45,19
Dabi Zhuang,Yingfeng Road,17115.86996,100021,100173,62,14,48,36,12
Huaihe Road,Meijiang Road,17115.46735,100058,100097,64,13,51,42,9
Meijiang Road,Huaihe Road,17115.46735,100097,100058,60,14,46,34,12
Tiantai Road,Liulin Road,17113.67102,100137,100089,56,13,43,15,28
Liulin Road,Tiantai Road,17113.67102,100089,100137,38,5,33,10,23
North Beichen Tech Park,Yuanyang International Centre,17113.4658,100106,100179,88,13,75,54,21
Yuanyang International Centre,North Beichen Tech Park,17113.4658,100179,100106,85,14,71,46,25
Tianjin Station,Hongni River East,17110.20523,100135,100056,352,127,225,86,139
Hongni River East,Tianjin Station,17110.20523,100056,100135,292,104,188,115,73
Lushui Road,Zhanggui Zhuang,17105.84111,100093,100184,8,1,7,2,5
Zhanggui Zhuang,Lushui Road,17105.84111,100184,100093,7,1,6,3,3
Meijiang Park,Tianshili,17105.31983,100096,100136,6,2,4,3,1
Tianshili,Meijiang Park,17105.31983,100136,100096,4,0,4,3,1
Shuanglin,Zhicheng Road,17103.95603,100119,100187,51,5,46,30,16
Zhicheng Road,Shuanglin,17103.95603,100187,100119,42,7,35,17,18
Meilin Road,Xuefu Industrial Area,17102.28342,100098,100163,127,3,124,118,6
Xuefu Industrial Area,Meilin Road,17102.28342,100163,100098,113,4,109,79,30
Danhebei Road,Xiawafang,17099.72687,100022,100157,61,14,47,27,20
Xiawafang,Danhebei Road,17099.72687,100157,100022,41,11,30,19,11
North China Group,Water Park Road East,17098.98534,100107,100147,118,52,66,33,33
Water Park Road East,North China Group,17098.98534,100147,100107,87,42,45,18,27
Second hospital of the Medical University,Xianshuigu West,17098.80428,100115,100152,737,190,547,246,301
Xianshuigu West,Second hospital of the Medical University,17098.80428,100152,100115,732,192,540,376,164
Danhebei Road,Yudongcheng,17098.18169,100022,100180,13,4,9,5,4
Yudongcheng,Danhebei Road,17098.18169,100180,100022,5,1,4,4,0
Nansun Zhuang,Tianjin Hotel,17097.82562,100103,100134,4,4,0,0,0
Dabi Zhuang,Ruijing XinYuan,17096.96061,100021,100114,85,26,59,30,29
Ruijing XinYuan,Dabi Zhuang,17096.96061,100114,100021,79,27,52,27,25
Bei Zhulin,Airport Economic Zone,17096.0719,100004,100001,30,2,28,16,12
Airport Economic Zone,Bei Zhulin,17096.0719,100001,100004,25,3,22,14,8
Magangchang,Xinkai River,17096.01093,100094,100160,3,0,3,0,3
Xinkai River,Magangchang,17096.01093,100160,100094,1,0,1,0,1
Xuzhuangzi,Chinese Medicine First Affiliated Hospital,17093.20194,100168,100016,39,5,34,20,14
Chinese Medicine First Affiliated Hospital,Xuzhuangzi,17093.20194,100016,100168,29,1,28,21,7
Meijiang Exhibition Centre,Lilou,17093.0165,100095,100086,8,3,5,3,2
Lilou,Meijiang Exhibition Centre,17093.0165,100086,100095,6,4,2,1,1
Zhanggui Zhuang,Huayuan,17091.63062,100184,100061,392,43,349,265,84
Huayuan,Zhanggui Zhuang,17091.63062,100061,100184,358,35,323,217,106
Fuxing Gate,Jiayuan Li,17090.27643,100041,100067,263,53,210,102,108
Jiayuan Li,Fuxing Gate,17090.27643,100067,100041,191,45,146,96,50
Zhongshan Road,Zhaoyuan Road,17086.19042,100190,100186,2,0,2,0,2
Zhaoyuan Road,Zhongshan Road,17086.19042,100186,100190,2,0,2,1,1
Nansun Zhuang,Yibin Road,17085.95364,100103,100171,4,0,4,1,3
Yibin Road,Nansun Zhuang,17085.95364,100171,100103,4,0,4,1,3
Nanlou,Xiaodian,17083.19566,100102,100155,60,10,50,40,10
Xiaodian,Nanlou,17083.19566,100155,100102,53,11,42,38,4
Jianchang Road,Shuanggang,17082.59682,100063,100118,18,9,9,7,2
Shuanggang,Jianchang Road,17082.59682,100118,100063,13,3,10,6,4
Sports Centre,Liuyuan,17082.34946,100126,100091,100,23,77,41,36
Liuyuan,Sports Centre,17082.34946,100091,100126,87,37,50,28,22
JinZhong Street,Xuelian South Road,17075.02683,100080,100164,4,1,3,0,3
Xuelian South Road,JinZhong Street,17075.02683,100164,100080,3,1,2,2,0
Jingjiang Road,Dongli Liujing Road,17071.64255,100072,100031,45,0,45,39,6
Dongli Liujing Road,Jingjiang Road,17071.64255,100031,100072,36,0,36,29,7
JinZhong River Street,Xunhai Road,17071.45917,100079,100166,13,2,11,9,2
Xunhai Road,JinZhong River Street,17071.45917,100166,100079,3,1,2,2,0
Longhan Road,Meijiang Exhibition Centre,17068.64146,100092,100095,2,2,0,0,0
Danhebei Road,Xuzhou Road,17060.73216,100022,100167,2,0,2,1,1
Xuzhou Road,Danhebei Road,17060.73216,100167,100022,2,0,2,1,1
Cultural centre,Binhai International Airport,17058.4767,100020,100010,192,49,143,65,78
Binhai International Airport,Cultural centre,17058.4767,100010,100020,156,44,112,38,74
Meijiang Exhibition Centre,Cao Zhuang,17058.4399,100095,100011,335,162,173,87,86
Cao Zhuang,Meijiang Exhibition Centre,17058.4399,100011,100095,317,134,183,86,97
South Station,Dawang Zhuang,17057.99926,100122,100023,409,86,323,209,114
Dawang Zhuang,South Station,17057.99926,100023,100122,341,76,265,150,115
Yixingbu,Liulin Road,17056.86346,100175,100089,23,4,19,8,11
Liulin Road,Yixingbu,17056.86346,100089,100175,17,4,13,8,5
Professional University,Zhou and Deng Memorial Museum,17050.70807,100112,100191,79,41,38,14,24
Zhou and Deng Memorial Museum,Professional University,17050.70807,100191,100112,62,39,23,13,10
Number Two Bridge,Airport Economic Zone,17045.07129,100110,100001,18,4,14,7,7
Airport Economic Zone,Number Two Bridge,17045.07129,100001,100110,14,8,6,2,4
West Station,Haihe East Road,17042.88718,100149,100049,2,1,1,1,0
Nanhe Zhuang,Jieyuan West Road,17041.51818,100101,100069,38,10,28,11,17
Jieyuan West Road,Nanhe Zhuang,17041.51818,100069,100101,34,7,27,19,8
Jiefang South Road,Dengzhou Road,17040.79281,100068,100024,76,21,55,31,24
Dengzhou Road,Jiefang South Road,17040.79281,100024,100068,59,16,43,30,13
Tucheng,Fengchan River,17039.12098,100140,100039,48,10,38,29,9
Fengchan River,Tucheng,17039.12098,100039,100140,45,4,41,24,17
University of Civil Aviation,Tumour Hospital,17036.39353,100142,100141,135,47,88,51,37
Tumour Hospital,University of Civil Aviation,17036.39353,100141,100142,112,30,82,47,35
Xuefu Industrial Area,Taichang Road,17034.63059,100163,100128,119,13,106,83,23
Taichang Road,Xuefu Industrial Area,17034.63059,100128,100163,54,8,46,40,6
Tianjin Station,Jinghe Road,17034.48075,100135,100071,130,42,88,37,51
Jinghe Road,Tianjin Station,17034.48075,100071,100135,117,40,77,44,33
Liqi Zhuang South,Siyuan Road,17032.63954,100088,100121,4,0,4,4,0
Siyuan Road,Liqi Zhuang South,17032.63954,100121,100088,1,0,1,1,0
Jiangwan Erzhi Road,Guorui Road,17032.33797,100065,100046,7,0,7,6,1
Guorui Road,Jiangwan Erzhi Road,17032.33797,100046,100065,6,0,6,4,2
Number Two Bridge,University of Civil Aviation,17031.78642,100110,100142,1,1,0,0,0
Xunhai Road,Jin Street,17029.87493,100166,100070,37,11,26,17,9
Jin Street,Xunhai Road,17029.87493,100070,100166,21,5,16,8,8
Huanyu Road,Huayuan,17027.10213,100059,100061,15,1,14,14,0
Huayuan,Huanyu Road,17027.10213,100061,100059,10,2,8,7,1
Changling Road,Liaohe North Road,17026.32859,100013,100084,50,17,33,18,15
Liaohe North Road,Changling Road,17026.32859,100084,100013,38,13,25,10,15
Yangwu Zhuang,Dongxing Road,17025.78497,100169,100035,58,9,49,47,2
Dongxing Road,Yangwu Zhuang,17025.78497,100035,100169,42,9,33,22,11
Bei Zhulin,Shuanggang,17024.55373,100004,100118,30,16,14,12,2
Shuanggang,Bei Zhulin,17024.55373,100118,100004,11,4,7,3,4
South Station,Bianxing,17023.95398,100122,100009,121,30,91,41,50
Bianxing,South Station,17023.95398,100009,100122,95,30,65,29,36
North Beichen Tech Park,JinZhong Street,17022.84883,100106,100080,15,5,10,5,5
JinZhong Street,North Beichen Tech Park,17022.84883,100080,100106,15,5,10,6,4
Yutai,Cao Zhuang,17020.04985,100183,100011,51,20,31,20,11
Cao Zhuang,Yutai,17020.04985,100011,100183,42,12,30,12,18
North China Group,Chentang Zhuang,17018.39524,100107,100015,217,47,170,101,69
Chentang Zhuang,North China Group,17018.39524,100015,100107,185,39,146,84,62
Sports Centre,Dabi Zhuang,17017.93061,100126,100021,63,17,46,26,20
Dabi Zhuang,Sports Centre,17017.93061,100021,100126,56,15,41,26,15
Shunchi Bridge,North Beichen Tech Park,17017.8656,100120,100106,26,4,22,14,8
North Beichen Tech Park,Shunchi Bridge,17017.8656,100106,100120,16,1,15,8,7
Shuanggang,University town,17017.72497,100118,100143,46,13,33,15,18
University town,Shuanggang,17017.72497,100143,100118,44,15,29,19,10
Yixingbu,Chinese Medicine First Affiliated Hospital,17016.53861,100175,100016,84,28,56,31,25
Chinese Medicine First Affiliated Hospital,Yixingbu,17016.53861,100016,100175,80,25,55,17,38
Zhongshan Road,Nanzhu Bridge,17016.20357,100190,100104,9,2,7,7,0
Nanzhu Bridge,Zhongshan Road,17016.20357,100104,100190,8,2,6,4,2
South Station,Zhigu,17014.00126,100122,100188,366,90,276,148,128
Zhigu,South Station,17014.00126,100188,100122,327,101,226,124,102
Jiefang South Road,Zhangxing Zhuang,17012.23075,100068,100185,76,20,56,31,25
Zhangxing Zhuang,Jiefang South Road,17012.23075,100185,100068,64,18,46,29,17
Magangchang,Binhai International Airport,17010.29623,100094,100010,88,20,68,36,32
Binhai International Airport,Magangchang,17010.29623,100010,100094,87,34,53,15,38
Laoshan Road,Xinli,17010.04001,100082,100161,2,0,2,1,1
South Station,Zhongshan Road,17008.71255,100122,100190,835,213,622,311,311
Zhongshan Road,South Station,17008.71255,100190,100122,746,246,500,250,250
Nanhe Zhuang,Yihao Bridge,17007.27255,100101,100172,10,1,9,4,5
Yihao Bridge,Nanhe Zhuang,17007.27255,100172,100101,7,0,7,1,6
Beiyangyuan Campus of Tianjin University,Zhigu,17006.79346,100007,100188,28,13,15,5,10
Zhigu,Beiyangyuan Campus of Tianjin University,17006.79346,100188,100007,25,12,13,10,3
Heping Road,Jingli Road,17006.42137,100053,100073,105,30,75,47,28
Jingli Road,Heping Road,17006.42137,100073,100053,103,27,76,53,23
Nancuiping,Xinli,17006.28453,100100,100161,45,12,33,12,21
Xinli,Nancuiping,17006.28453,100161,100100,21,6,15,14,1
Dongli Liujing Road,Liuwei Road,17002.78496,100031,100090,5,0,5,2,3
Liuwei Road,Dongli Liujing Road,17002.78496,100090,100031,1,0,1,0,1
West Station,Shuanggang,17002.67291,100149,100118,352,97,255,80,175
Shuanggang,West Station,17002.67291,100118,100149,243,85,158,81,77
Yutai,Zhicheng Road,17001.89111,100183,100187,10,5,5,2,3
Zhicheng Road,Yutai,17001.89111,100187,100183,10,5,5,2,3
Huaihe Road,Yihao Bridge,17000.7485,100058,100172,56,9,47,38,9
Yihao Bridge,Huaihe Road,17000.7485,100172,100058,42,6,36,20,16
Jingli Road,Xikang Road,16999.77709,100073,100158,63,16,47,36,11
Xikang Road,Jingli Road,16999.77709,100158,100073,56,15,41,23,18
Jingli Road,Huayuan,16999.32084,100073,100061,187,11,176,151,25
Huayuan,Jingli Road,16999.32084,100061,100073,177,19,158,114,44
Jinghe Road,Taichang Road,16998.13758,100071,100128,62,16,46,31,15
Taichang Road,Jinghe Road,16998.13758,100128,100071,48,10,38,27,11
Xiawafang,Haihe Education Zone,16993.59327,100157,100050,26,8,18,3,15
Haihe Education Zone,Xiawafang,16993.59327,100050,100157,14,2,12,7,5
Fangshan Road,Nansun Zhuang,16991.57174,100038,100103,4,2,2,2,0
Nansun Zhuang,Fangshan Road,16991.57174,100103,100038,1,0,1,1,0
Hangshuang Road,Zhanggui Zhuang,16991.18286,100051,100184,4,1,3,2,1
Lijiang Road,Yixingbu,16991.10668,100085,100175,7,1,6,6,0
Yixingbu,Lijiang Road,16991.10668,100175,100085,7,0,7,6,1
Xinli,Dengzhou South Road,16989.22557,100161,100025,8,1,7,6,1
Dengzhou South Road,Xinli,16989.22557,100025,100161,5,0,5,1,4
Beichen Road,Wujiayao,16985.36782,100005,100150,213,30,183,135,48
Wujiayao,Beichen Road,16985.36782,100150,100005,201,34,167,108,59
Benxi Road,Beichen Road,16984.94597,100008,100005,15,2,13,10,3
Beichen Road,Benxi Road,16984.94597,100005,100008,13,3,10,4,6
Binhai International Airport,Yixingbu,16983.82213,100010,100175,95,27,68,25,43
Yixingbu,Binhai International Airport,16983.82213,100175,100010,60,15,45,25,20
People's Hospital,Shuanggang,16981.15416,100111,100118,153,32,121,66,55
Shuanggang,People's Hospital,16981.15416,100118,100111,141,39,102,55,47
University town,Yihao Bridge,16980.98457,100143,100172,136,37,99,70,29
Yihao Bridge,University town,16980.98457,100172,100143,121,38,83,45,38
Liulin Road,Lushui Road,16979.58379,100089,100093,1,1,0,0,0
Xinli,Foreign Languages High School,16978.73632,100161,100040,12,1,11,9,2
Foreign Languages High School,Xinli,16978.73632,100040,100161,7,2,5,3,2
Huanyu Road,People's Hospital,16976.13081,100059,100111,11,5,6,5,1
People's Hospital,Huanyu Road,16976.13081,100111,100059,7,2,5,1,4
Dengzhou Road,Liqi Zhuang South,16975.28427,100024,100088,6,1,5,0,5
Liqi Zhuang South,Dengzhou Road,16975.28427,100088,100024,1,1,0,0,0
Meilin Road,Zhangxing Zhuang,16975.01912,100098,100185,31,5,26,17,9
Zhangxing Zhuang,Meilin Road,16975.01912,100185,100098,29,7,22,8,14
Jinmao Industrial Area,Jiefang South Road,16973.37221,100074,100068,1,0,1,0,1
University of Civil Aviation,Dongli Liujing Road,16972.65016,100142,100031,16,3,13,8,5
Dongli Liujing Road,University of Civil Aviation,16972.65016,100031,100142,15,2,13,8,5
Tiedong Road,Xinli,16972.60011,100139,100161,79,20,59,41,18
Xinli,Tiedong Road,16972.60011,100161,100139,69,13,56,35,21
Dongli Culture and Sports Centre,Guorui Road,16968.86537,100029,100046,1,1,0,0,0
Yizhongxin Hospital,Fengchan River,16965.79029,100177,100039,33,7,26,22,4
Fengchan River,Yizhongxin Hospital,16965.79029,100039,100177,31,5,26,24,2
Zhongshan Road,Dongli Development Zone,16965.46398,100190,100030,318,54,264,208,56
Dongli Development Zone,Zhongshan Road,16965.46398,100030,100190,306,53,253,188,65
Professional University,Jianshan Road,16965.10387,100112,100066,31,4,27,23,4
Jianshan Road,Professional University,16965.10387,100066,100112,27,5,22,14,8
Beichen Road,Dengzhou Road,16962.83906,100005,100024,72,15,57,40,17
Dengzhou Road,Beichen Road,16962.83906,100024,100005,43,12,31,19,12
Yangwu Zhuang,Chenglin Road,16962.50485,100169,100014,59,10,49,44,5
Chenglin Road,Yangwu Zhuang,16962.50485,100014,100169,46,10,36,32,4
Yudongcheng,Lushui Road,16962.00951,100180,100093,25,11,14,7,7
Lushui Road,Yudongcheng,16962.00951,100093,100180,18,5,13,9,4
Weishan Road,Honghu Li,16961.51272,100148,100055,8,6,2,0,2
Honghu Li,Weishan Road,16961.51272,100055,100148,8,3,5,2,3
Dongting Road,Bianxing,16960.88128,100034,100009,7,4,3,3,0
Bianxing,Dongting Road,16960.88128,100009,100034,6,1,5,5,0
Gulou,Dongli Culture and Sports Centre,16955.65615,100045,100029,47,23,24,12,12
Dongli Culture and Sports Centre,Gulou,16955.65615,100029,100045,38,16,22,6,16
South Station,Nanlou,16953.5982,100122,100102,711,169,542,329,213
Nanlou,South Station,16953.5982,100102,100122,578,185,393,236,157
Xiangshan Road,Jiefang South Road,16953.14068,100151,100068,13,4,9,8,1
Jiefang South Road,Xiangshan Road,16953.14068,100068,100151,10,3,7,4,3
Dengzhou Road,Xiaodian,16947.45619,100024,100155,47,5,42,36,6
Xiaodian,Dengzhou Road,16947.45619,100155,100024,26,2,24,21,3
Nanlou,Beiyangyuan Campus of Tianjin University,16946.3904,100102,100007,2,1,1,1,0
Beiyangyuan Campus of Tianjin University,Nanlou,16946.3904,100007,100102,2,1,1,0,1
Zhaoyuan Road,Tian Tower,16946.24677,100186,100133,11,3,8,6,2
Tian Tower,Zhaoyuan Road,16946.24677,100133,100186,5,2,3,3,0
Tianjin Hotel,Gaozhuangzi,16945.65975,100134,100043,34,8,26,18,8
Gaozhuangzi,Tianjin Hotel,16945.65975,100043,100134,34,6,28,21,7
Ruijing XinYuan,Chentang Zhuang,16944.74895,100114,100015,427,77,350,257,93
Chentang Zhuang,Ruijing XinYuan,16944.74895,100015,100114,402,68,334,223,111
Dongli Liujing Road,Cuifu New Village,16944.50722,100031,100019,16,0,16,14,2
Cuifu New Village,Dongli Liujing Road,16944.50722,100019,100031,10,0,10,7,3
The Financial University,Xinli,16939.67257,100132,100161,13,9,4,0,4
Xinli,The Financial University,16939.67257,100161,100132,3,3,0,0,0
Liuyuan,Dongxing Road,16939.63543,100091,100035,109,17,92,63,29
Dongxing Road,Liuyuan,16939.63543,100035,100091,78,11,67,43,24
Xuzhuangzi,Yaohuan Road,16936.28101,100168,100170,4,1,3,2,1
Yaohuan Road,Xuzhuangzi,16936.28101,100170,100168,3,0,3,1,2
Huashan Li,Benxi Road,16935.60898,100060,100008,458,151,307,194,113
Benxi Road,Huashan Li,16935.60898,100008,100060,431,128,303,150,153
Dabi Zhuang,Huanyu Road,16934.20245,100021,100059,1,0,1,0,1
Dongting Road,Qinjian Road,16934.12178,100034,100113,25,2,23,16,7
Qinjian Road,Dongting Road,16934.12178,100113,100034,18,4,14,14,0
Professional University,Guoshan Road,16933.96441,100112,100047,14,4,10,7,3
Guoshan Road,Professional University,16933.96441,100047,100112,3,3,0,0,0
Dongting Road,Dengzhou South Road,16930.30247,100034,100025,6,3,3,1,2
Dengzhou South Road,Dongting Road,16930.30247,100025,100034,2,0,2,2,0
University town,Jianchang Road,16926.92169,100143,100063,66,20,46,26,20
Jianchang Road,University town,16926.92169,100063,100143,57,25,32,21,11
Cultural centre,Fengchan River,16926.55252,100020,100039,35,18,17,6,11
Fengchan River,Cultural centre,16926.55252,100039,100020,27,13,14,3,11
Xiawafang,Dongli Liujing Road,16926.23558,100157,100031,17,4,13,11,2
Dongli Liujing Road,Xiawafang,16926.23558,100031,100157,15,8,7,4,3
Professional University,Tianjin Hotel,16925.37519,100112,100134,109,19,90,60,30
Tianjin Hotel,Professional University,16925.37519,100134,100112,90,16,74,40,34
Nanhe Zhuang,Danhebei Road,16924.52876,100101,100022,2,0,2,0,2
Yizhongxin Hospital,Xuelian South Road,16921.35087,100177,100164,8,0,8,5,3
Xuelian South Road,Yizhongxin Hospital,16921.35087,100164,100177,8,0,8,8,0
Nancuiping,Huaihe Road,16920.45031,100100,100058,15,5,10,6,4
Huaihe Road,Nancuiping,16920.45031,100058,100100,13,4,9,6,3
Zhongshan Road,Chunhai Road,16918.93593,100190,100017,12,0,12,11,1
Chunhai Road,Zhongshan Road,16918.93593,100017,100190,9,2,7,6,1
Siyuan Road,Magangchang,16918.16669,100121,100094,2,1,1,1,0
Magangchang,Siyuan Road,16918.16669,100094,100121,1,0,1,1,0
Jieyuan West Road,Fengchan River,16917.74126,100069,100039,18,6,12,8,4
Fengchan River,Jieyuan West Road,16917.74126,100039,100069,14,6,8,7,1
Dongli Culture and Sports Centre,Jianchang Road,16916.2645,100029,100063,3,2,1,1,0
Jianchang Road,Dongli Culture and Sports Centre,16916.2645,100063,100029,1,1,0,0,0
Xunhai Road,Tianjin Hotel,16912.9701,100166,100134,7,1,6,4,2
Tianjin Hotel,Xunhai Road,16912.9701,100134,100166,5,1,4,4,0
Xueyuan North Road,Hongqi South Road,16912.62653,100165,100057,2,0,2,0,2
Hongqi South Road,Xueyuan North Road,16912.62653,100057,100165,1,0,1,0,1
Liuyuan,JinZhong Street,16911.81868,100091,100080,164,58,106,50,56
JinZhong Street,Liuyuan,16911.81868,100080,100091,127,48,79,57,22
Liuyuan,Second hospital of the Medical University,16907.71786,100091,100115,171,40,131,78,53
Second hospital of the Medical University,Liuyuan,16907.71786,100115,100091,165,37,128,81,47
Jinghe Road,Tian Tower,16906.24736,100071,100133,47,8,39,22,17
Tian Tower,Jinghe Road,16906.24736,100133,100071,42,19,23,15,8
North China Group,Tumour Hospital,16905.86377,100107,100141,423,70,353,218,135
Tumour Hospital,North China Group,16905.86377,100141,100107,401,56,345,103,242
Dongting Road,Zhangxing Zhuang,16905.50459,100034,100185,12,2,10,8,2
Zhangxing Zhuang,Dongting Road,16905.50459,100185,100034,11,2,9,8,1
Jianguo Road,North Beichen Tech Park,16905.17333,100064,100106,52,14,38,19,19
North Beichen Tech Park,Jianguo Road,16905.17333,100106,100064,47,5,42,25,17
Honghu Li,Shuanglin,16903.43325,100055,100119,330,146,184,122,62
Shuanglin,Honghu Li,16903.43325,100119,100055,298,116,182,123,59
Dabi Zhuang,Bianxing,16902.90172,100021,100009,19,3,16,5,11
Bianxing,Dabi Zhuang,16902.90172,100009,100021,13,3,10,8,2
Shaliu South Road,Guorui Road,16901.4422,100116,100046,7,6,1,0,1
Guorui Road,Shaliu South Road,16901.4422,100046,100116,2,0,2,1,1
Professional University,Zhongshan Gate,16900.18413,100112,100189,102,23,79,57,22
Zhongshan Gate,Professional University,16900.18413,100189,100112,99,23,76,42,34
South Station,Liuwei Road,16899.27964,100122,100090,102,34,68,41,27
Liuwei Road,South Station,16899.27964,100090,100122,91,34,57,24,33
Yuejin North Road,Yingfeng Road,16898.54696,100181,100173,36,3,33,19,14
Yingfeng Road,Yuejin North Road,16898.54696,100173,100181,30,4,26,14,12
Jinmao Industrial Area,Huayuan,16898.14131,100074,100061,1,0,1,1,0
Xunhai Road,Tianjin Station,16895.78711,100166,100135,58,37,21,11,10
Tianjin Station,Xunhai Road,16895.78711,100135,100166,31,17,14,6,8
Yingfeng Road,Guoshan Road,16894.54955,100173,100047,38,3,35,30,5
Guoshan Road,Yingfeng Road,16894.54955,100047,100173,26,5,21,17,4
Weishan Road,Beining Park,16894.48043,100148,100006,2,2,0,0,0
Anshan West Road,Huanyu Road,16891.52158,100003,100059,5,0,5,4,1
Huanyu Road,Anshan West Road,16891.52158,100059,100003,3,0,3,3,0
Honghu Li,Nanzhu Bridge,16889.52068,100055,100104,23,8,15,7,8
Nanzhu Bridge,Honghu Li,16889.52068,100104,100055,16,4,12,5,7
The Financial University,Yixingbu,16886.35671,100132,100175,48,17,31,11,20
Yixingbu,The Financial University,16886.35671,100175,100132,34,22,12,4,8
Danhebei Road,Changhong Park,16885.63019,100022,100012,13,8,5,0,5
Changhong Park,Danhebei Road,16885.63019,100012,100022,6,1,5,3,2
Jingjiang Road,Hongni River East,16881.21036,100072,100056,40,17,23,16,7
Hongni River East,Jingjiang Road,16881.21036,100056,100072,29,11,18,16,2
Jiayuan Li,Professional University,16878.53815,100067,100112,20,7,13,6,7
Professional University,Jiayuan Li,16878.53815,100112,100067,10,5,5,3,2
Xiangshan Road,Huayuan,16877.90978,100151,100061,84,7,77,70,7
Huayuan,Xiangshan Road,16877.90978,100061,100151,68,6,62,47,15
North China Group,Wangdingdi,16876.98124,100107,100145,115,29,86,57,29
Wangdingdi,North China Group,16876.98124,100145,100107,109,34,75,38,37
Magangchang,Fuxing Road,16871.3642,100094,100042,4,0,4,0,4
Fuxing Road,Magangchang,16871.3642,100042,100094,3,1,2,1,1
Shuanglin,Yibin Road,16869.56952,100119,100171,48,7,41,31,10
Yibin Road,Shuanglin,16869.56952,100171,100119,39,5,34,24,10
Tiantuo,Jinmao Industrial Area,16869.09814,100138,100074,3,0,3,3,0
Dongli Yijing Road,Yuanyang International Centre,16866.05105,100033,100179,5,1,4,1,3
Yuanyang International Centre,Dongli Yijing Road,16866.05105,100179,100033,2,0,2,1,1
Lingbin Road,Hangshuang Road,16865.25212,100087,100051,21,2,19,18,1
Hangshuang Road,Lingbin Road,16865.25212,100051,100087,17,1,16,15,1
Nanhe Zhuang,Tumour Hospital,16863.75345,100101,100141,168,20,148,73,75
Tumour Hospital,Nanhe Zhuang,16863.75345,100141,100101,155,24,131,51,80
Foreign Languages High School,Hangshuang Road,16863.26606,100040,100051,13,2,11,11,0
Hangshuang Road,Foreign Languages High School,16863.26606,100051,100040,7,0,7,5,2
Tumour Hospital,Professional University,16863.20231,100141,100112,236,91,145,75,70
Professional University,Tumour Hospital,16863.20231,100112,100141,204,50,154,104,50
Qinjian Road,Guoshan Road,16859.86746,100113,100047,129,21,108,81,27
Guoshan Road,Qinjian Road,16859.86746,100047,100113,94,11,83,67,16
Nanhe Zhuang,Airport Economic Zone,16859.40135,100101,100001,17,5,12,6,6
Airport Economic Zone,Nanhe Zhuang,16859.40135,100001,100101,11,6,5,2,3
JinZhong Street,Meijiang Park,16858.44952,100080,100096,19,3,16,13,3
Meijiang Park,JinZhong Street,16858.44952,100096,100080,12,4,8,5,3
Beichen Road,Anshan West Road,16858.38094,100005,100003,133,22,111,87,24
Anshan West Road,Beichen Road,16858.38094,100003,100005,121,24,97,62,35
Cultural centre,Xinxing Village,16857.95151,100020,100162,5,3,2,0,2
Xinxing Village,Cultural centre,16857.95151,100162,100020,2,2,0,0,0
Dongli Development Zone,Fuxing Gate,16856.59821,100030,100041,16,0,16,10,6
Fuxing Gate,Dongli Development Zone,16856.59821,100041,100030,16,0,16,9,7
Jianchang Road,Xinli,16856.50013,100063,100161,48,11,37,27,10
Xinli,Jianchang Road,16856.50013,100161,100063,41,10,31,19,12
Beiyangyuan Campus of Tianjin University,Changling Road,16856.37914,100007,100013,8,2,6,3,3
Changling Road,Beiyangyuan Campus of Tianjin University,16856.37914,100013,100007,6,3,3,0,3
Xianyang Road,Weishan Road,16854.97761,100153,100148,3,0,3,0,3
Weishan Road,Xianyang Road,16854.97761,100148,100153,3,0,3,2,1
Shuanggang,Zhongshan Road,16853.33683,100118,100190,13,5,8,3,5
Zhongshan Road,Shuanggang,16853.33683,100190,100118,6,2,4,1,3
Shuanglin,Xianyang Road,16852.66634,100119,100153,162,31,131,102,29
Xianyang Road,Shuanglin,16852.66634,100153,100119,150,35,115,85,30
North China Group,Ruijing XinYuan,16850.74958,100107,100114,180,68,112,61,51
Ruijing XinYuan,North China Group,16850.74958,100114,100107,168,40,128,54,74
Number Two Bridge,Dabi Zhuang,16850.48126,100110,100021,49,16,33,26,7
Dabi Zhuang,Number Two Bridge,16850.48126,100021,100110,42,11,31,27,4
Xinli,Minquan Gate,16850.35125,100161,100099,23,8,15,9,6
Minquan Gate,Xinli,16850.35125,100099,100161,23,5,18,11,7
Honghu Li,Zhanggui Zhuang,16850.22814,100055,100184,139,51,88,56,32
Zhanggui Zhuang,Honghu Li,16850.22814,100184,100055,124,39,85,50,35
Xinkai River,Binhai International Airport,16850.02455,100160,100010,14,4,10,5,5
Binhai International Airport,Xinkai River,16850.02455,100010,100160,10,2,8,2,6
JinZhong River Street,High-Tech Zone,16849.60959,100079,100054,272,34,238,210,28
High-Tech Zone,JinZhong River Street,16849.60959,100054,100079,197,16,181,141,40
Fuxing Gate,High-Tech Zone,16848.38055,100041,100054,153,15,138,112,26
High-Tech Zone,Fuxing Gate,16848.38055,100054,100041,116,17,99,81,18
Zhicheng Road,Dongting Road,16847.80016,100187,100034,7,1,6,5,1
Dongting Road,Zhicheng Road,16847.80016,100034,100187,6,1,5,5,0
Dongli Culture and Sports Centre,Haiguang Temple,16845.05826,100029,100048,49,12,37,27,10
Haiguang Temple,Dongli Culture and Sports Centre,16845.05826,100048,100029,46,13,33,23,10
Jinghe Road,Jingjiang Road,16844.71735,100071,100072,26,6,20,17,3
Jingjiang Road,Jinghe Road,16844.71735,100072,100071,26,5,21,18,3
Yudongcheng,Gaozhuangzi,16843.51204,100180,100043,128,30,98,68,30
Gaozhuangzi,Yudongcheng,16843.51204,100043,100180,106,20,86,51,35
Dongli Sanjing Road,Chinese Medicine First Affiliated Hospital,16843.36414,100032,100016,14,0,14,10,4
Chinese Medicine First Affiliated Hospital,Dongli Sanjing Road,16843.36414,100016,100032,13,0,13,12,1
Binhai International Airport,Weishan Road,16840.67926,100010,100148,180,55,125,42,83
Weishan Road,Binhai International Airport,16840.67926,100148,100010,131,45,86,46,40
Lushui Road,Zhicheng Road,16840.36362,100093,100187,20,6,14,9,5
Zhicheng Road,Lushui Road,16840.36362,100187,100093,19,7,12,6,6
Yuejin North Road,Nanhe Zhuang,16840.04506,100181,100101,13,2,11,9,2
Nanhe Zhuang,Yuejin North Road,16840.04506,100101,100181,6,0,6,6,0
University of Civil Aviation,North Station,16838.57378,100142,100108,29,12,17,11,6
North Station,University of Civil Aviation,16838.57378,100108,100142,25,12,13,12,1
Professional University,Wanshan Road,16837.00844,100112,100146,2,1,1,0,1
Wanshan Road,Professional University,16837.00844,100146,100112,1,1,0,0,0
Xuelian South Road,Yixingbu,16836.01808,100164,100175,1,0,1,0,1
Yuejin North Road,Wangdingdi,16834.98207,100181,100145,10,4,6,3,3
Wangdingdi,Yuejin North Road,16834.98207,100145,100181,6,0,6,2,4
Huashan Li,University town,16834.7608,100060,100143,187,51,136,86,50
University town,Huashan Li,16834.7608,100143,100060,187,57,130,85,45
Beining Park,Xinli,16833.80934,100006,100161,33,8,25,16,9
Xinli,Beining Park,16833.80934,100161,100006,30,3,27,16,11
Nanzhu Bridge,Number Two Bridge,16833.50144,100104,100110,1,0,1,1,0
Benxi Road,Dengzhou Road,16832.9166,100008,100024,208,58,150,107,43
Dengzhou Road,Benxi Road,16832.9166,100024,100008,193,47,146,112,34
Gulou,Xinxing Village,16832.83068,100045,100162,10,2,8,6,2
Xinxing Village,Gulou,16832.83068,100162,100045,6,0,6,5,1
Southwest corner,Danhebei Road,16830.82745,100124,100022,12,5,7,2,5
Danhebei Road,Southwest corner,16830.82745,100022,100124,11,5,6,3,3
Jianchang Road,Liqi Zhuang South,16828.43233,100063,100088,15,4,11,5,6
Liqi Zhuang South,Jianchang Road,16828.43233,100088,100063,9,2,7,4,3
Jingli Road,Anshan West Road,16827.5215,100073,100003,255,47,208,178,30
Anshan West Road,Jingli Road,16827.5215,100003,100073,250,37,213,152,61
Qinjian Road,Youyi South Road,16826.97771,100113,100178,2,0,2,0,2
Youyi South Road,Qinjian Road,16826.97771,100178,100113,2,0,2,0,2
Anshan Road,Nansun Zhuang,16825.40701,100002,100103,18,6,12,0,12
Nansun Zhuang,Anshan Road,16825.40701,100103,100002,14,0,14,5,9
North Beichen Tech Park,Jinwan Square,16822.68663,100106,100078,322,56,266,220,46
Jinwan Square,North Beichen Tech Park,16822.68663,100078,100106,285,53,232,172,60
Tiedong Road,Youyi South Road,16822.03685,100139,100178,2,0,2,1,1
Nanhe Zhuang,Longhan Road,16821.39275,100101,100092,5,0,5,5,0
Longhan Road,Nanhe Zhuang,16821.39275,100092,100101,5,0,5,0,5
Lijiang Road,Airport Economic Zone,16821.16077,100085,100001,75,9,66,38,28
Airport Economic Zone,Lijiang Road,16821.16077,100001,100085,58,9,49,34,15
Nansun Zhuang,Qinjian Road,16821.11747,100103,100113,4,4,0,0,0
Yangwu Zhuang,Foreign Languages High School,16821.08924,100169,100040,55,4,51,50,1
Foreign Languages High School,Yangwu Zhuang,16821.08924,100040,100169,52,4,48,6,42
Tian Tower,University of Civil Aviation,16820.91477,100133,100142,88,44,44,14,30
University of Civil Aviation,Tian Tower,16820.91477,100142,100133,60,21,39,28,11
Nancuiping,Guoshan Road,16814.22597,100100,100047,17,8,9,5,4
Guoshan Road,Nancuiping,16814.22597,100047,100100,11,3,8,6,2
Binhai International Airport,Tucheng,16813.21989,100010,100140,155,50,105,33,72
Tucheng,Binhai International Airport,16813.21989,100140,100010,135,31,104,40,64
Dengzhou South Road,North China Group,16811.51855,100025,100107,32,7,25,15,10
North China Group,Dengzhou South Road,16811.51855,100107,100025,27,5,22,12,10
Danhebei Road,Zhigu,16811.19975,100022,100188,22,5,17,8,9
Zhigu,Danhebei Road,16811.19975,100188,100022,14,6,8,3,5
Jinmao Industrial Area,Qinjian Road,16809.05402,100074,100113,4,0,4,4,0
Qinjian Road,Jinmao Industrial Area,16809.05402,100113,100074,2,0,2,1,1
Honghu Li,Lushui Road,16808.97351,100055,100093,51,23,28,12,16
Lushui Road,Honghu Li,16808.97351,100093,100055,37,16,21,12,9
Xianyang Road,Magangchang,16808.91878,100153,100094,7,1,6,4,2
Magangchang,Xianyang Road,16808.91878,100094,100153,3,1,2,2,0
Dongting Road,Laoshan Road,16808.91076,100034,100082,1,1,0,0,0
Haiguang Temple,Nansun Zhuang,16804.26381,100048,100103,17,0,17,10,7
Nansun Zhuang,Haiguang Temple,16804.26381,100103,100048,8,0,8,4,4
Yueya River,Lilou,16803.91253,100182,100086,123,31,92,61,31
Lilou,Yueya River,16803.91253,100086,100182,113,31,82,55,27
Yaohuan Road,Yixingbu,16803.6559,100170,100175,14,2,12,6,6
Yixingbu,Yaohuan Road,16803.6559,100175,100170,9,1,8,6,2
Leyuan Road,Gaozhuangzi,16802.67084,100083,100043,14,11,3,0,3
Gaozhuangzi,Leyuan Road,16802.67084,100043,100083,1,1,0,0,0
Yueya River,Shuanggang,16800.42253,100182,100118,41,5,36,24,12
Shuanggang,Yueya River,16800.42253,100118,100182,35,7,28,19,9
Binhai International Airport,Zhongshan Gate,16797.4123,100010,100189,156,49,107,41,66
Zhongshan Gate,Binhai International Airport,16797.4123,100189,100010,133,37,96,41,55
Liqi Zhuang South,South Station,16797.08839,100088,100122,26,5,21,17,4
South Station,Liqi Zhuang South,16797.08839,100122,100088,23,3,20,12,8
Gulou,Dongli Development Zone,16796.29928,100045,100030,485,140,345,186,159
Dongli Development Zone,Gulou,16796.29928,100030,100045,462,149,313,191,122
Dongli Culture and Sports Centre,Minquan Gate,16795.67571,100029,100099,2,1,1,1,0
Minquan Gate,Dongli Culture and Sports Centre,16795.67571,100099,100029,1,1,0,0,0
Tumour Hospital,Dongli Development Zone,16793.46321,100141,100030,335,64,271,124,147
Dongli Development Zone,Tumour Hospital,16793.46321,100030,100141,319,63,256,160,96
Hongni River East,Dengzhou Road,16792.36785,100056,100024,10,2,8,7,1
Dengzhou Road,Hongni River East,16792.36785,100024,100056,10,0,10,6,4
Lingbin Road,Huaihe Road,16791.72954,100087,100058,49,4,45,20,25
Huaihe Road,Lingbin Road,16791.72954,100058,100087,48,8,40,34,6
Yuejin North Road,Honghu Li,16791.56199,100181,100055,21,4,17,13,4
Honghu Li,Yuejin North Road,16791.56199,100055,100181,17,7,10,8,2
Haihe East Road,Wangdingdi,16791.2042,100049,100145,1,0,1,0,1
Wangdingdi,Haihe East Road,16791.2042,100145,100049,1,0,1,0,1
Guoshan Road,Wangdingdi,16788.70973,100047,100145,19,2,17,15,2
Wangdingdi,Guoshan Road,16788.70973,100145,100047,18,2,16,15,1
Yixingbu North,Meijiang Park,16787.38806,100176,100096,21,9,12,4,8
Meijiang Park,Yixingbu North,16787.38806,100096,100176,15,4,11,5,6
Yangwu Zhuang,Jintang Road,16787.36826,100169,100077,32,5,27,23,4
Jintang Road,Yangwu Zhuang,16787.36826,100077,100169,31,4,27,21,6
Xuelian South Road,Zhou and Deng Memorial Museum,16786.92483,100164,100191,1,0,1,1,0
Nansun Zhuang,Xikang Road,16786.25459,100103,100158,7,0,7,1,6
Xikang Road,Nansun Zhuang,16786.25459,100158,100103,6,0,6,0,6
Jiangwan Erzhi Road,Cao Zhuang,16785.65566,100065,100011,32,11,21,11,10
Cao Zhuang,Jiangwan Erzhi Road,16785.65566,100011,100065,19,7,12,7,5
Tianshili,Hangshuang Road,16785.37839,100136,100051,1,0,1,1,0
Xueyuan North Road,Donggu Road,16784.35083,100165,100026,2,0,2,0,2
Donggu Road,Xueyuan North Road,16784.35083,100026,100165,1,0,1,0,1
Longhan Road,Tiantuo,16783.80803,100092,100138,8,2,6,6,0
Tiantuo,Longhan Road,16783.80803,100138,100092,4,1,3,0,3
Xingfu Park,Dongli Sanjing Road,16778.10257,100159,100032,17,1,16,7,9
Dongli Sanjing Road,Xingfu Park,16778.10257,100032,100159,12,1,11,7,4
Xiaodian,Benxi Road,16777.93428,100155,100008,57,7,50,38,12
Benxi Road,Xiaodian,16777.93428,100008,100155,47,8,39,31,8
Haihe East Road,Changhong Park,16776.18119,100049,100012,1,0,1,0,1
Chinese Medicine First Affiliated Hospital,Guoshan Road,16775.62182,100016,100047,29,5,24,7,17
Guoshan Road,Chinese Medicine First Affiliated Hospital,16775.62182,100047,100016,23,5,18,9,9
Changling Road,Tianshili,16774.50474,100013,100136,34,13,21,10,11
Tianshili,Changling Road,16774.50474,100136,100013,30,9,21,13,8
Jianchang Road,Xinxing Village,16773.99668,100063,100162,5,2,3,1,2
Xinxing Village,Jianchang Road,16773.99668,100162,100063,2,0,2,1,1
Jingli Road,Anshan Road,16773.04903,100073,100002,55,16,39,25,14
Anshan Road,Jingli Road,16773.04903,100002,100073,49,8,41,23,18
Fengchan River,Shaliu South Road,16771.90985,100039,100116,6,4,2,1,1
Shaliu South Road,Fengchan River,16771.90985,100116,100039,5,1,4,4,0
Leyuan Road,Xunhai Road,16769.98119,100083,100166,7,0,7,7,0
Nanzhu Bridge,Foreign Languages High School,16768.17423,100104,100040,5,3,2,1,1
Foreign Languages High School,Nanzhu Bridge,16768.17423,100040,100104,1,0,1,0,1
Zhicheng Road,Jiangwan Erzhi Road,16767.49692,100187,100065,21,6,15,8,7
Jiangwan Erzhi Road,Zhicheng Road,16767.49692,100065,100187,18,5,13,7,6
Tumour Hospital,Airport Economic Zone,16765.79549,100141,100001,1097,132,965,461,504
Airport Economic Zone,Tumour Hospital,16765.79549,100001,100141,992,126,866,529,337
Magangchang,High-Tech Zone,16765.57407,100094,100054,17,2,15,13,2
High-Tech Zone,Magangchang,16765.57407,100054,100094,12,2,10,5,5
Yangwu Zhuang,Tucheng,16765.01881,100169,100140,140,30,110,73,37
Tucheng,Yangwu Zhuang,16765.01881,100140,100169,133,35,98,55,43
Yutai,Siyuan Road,16764.63778,100183,100121,6,3,3,3,0
Siyuan Road,Yutai,16764.63778,100121,100183,4,1,3,1,2
Xikang Road,Xinxing Village,16761.67871,100158,100162,3,1,2,2,0
Xinxing Village,Xikang Road,16761.67871,100162,100158,2,2,0,0,0
Jiefang South Road,Qinjian Road,16759.51752,100068,100113,220,54,166,119,47
Qinjian Road,Jiefang South Road,16759.51752,100113,100068,217,47,170,121,49
Beining Park,Nanzhu Bridge,16759.44747,100006,100104,10,4,6,6,0
Nanzhu Bridge,Beining Park,16759.44747,100104,100006,6,2,4,3,1
Jianchang Road,Chunhai Road,16757.64056,100063,100017,9,3,6,1,5
Chunhai Road,Jianchang Road,16757.64056,100017,100063,5,1,4,2,2
Hangshuang Road,Sports Centre,16756.55968,100051,100126,21,2,19,18,1
Sports Centre,Hangshuang Road,16756.55968,100126,100051,19,4,15,14,1
The Financial University,Jieyuan West Road,16755.54079,100132,100069,127,39,88,41,47
Jieyuan West Road,The Financial University,16755.54079,100069,100132,119,33,86,55,31
Nanhe Zhuang,Yizhongxin Hospital,16753.61775,100101,100177,61,20,41,25,16
Yizhongxin Hospital,Nanhe Zhuang,16753.61775,100177,100101,52,15,37,16,21
Zhicheng Road,Meilin Road,16749.0816,100187,100098,25,4,21,19,2
Meilin Road,Zhicheng Road,16749.0816,100098,100187,19,4,15,11,4
Taichang Road,Liuyuan,16747.96031,100128,100091,348,95,253,137,116
Liuyuan,Taichang Road,16747.96031,100091,100128,341,102,239,137,102
Xuzhuangzi,Jiefang South Road,16746.39904,100168,100068,36,6,30,17,13
Jiefang South Road,Xuzhuangzi,16746.39904,100068,100168,33,10,23,15,8
Longhan Road,Honghu Li,16744.38694,100092,100055,16,8,8,7,1
Honghu Li,Longhan Road,16744.38694,100055,100092,13,4,9,7,2
Liaohe North Road,Number Two Bridge,16743.20031,100084,100110,27,4,23,21,2
Number Two Bridge,Liaohe North Road,16743.20031,100110,100084,24,1,23,18,5
Shuanggang,Yuanyang International Centre,16742.23198,100118,100179,31,7,24,14,10
Yuanyang International Centre,Shuanggang,16742.23198,100179,100118,27,6,21,13,8
Donggu Road,Nanzhu Bridge,16737.67151,100026,100104,174,32,142,110,32
Nanzhu Bridge,Donggu Road,16737.67151,100104,100026,173,35,138,107,31
Huashan Li,JinZhong Street,16737.09363,100060,100080,63,16,47,37,10
JinZhong Street,Huashan Li,16737.09363,100080,100060,62,12,50,35,15
Xiaodong Zhuang,Shiyijing Road,16736.50646,100156,100117,662,129,533,406,127
Shiyijing Road,Xiaodong Zhuang,16736.50646,100117,100156,605,111,494,306,188
Dongli Development Zone,Haiguang Temple,16733.54465,100030,100048,292,51,241,194,47
Haiguang Temple,Dongli Development Zone,16733.54465,100048,100030,275,35,240,159,81
Dengzhou South Road,Jiefang South Road,16733.52908,100025,100068,28,10,18,14,4
Jiefang South Road,Dengzhou South Road,16733.52908,100068,100025,19,3,16,12,4
Gaozhuangzi,Chinese Medicine First Affiliated Hospital,16729.26312,100043,100016,47,5,42,31,11
Chinese Medicine First Affiliated Hospital,Gaozhuangzi,16729.26312,100016,100043,45,11,34,7,27
Wandong Road,Ruijing XinYuan,16726.20797,100144,100114,36,11,25,14,11
Ruijing XinYuan,Wandong Road,16726.20797,100114,100144,29,10,19,4,15
Hangshuang Road,Tiedong Road,16724.56495,100051,100139,14,2,12,10,2
Tiedong Road,Hangshuang Road,16724.56495,100139,100051,12,3,9,9,0
Jiefang South Road,Yangwu Zhuang,16721.46459,100068,100169,97,20,77,48,29
Yangwu Zhuang,Jiefang South Road,16721.46459,100169,100068,96,20,76,50,26
Cuifu New Village,Shuanggang,16719.34211,100019,100118,11,3,8,1,7
Shuanggang,Cuifu New Village,16719.34211,100118,100019,5,2,3,2,1
Dongli Yijing Road,Heping Road,16717.7651,100033,100053,6,0,6,3,3
Heping Road,Dongli Yijing Road,16717.7651,100053,100033,2,0,2,0,2
Liuwei Road,Shuanggang,16715.65083,100090,100118,2,1,1,1,0
Shuanggang,Liuwei Road,16715.65083,100118,100090,1,1,0,0,0
West Station,North Beichen Tech Park,16715.12049,100149,100106,149,41,108,40,68
North Beichen Tech Park,West Station,16715.12049,100106,100149,127,40,87,47,40
Professional University,Yizhongxin Hospital,16715.02367,100112,100177,59,12,47,34,13
Yizhongxin Hospital,Professional University,16715.02367,100177,100112,51,7,44,25,19
Haihe East Road,JinZhong Street,16712.99705,100049,100080,1,0,1,1,0
JinZhong Street,Haihe East Road,16712.99705,100080,100049,1,0,1,0,1
Dabi Zhuang,Fuxing Gate,16711.51926,100021,100041,47,23,24,16,8
Fuxing Gate,Dabi Zhuang,16711.51926,100041,100021,36,11,25,10,15
Nanhe Zhuang,Tian Tower,16709.34554,100101,100133,75,21,54,31,23
Tian Tower,Nanhe Zhuang,16709.34554,100133,100101,73,27,46,24,22
Zuojiang Road,Dabi Zhuang,16707.07339,100192,100021,23,8,15,5,10
Dabi Zhuang,Zuojiang Road,16707.07339,100021,100192,18,7,11,9,2
Jiayuan Li,Zuojiang Road,16705.89161,100067,100192,55,12,43,32,11
Zuojiang Road,Jiayuan Li,16705.89161,100192,100067,39,8,31,16,15
Bianxing,Wanshan Road,16703.83892,100009,100146,1,0,1,1,0
Hongni River East,Liqi Zhuang South,16703.43357,100056,100088,2,0,2,2,0
Leyuan Road,Fengchan River,16702.48426,100083,100039,8,6,2,2,0
Fengchan River,Leyuan Road,16702.48426,100039,100083,2,0,2,0,2
Lushui Road,Shaliu South Road,16702.34367,100093,100116,5,2,3,2,1
Shaliu South Road,Lushui Road,16702.34367,100116,100093,1,0,1,1,0
Dengzhou South Road,Huayuan,16702.22701,100025,100061,125,15,110,96,14
Huayuan,Dengzhou South Road,16702.22701,100061,100025,118,10,108,71,37
Zhicheng Road,Jiefang South Road,16701.03243,100187,100068,93,27,66,44,22
Jiefang South Road,Zhicheng Road,16701.03243,100068,100187,70,17,53,35,18
Lingbin Road,JinZhong Street,16699.73759,100087,100080,76,15,61,42,19
JinZhong Street,Lingbin Road,16699.73759,100080,100087,74,12,62,47,15
Fangshan Road,Meilin Road,16699.7276,100038,100098,2,2,0,0,0
Meilin Road,Fangshan Road,16699.7276,100098,100038,1,0,1,0,1
Zhangxing Zhuang,High-Tech Zone,16698.24025,100185,100054,181,32,149,131,18
High-Tech Zone,Zhangxing Zhuang,16698.24025,100054,100185,112,23,89,75,14
Liaohe North Road,Zuojiang Road,16697.44246,100084,100192,17,2,15,11,4
Zuojiang Road,Liaohe North Road,16697.44246,100192,100084,13,1,12,10,2
Jintang Road,Liuyuan,16697.22839,100077,100091,369,91,278,185,93
Liuyuan,Jintang Road,16697.22839,100091,100077,346,74,272,166,106
Siyuan Road,Shuanglin,16694.54279,100121,100119,14,3,11,3,8
Shuanglin,Siyuan Road,16694.54279,100119,100121,8,0,8,5,3
University of Civil Aviation,Northwest Corner,16691.04733,100142,100109,166,67,99,63,36
Northwest Corner,University of Civil Aviation,16691.04733,100109,100142,145,64,81,22,59
Haihe Education Zone,Sports Centre,16690.65321,100050,100126,13,5,8,3,5
Sports Centre,Haihe Education Zone,16690.65321,100126,100050,8,1,7,2,5
Jingli Road,Chenglin Road,16688.73745,100073,100014,67,13,54,37,17
Chenglin Road,Jingli Road,16688.73745,100014,100073,63,9,54,33,21
Xuefu Industrial Area,Beining Park,16687.0583,100163,100006,87,4,83,69,14
Beining Park,Xuefu Industrial Area,16687.0583,100006,100163,70,6,64,62,2
Bianxing,Fangshan Road,16684.13409,100009,100038,17,2,15,6,9
Fangshan Road,Bianxing,16684.13409,100038,100009,13,3,10,8,2
Yixingbu North,Hangshuang Road,16684.026,100176,100051,31,6,25,24,1
Hangshuang Road,Yixingbu North,16684.026,100051,100176,29,3,26,22,4
Xunhai Road,Airport Economic Zone,16681.2336,100166,100001,34,8,26,18,8
Airport Economic Zone,Xunhai Road,16681.2336,100001,100166,7,1,6,4,2
Huashan Li,Tianshili,16679.79454,100060,100136,50,8,42,32,10
Tianshili,Huashan Li,16679.79454,100136,100060,41,12,29,21,8
Yangwu Zhuang,Xinkai River,16679.23077,100169,100160,10,1,9,8,1
Xinkai River,Yangwu Zhuang,16679.23077,100160,100169,1,1,0,0,0
Xingfu Park,Shuanggang,16678.76472,100159,100118,46,11,35,25,10
Shuanggang,Xingfu Park,16678.76472,100118,100159,44,8,36,28,8
Binhai International Airport,Zhaoyuan Road,16672.9946,100010,100186,17,4,13,8,5
Zhaoyuan Road,Binhai International Airport,16672.9946,100186,100010,11,4,7,3,4
Hangshuang Road,Water Park Road East,16672.39515,100051,100147,6,1,5,3,2
Water Park Road East,Hangshuang Road,16672.39515,100147,100051,2,0,2,1,1
Xiawafang,Xiaodong Zhuang,16670.97883,100157,100156,267,55,212,145,67
Xiaodong Zhuang,Xiawafang,16670.97883,100156,100157,250,58,192,146,46
University town,Yixingbu,16670.16649,100143,100175,247,70,177,101,76
Yixingbu,University town,16670.16649,100175,100143,234,92,142,78,64
Lilou,Zhou and Deng Memorial Museum,16668.36674,100086,100191,94,29,65,44,21
Zhou and Deng Memorial Museum,Lilou,16668.36674,100191,100086,86,20,66,46,20
Jieyuan West Road,Professional University,16666.97464,100069,100112,57,17,40,15,25
Professional University,Jieyuan West Road,16666.97464,100112,100069,49,17,32,16,16
Xiaodian,Dongxing Road,16664.78997,100155,100035,29,2,27,20,7
Dongxing Road,Xiaodian,16664.78997,100035,100155,23,4,19,12,7
Yingfeng Road,Huaihe Road,16664.78829,100173,100058,32,6,26,20,6
Huaihe Road,Yingfeng Road,16664.78829,100058,100173,31,7,24,18,6
Southwest corner,Shuanggang,16664.08051,100124,100118,38,11,27,10,17
Shuanggang,Southwest corner,16664.08051,100118,100124,25,9,16,7,9
Liqi Zhuang South,Jingli Road,16662.74171,100088,100073,3,1,2,2,0
Jingli Road,Liqi Zhuang South,16662.74171,100073,100088,1,1,0,0,0
Dongli Sanjing Road,Southwest Tower,16662.29148,100032,100125,7,2,5,5,0
Southwest Tower,Dongli Sanjing Road,16662.29148,100125,100032,3,0,3,1,2
Xinkai River,Shuanggang,16662.08196,100160,100118,20,7,13,11,2
Shuanggang,Xinkai River,16662.08196,100118,100160,18,4,14,8,6
Wujiayao,Xiaodian,16657.0694,100150,100155,186,16,170,143,27
Xiaodian,Wujiayao,16657.0694,100155,100150,178,20,158,132,26
Xinxing Village,Minquan Gate,16653.4079,100162,100099,1,0,1,0,1
Youyi South Road,JinZhong River Street,16652.67324,100178,100079,6,1,5,2,3
JinZhong River Street,Youyi South Road,16652.67324,100079,100178,1,0,1,1,0
Xiaodian,Anshan West Road,16651.36925,100155,100003,85,15,70,53,17
Anshan West Road,Xiaodian,16651.36925,100003,100155,83,9,74,45,29
Haiguang Temple,Hongni River East,16650.27378,100048,100056,389,49,340,225,115
Hongni River East,Haiguang Temple,16650.27378,100056,100048,384,58,326,270,56
Jinghe Road,Haiguang Temple,16649.62756,100071,100048,42,4,38,28,10
Haiguang Temple,Jinghe Road,16649.62756,100048,100071,39,8,31,22,9
Hehui South Road,Jianshan Road,16649.36109,100052,100066,159,32,127,104,23
Jianshan Road,Hehui South Road,16649.36109,100066,100052,143,22,121,75,46
Meijiang Park,Guoshan Road,16646.84899,100096,100047,2,0,2,1,1
Zhanggui Zhuang,Liqi Zhuang South,16646.60994,100184,100088,8,1,7,3,4
Liqi Zhuang South,Zhanggui Zhuang,16646.60994,100088,100184,5,1,4,0,4
Cuifu New Village,Liuyuan,16646.45549,100019,100091,236,54,182,137,45
Liuyuan,Cuifu New Village,16646.45549,100091,100019,200,55,145,81,64
Hongni River East,Jinwan Square,16644.59175,100056,100078,126,18,108,84,24
Jinwan Square,Hongni River East,16644.59175,100078,100056,115,24,91,55,36
Dabi Zhuang,Hongqi South Road,16644.51665,100021,100057,117,21,96,77,19
Hongqi South Road,Dabi Zhuang,16644.51665,100057,100021,112,24,88,52,36
Xinli,Northwest Corner,16643.59872,100161,100109,227,39,188,148,40
Northwest Corner,Xinli,16643.59872,100109,100161,226,49,177,115,62
Yihao Bridge,Shuanggang,16643.03902,100172,100118,4,0,4,2,2
Shuanggang,Yihao Bridge,16643.03902,100118,100172,4,0,4,2,2
Xinli,Meijiang Park,16641.88118,100161,100096,7,5,2,1,1
Meijiang Park,Xinli,16641.88118,100096,100161,7,3,4,2,2
Bei Zhulin,Chunhai Road,16640.16756,100004,100017,1,1,0,0,0
Wujiayao,Dongjiang Road,16639.91355,100150,100028,2,2,0,0,0
Liqi Zhuang South,Xunhai Road,16639.10265,100088,100166,1,1,0,0,0
Xunhai Road,Liqi Zhuang South,16639.10265,100166,100088,1,1,0,0,0
South Station,Yuanyang International Centre,16638.01122,100122,100179,596,135,461,254,207
Yuanyang International Centre,South Station,16638.01122,100179,100122,531,167,364,198,166
Yibin Road,Jinghe Road,16637.60036,100171,100071,70,13,57,36,21
Jinghe Road,Yibin Road,16637.60036,100071,100171,61,9,52,39,13
Chunhai Road,Minquan Gate,16637.05177,100017,100099,8,2,6,4,2
Minquan Gate,Chunhai Road,16637.05177,100099,100017,8,2,6,5,1
Xikang Road,Binhai International Airport,16636.49167,100158,100010,472,146,326,141,185
Binhai International Airport,Xikang Road,16636.49167,100010,100158,449,145,304,100,204
Shuanggang,Wandong Road,16636.46407,100118,100144,10,2,8,2,6
Wandong Road,Shuanggang,16636.46407,100144,100118,4,2,2,0,2
Jiayuan Li,Zhongshan Gate,16633.28189,100067,100189,132,27,105,64,41
Zhongshan Gate,Jiayuan Li,16633.28189,100189,100067,122,20,102,49,53
Jinwan Square,Jinghe Road,16631.63014,100078,100071,31,11,20,6,14
Jinghe Road,Jinwan Square,16631.63014,100071,100078,25,8,17,12,5
Nanlou,Beichen Road,16630.23952,100102,100005,81,14,67,46,21
Beichen Road,Nanlou,16630.23952,100005,100102,79,17,62,52,10
Qinjian Road,Number Two Bridge,16629.80651,100113,100110,90,15,75,49,26
Number Two Bridge,Qinjian Road,16629.80651,100110,100113,81,14,67,51,16
Tiantuo,Dengzhou South Road,16629.25501,100138,100025,87,13,74,49,25
Dengzhou South Road,Tiantuo,16629.25501,100025,100138,86,9,77,59,18
Changling Road,Xinli,16628.93999,100013,100161,48,8,40,20,20
Xinli,Changling Road,16628.93999,100161,100013,38,9,29,15,14
Yangwu Zhuang,Shiyijing Road,16626.0936,100169,100117,134,15,119,101,18
Shiyijing Road,Yangwu Zhuang,16626.0936,100117,100169,115,15,100,59,41
Yutai,South Station,16625.97173,100183,100122,20,5,15,6,9
South Station,Yutai,16625.97173,100122,100183,17,3,14,7,7
Xueyuan North Road,Guangkaisima Road,16622.13485,100165,100044,5,1,4,4,0
Guangkaisima Road,Xueyuan North Road,16622.13485,100044,100165,2,0,2,0,2
Zhicheng Road,University town,16619.77641,100187,100143,70,20,50,27,23
University town,Zhicheng Road,16619.77641,100143,100187,62,16,46,30,16
University town,Yueya River,16617.45315,100143,100182,181,54,127,90,37
Yueya River,University town,16617.45315,100182,100143,171,64,107,77,30
Hongni River East,Tumour Hospital,16613.1795,100056,100141,74,6,68,46,22
Tumour Hospital,Hongni River East,16613.1795,100141,100056,73,7,66,27,39
Dongli Yijing Road,Xinxing Village,16613.10148,100033,100162,1,0,1,0,1
Jiefang South Road,Laoshan Road,16612.13737,100068,100082,10,5,5,3,2
Laoshan Road,Jiefang South Road,16612.13737,100082,100068,3,2,1,0,1
Dongli Sanjing Road,Yaohuan Road,16611.97403,100032,100170,13,0,13,10,3
Yaohuan Road,Dongli Sanjing Road,16611.97403,100170,100032,10,0,10,9,1
Magangchang,North Station,16611.61618,100094,100108,19,4,15,12,3
North Station,Magangchang,16611.61618,100108,100094,13,4,9,3,6
Liulin Road,Honghu Li,16610.78086,100089,100055,141,47,94,53,41
Honghu Li,Liulin Road,16610.78086,100055,100089,123,38,85,30,55
Anshan Road,Xinxing Village,16606.90649,100002,100162,8,1,7,3,4
Xinxing Village,Anshan Road,16606.90649,100162,100002,7,1,6,4,2
Dongli Sanjing Road,Xiaobailou,16605.76766,100032,100154,13,1,12,4,8
Xiaobailou,Dongli Sanjing Road,16605.76766,100154,100032,11,3,8,6,2
Jiefang South Road,Bianxing,16604.63951,100068,100009,126,36,90,54,36
Bianxing,Jiefang South Road,16604.63951,100009,100068,122,30,92,55,37
Nanzhu Bridge,Xinkai River,16602.11919,100104,100160,1,0,1,0,1
Yihao Bridge,Bianxing,16601.92749,100172,100009,69,7,62,31,31
Bianxing,Yihao Bridge,16601.92749,100009,100172,58,4,54,35,19
Dawang Zhuang,Jingli Road,16601.24554,100023,100073,19,2,17,10,7
Jingli Road,Dawang Zhuang,16601.24554,100073,100023,12,2,10,9,1
Nanlou,Guorui Road,16600.01036,100102,100046,75,12,63,43,20
Guorui Road,Nanlou,16600.01036,100046,100102,61,14,47,22,25
Dongli Culture and Sports Centre,Zhongshan Gate,16596.94876,100029,100189,1,0,1,0,1
Dengzhou South Road,Qinjian Road,16596.61723,100025,100113,65,11,54,47,7
Qinjian Road,Dengzhou South Road,16596.61723,100113,100025,60,11,49,28,21
People's Hospital,Weishan Road,16595.98319,100111,100148,1,0,1,1,0
Weishan Road,People's Hospital,16595.98319,100148,100111,1,0,1,0,1
People's Hospital,Shuanglin,16593.67193,100111,100119,66,13,53,21,32
Shuanglin,People's Hospital,16593.67193,100119,100111,65,12,53,34,19
Tucheng,Xinxing Village,16592.94685,100140,100162,3,0,3,3,0
Xinxing Village,Tucheng,16592.94685,100162,100140,1,0,1,0,1
Huashan Li,Bianxing,16591.82277,100060,100009,82,20,62,33,29
Bianxing,Huashan Li,16591.82277,100009,100060,56,12,44,28,16
Nancuiping,Yuejin North Road,16584.71451,100100,100181,12,6,6,3,3
Yuejin North Road,Nancuiping,16584.71451,100181,100100,11,1,10,6,4
Tian Tower,Fengchan River,16584.16152,100133,100039,86,28,58,31,27
Fengchan River,Tian Tower,16584.16152,100039,100133,57,17,40,30,10
Huayuan,Liulin Road,16584.15765,100061,100089,50,13,37,17,20
Liulin Road,Huayuan,16584.15765,100089,100061,38,10,28,16,12
University of Civil Aviation,Zhangxing Zhuang,16583.87455,100142,100185,30,12,18,16,2
Zhangxing Zhuang,University of Civil Aviation,16583.87455,100185,100142,28,13,15,11,4
Cao Zhuang,Zhongshan Gate,16583.62244,100011,100189,481,128,353,215,138
Zhongshan Gate,Cao Zhuang,16583.62244,100189,100011,447,129,318,203,115
Xuefu Industrial Area,Cao Zhuang,16582.55616,100163,100011,30,11,19,11,8
Cao Zhuang,Xuefu Industrial Area,16582.55616,100011,100163,13,3,10,8,2
Lushui Road,High-Tech Zone,16582.29208,100093,100054,189,14,175,159,16
High-Tech Zone,Lushui Road,16582.29208,100054,100093,121,14,107,89,18
Dengzhou Road,Huayuan,16580.00644,100024,100061,451,39,412,351,61
Huayuan,Dengzhou Road,16580.00644,100061,100024,369,44,325,239,86
Guoshan Road,Nansun Zhuang,16580.00641,100047,100103,1,0,1,0,1
Danhebei Road,Taichang Road,16574.02241,100022,100128,18,7,11,5,6
Taichang Road,Danhebei Road,16574.02241,100128,100022,18,7,11,9,2
Binhai International Airport,The Financial University,16573.27709,100010,100132,359,111,248,74,174
The Financial University,Binhai International Airport,16573.27709,100132,100010,248,58,190,89,101
Ruijing XinYuan,Lingbin Road,16571.4038,100114,100087,79,22,57,41,16
Lingbin Road,Ruijing XinYuan,16571.4038,100087,100114,59,16,43,24,19
Xiangshan Road,Bianxing,16566.81053,100151,100009,36,8,28,13,15
Bianxing,Xiangshan Road,16566.81053,100009,100151,31,10,21,16,5
Xuzhuangzi,Meijiang Exhibition Centre,16564.16025,100168,100095,25,12,13,7,6
Meijiang Exhibition Centre,Xuzhuangzi,16564.16025,100095,100168,21,10,11,6,5
The Financial University,Qinjian Road,16563.93004,100132,100113,365,141,224,133,91
Qinjian Road,The Financial University,16563.93004,100113,100132,285,85,200,124,76
Tucheng,Liuyuan,16563.77877,100140,100091,1924,445,1479,810,669
Liuyuan,Tucheng,16563.77877,100091,100140,1913,447,1466,922,544
Jingjiang Road,Xuefu Industrial Area,16559.95511,100072,100163,208,13,195,182,13
Xuefu Industrial Area,Jingjiang Road,16559.95511,100163,100072,170,12,158,127,31
Jinmao Industrial Area,Jieyuan West Road,16559.49531,100074,100069,4,0,4,3,1
Jieyuan West Road,Jinmao Industrial Area,16559.49531,100069,100074,3,1,2,1,1
Yizhongxin Hospital,Haihe East Road,16559.3211,100177,100049,1,1,0,0,0
Haihe East Road,Yizhongxin Hospital,16559.3211,100049,100177,1,1,0,0,0
Guangkaisima Road,University of Civil Aviation,16558.1931,100044,100142,126,30,96,61,35
University of Civil Aviation,Guangkaisima Road,16558.1931,100142,100044,122,26,96,67,29
North China Group,Bianxing,16554.75049,100107,100009,73,16,57,31,26
Bianxing,North China Group,16554.75049,100009,100107,53,12,41,31,10
Huanyu Road,Tianshili,16552.71275,100059,100136,2,0,2,2,0
North China Group,Second hospital of the Medical University,16551.08449,100107,100115,88,22,66,49,17
Second hospital of the Medical University,North China Group,16551.08449,100115,100107,69,18,51,28,23
Longhan Road,Wangdingdi,16550.44278,100092,100145,1,0,1,0,1
Tumour Hospital,Xunhai Road,16548.84858,100141,100166,10,2,8,2,6
Xunhai Road,Tumour Hospital,16548.84858,100166,100141,10,2,8,5,3
Changling Road,University of Civil Aviation,16548.22625,100013,100142,37,10,27,17,10
University of Civil Aviation,Changling Road,16548.22625,100142,100013,31,9,22,15,7
Jingli Road,Zhou and Deng Memorial Museum,16547.1306,100073,100191,19,3,16,9,7
Zhou and Deng Memorial Museum,Jingli Road,16547.1306,100191,100073,18,8,10,7,3
Chentang Zhuang,Jingli Road,16545.87549,100015,100073,3,1,2,1,1
Jingli Road,Chentang Zhuang,16545.87549,100073,100015,2,1,1,0,1
Dongli Culture and Sports Centre,Jianguo Road,16545.82651,100029,100064,27,9,18,10,8
Jianguo Road,Dongli Culture and Sports Centre,16545.82651,100064,100029,14,5,9,5,4
Xianyang Road,Beichen Road,16544.34735,100153,100005,29,8,21,11,10
Beichen Road,Xianyang Road,16544.34735,100005,100153,28,8,20,13,7
North China Group,Tianjin Hotel,16542.46157,100107,100134,145,34,111,68,43
Tianjin Hotel,North China Group,16542.46157,100134,100107,118,32,86,62,24
Dongli Development Zone,Jin Street,16540.81044,100030,100070,100,23,77,52,25
Jin Street,Dongli Development Zone,16540.81044,100070,100030,95,16,79,36,43
West Station,Hangshuang Road,16538.91206,100149,100051,27,2,25,13,12
Hangshuang Road,West Station,16538.91206,100051,100149,22,3,19,12,7
Beichen Road,Southwest Tower,16537.70797,100005,100125,441,82,359,259,100
Southwest Tower,Beichen Road,16537.70797,100125,100005,399,78,321,197,124
Yutai,Jianchang Road,16537.52311,100183,100063,13,4,9,7,2
Jianchang Road,Yutai,16537.52311,100063,100183,11,4,7,5,2
Beichen Road,Laoshan Road,16534.18363,100005,100082,46,15,31,22,9
Laoshan Road,Beichen Road,16534.18363,100082,100005,35,9,26,19,7
Shuanggang,Jianguo Road,16533.9395,100118,100064,31,8,23,14,9
Jianguo Road,Shuanggang,16533.9395,100064,100118,30,20,10,7,3
Yibin Road,Liulin Road,16531.40605,100171,100089,40,13,27,17,10
Liulin Road,Yibin Road,16531.40605,100089,100171,35,9,26,7,19
Dengzhou Road,Yutai,16530.38821,100024,100183,9,3,6,4,2
Yutai,Dengzhou Road,16530.38821,100183,100024,3,0,3,3,0
Siyuan Road,Jiangwan Erzhi Road,16530.24359,100121,100065,2,1,1,1,0
Jiangwan Erzhi Road,Siyuan Road,16530.24359,100065,100121,2,0,2,0,2
Yudongcheng,Jiayuan Li,16528.58601,100180,100067,321,63,258,154,104
Jiayuan Li,Yudongcheng,16528.58601,100067,100180,233,56,177,137,40
Liuyuan,Tianjin Hotel,16524.55658,100091,100134,324,77,247,172,75
Tianjin Hotel,Liuyuan,16524.55658,100134,100091,312,66,246,167,79
Nanhe Zhuang,Chentang Zhuang,16522.98645,100101,100015,29,5,24,12,12
Chentang Zhuang,Nanhe Zhuang,16522.98645,100015,100101,25,11,14,10,4
Nanzhu Bridge,Jinshi Bridge,16522.92584,100104,100076,27,10,17,9,8
Jinshi Bridge,Nanzhu Bridge,16522.92584,100076,100104,24,6,18,10,8
Beichen Road,Haiguang Temple,16522.49765,100005,100048,272,39,233,190,43
Haiguang Temple,Beichen Road,16522.49765,100048,100005,260,31,229,157,72
Binhai International Airport,Anshan Road,16521.72333,100010,100002,216,57,159,68,91
Anshan Road,Binhai International Airport,16521.72333,100002,100010,213,61,152,78,74
Laoshan Road,Xiaodian,16518.80075,100082,100155,14,1,13,12,1
Xiaodian,Laoshan Road,16518.80075,100155,100082,13,2,11,9,2
Northwest Corner,Nanzhu Bridge,16517.57885,100109,100104,48,12,36,20,16
Nanzhu Bridge,Northwest Corner,16517.57885,100104,100109,46,10,36,25,11
Wandong Road,High-Tech Zone,16516.86386,100144,100054,69,12,57,46,11
High-Tech Zone,Wandong Road,16516.86386,100054,100144,56,8,48,36,12
Dongting Road,Xuefu Industrial Area,16515.11198,100034,100163,30,3,27,26,1
Xuefu Industrial Area,Dongting Road,16515.11198,100163,100034,26,2,24,22,2
Zhanggui Zhuang,Yixingbu,16513.33908,100184,100175,47,15,32,17,15
Yixingbu,Zhanggui Zhuang,16513.33908,100175,100184,41,10,31,21,10
Xinli,Guangkaisima Road,16509.41226,100161,100044,153,24,129,92,37
Guangkaisima Road,Xinli,16509.41226,100044,100161,150,26,124,86,38
Magangchang,Zhanggui Zhuang,16507.25586,100094,100184,1,1,0,0,0
Zhou and Deng Memorial Museum,Hangshuang Road,16505.06579,100191,100051,4,0,4,3,1
Hangshuang Road,Zhou and Deng Memorial Museum,16505.06579,100051,100191,4,1,3,2,1
Xianyang Road,Liulin Road,16504.24574,100153,100089,77,15,62,28,34
Liulin Road,Xianyang Road,16504.24574,100089,100153,72,16,56,18,38
Hongni River East,Dongli Liujing Road,16503.40856,100056,100031,1,0,1,0,1
Xuzhou Road,Shuanggang,16501.84277,100167,100118,4,4,0,0,0
Shuanggang,Xuzhou Road,16501.84277,100118,100167,1,0,1,1,0
Danhebei Road,Gulou,16499.96924,100022,100045,22,6,16,8,8
Gulou,Danhebei Road,16499.96924,100045,100022,14,3,11,3,8
South Station,Meijiang Exhibition Centre,16497.69395,100122,100095,306,116,190,101,89
Meijiang Exhibition Centre,South Station,16497.69395,100095,100122,238,111,127,77,50
Shuanggang,Huashan Li,16496.81526,100118,100060,2,0,2,0,2
Huashan Li,Shuanggang,16496.81526,100060,100118,1,0,1,0,1
Danhebei Road,Jintang Road,16493.80804,100022,100077,36,15,21,8,13
Jintang Road,Danhebei Road,16493.80804,100077,100022,35,11,24,18,6
Xuzhou Road,Dongli Development Zone,16491.82623,100167,100030,15,3,12,6,6
Dongli Development Zone,Xuzhou Road,16491.82623,100030,100167,10,3,7,5,2
Jingli Road,Yutai,16491.62505,100073,100183,1,0,1,0,1
Yaohuan Road,Gaozhuangzi,16490.57068,100170,100043,55,16,39,21,18
Gaozhuangzi,Yaohuan Road,16490.57068,100043,100170,44,8,36,25,11
Shunchi Bridge,Yangwu Zhuang,16490.18003,100120,100169,77,23,54,39,15
Yangwu Zhuang,Shunchi Bridge,16490.18003,100169,100120,69,19,50,39,11
Shunchi Bridge,Shuanggang,16489.13695,100120,100118,19,3,16,9,7
Shuanggang,Shunchi Bridge,16489.13695,100118,100120,18,5,13,7,6
Weishan Road,Xinkai River,16487.10924,100148,100160,1,0,1,1,0
Xinkai River,Weishan Road,16487.10924,100160,100148,1,0,1,0,1
Jieyuan West Road,Guoshan Road,16483.37816,100069,100047,87,22,65,52,13
Guoshan Road,Jieyuan West Road,16483.37816,100047,100069,70,19,51,34,17
Huaihe Road,Water Park Road East,16481.68447,100058,100147,67,24,43,40,3
Water Park Road East,Huaihe Road,16481.68447,100147,100058,60,24,36,17,19
Dongli Sanjing Road,Shunchi Bridge,16476.66567,100032,100120,31,2,29,20,9
Shunchi Bridge,Dongli Sanjing Road,16476.66567,100120,100032,30,2,28,18,10
Xinkai River,Shuanglin,16474.54084,100160,100119,21,13,8,5,3
Shuanglin,Xinkai River,16474.54084,100119,100160,20,8,12,11,1
Haihe East Road,Yixingbu,16473.9883,100049,100175,1,0,1,0,1
Southwest corner,Binhai International Airport,16472.82818,100124,100010,977,274,703,287,416
Binhai International Airport,Southwest corner,16472.82818,100010,100124,885,311,574,187,387
North China Group,Hongqi South Road,16470.81466,100107,100057,476,174,302,166,136
Hongqi South Road,North China Group,16470.81466,100057,100107,387,111,276,144,132
Lilou,Number Two Bridge,16468.02272,100086,100110,6,2,4,3,1
Number Two Bridge,Lilou,16468.02272,100110,100086,3,1,2,0,2
The Financial University,Xuzhuangzi,16467.26225,100132,100168,22,4,18,16,2
Xuzhuangzi,The Financial University,16467.26225,100168,100132,21,4,17,14,3
Nansun Zhuang,Changhong Park,16463.48632,100103,100012,8,3,5,2,3
Changhong Park,Nansun Zhuang,16463.48632,100012,100103,6,1,5,1,4
West Station,Airport Economic Zone,16461.99053,100149,100001,2709,985,1724,463,1261
Airport Economic Zone,West Station,16461.99053,100001,100149,1907,536,1371,598,773
Gaozhuangzi,Taichang Road,16461.64038,100043,100128,130,41,89,63,26
Taichang Road,Gaozhuangzi,16461.64038,100128,100043,123,42,81,49,32
Magangchang,People's Hospital,16460.9371,100094,100111,18,7,11,10,1
People's Hospital,Magangchang,16460.9371,100111,100094,15,2,13,10,3
Dabi Zhuang,Water Park Road East,16460.72542,100021,100147,111,49,62,29,33
Water Park Road East,Dabi Zhuang,16460.72542,100147,100021,72,32,40,10,30
Tian Tower,Airport Economic Zone,16459.64599,100133,100001,492,170,322,191,131
Airport Economic Zone,Tian Tower,16459.64599,100001,100133,441,130,311,194,117
Nanzhu Bridge,Xuefu Industrial Area,16458.86732,100104,100163,2,0,2,0,2
Xuefu Industrial Area,Nanzhu Bridge,16458.86732,100163,100104,1,0,1,1,0
Zhongshan Gate,Xinxing Village,16454.68095,100189,100162,1,1,0,0,0
Xinxing Village,Zhongshan Gate,16454.68095,100162,100189,1,0,1,0,1
Number Two Bridge,Jieyuan West Road,16453.70128,100110,100069,129,24,105,70,35
Jieyuan West Road,Number Two Bridge,16453.70128,100069,100110,125,22,103,67,36
Xunhai Road,Jinwan Square,16452.48019,100166,100078,6,3,3,1,2
Jinwan Square,Xunhai Road,16452.48019,100078,100166,4,2,2,0,2
Leyuan Road,Professional University,16451.71764,100083,100112,21,5,16,6,10
Professional University,Leyuan Road,16451.71764,100112,100083,7,4,3,1,2
Huanyu Road,Yixingbu North,16451.36036,100059,100176,2,0,2,2,0
Yixingbu North,Huanyu Road,16451.36036,100176,100059,1,0,1,0,1
Nanzhu Bridge,Gulou,16451.21003,100104,100045,27,10,17,10,7
Gulou,Nanzhu Bridge,16451.21003,100045,100104,23,8,15,4,11
Lilou,Guangkaisima Road,16446.7811,100086,100044,194,19,175,145,30
Guangkaisima Road,Lilou,16446.7811,100044,100086,182,21,161,110,51
Nanzhu Bridge,North Station,16445.15128,100104,100108,5,2,3,3,0
North Station,Nanzhu Bridge,16445.15128,100108,100104,1,0,1,1,0
Zhangxing Zhuang,Meijiang Exhibition Centre,16443.8391,100185,100095,79,28,51,38,13
Meijiang Exhibition Centre,Zhangxing Zhuang,16443.8391,100095,100185,63,25,38,22,16
Shaliu South Road,Professional University,16440.92366,100116,100112,32,11,21,12,9
Professional University,Shaliu South Road,16440.92366,100112,100116,32,8,24,16,8
Yixingbu North,Huashan Li,16440.70496,100176,100060,180,46,134,83,51
Huashan Li,Yixingbu North,16440.70496,100060,100176,149,43,106,78,28
Fengchan River,Tiantuo,16439.31004,100039,100138,27,3,24,22,2
Tiantuo,Fengchan River,16439.31004,100138,100039,20,1,19,14,5
Second hospital of the Medical University,University of Civil Aviation,16433.10271,100115,100142,22,4,18,8,10
University of Civil Aviation,Second hospital of the Medical University,16433.10271,100142,100115,20,3,17,12,5
South Station,Jianguo Road,16429.71875,100122,100064,408,144,264,153,111
Jianguo Road,South Station,16429.71875,100064,100122,320,142,178,104,74
Dongli Liujing Road,Dengzhou Road,16426.62593,100031,100024,7,1,6,3,3
Dengzhou Road,Dongli Liujing Road,16426.62593,100024,100031,2,0,2,1,1
Zhou and Deng Memorial Museum,Haihe East Road,16424.89505,100191,100049,1,0,1,1,0
Haihe East Road,Zhou and Deng Memorial Museum,16424.89505,100049,100191,1,0,1,1,0
Xinli,Lingbin Road,16424.69372,100161,100087,62,15,47,35,12
Lingbin Road,Xinli,16424.69372,100087,100161,53,20,33,22,11
Nanzhu Bridge,Tiantai Road,16424.13118,100104,100137,9,1,8,5,3
Tiantai Road,Nanzhu Bridge,16424.13118,100137,100104,3,0,3,0,3
Dongli Culture and Sports Centre,Water Park Road East,16423.61742,100029,100147,5,0,5,0,5
Water Park Road East,Dongli Culture and Sports Centre,16423.61742,100147,100029,2,1,1,0,1
Zhongshan Road,Xueyuan North Road,16420.92871,100190,100165,1,1,0,0,0
Yuejin North Road,Liqi Zhuang South,16416.69782,100181,100088,4,0,4,4,0
Liqi Zhuang South,Yuejin North Road,16416.69782,100088,100181,2,0,2,2,0
Shuanglin,Minquan Gate,16413.69181,100119,100099,24,7,17,6,11
Minquan Gate,Shuanglin,16413.69181,100099,100119,24,9,15,7,8
Jintang Road,Xiaodong Zhuang,16411.38296,100077,100156,34,8,26,15,11
Xiaodong Zhuang,Jintang Road,16411.38296,100156,100077,33,3,30,20,10
Laoshan Road,Benxi Road,16410.84024,100082,100008,36,13,23,6,17
Benxi Road,Laoshan Road,16410.84024,100008,100082,32,19,13,3,10
Beichen Road,Dongxing Road,16410.17002,100005,100035,74,8,66,53,13
Dongxing Road,Beichen Road,16410.17002,100035,100005,73,10,63,47,16
Danhebei Road,People's Hospital,16407.48548,100022,100111,5,3,2,0,2
People's Hospital,Danhebei Road,16407.48548,100111,100022,5,4,1,0,1
Wangdingdi,Huaihe Road,16403.8786,100145,100058,67,10,57,52,5
Huaihe Road,Wangdingdi,16403.8786,100058,100145,66,10,56,42,14
Xiaobailou,Nansun Zhuang,16403.00702,100154,100103,9,0,9,7,2
Nansun Zhuang,Xiaobailou,16403.00702,100103,100154,4,0,4,2,2
Shaliu South Road,Benxi Road,16402.96627,100116,100008,47,12,35,20,15
Benxi Road,Shaliu South Road,16402.96627,100008,100116,40,11,29,18,11
Sports Centre,Hongni River East,16402.27134,100126,100056,35,8,27,14,13
Hongni River East,Sports Centre,16402.27134,100056,100126,31,5,26,18,8
South Station,Northwest Corner,16402.2168,100122,100109,1322,484,838,478,360
Northwest Corner,South Station,16402.2168,100109,100122,1038,382,656,325,331
Yingkou Road,Gaozhuangzi,16399.31805,100174,100043,2398,1112,1286,577,709
Gaozhuangzi,Yingkou Road,16399.31805,100043,100174,2368,928,1440,709,731
Southwest corner,Zhaoyuan Road,16399.11454,100124,100186,8,2,6,1,5
Zhaoyuan Road,Southwest corner,16399.11454,100186,100124,3,1,2,2,0
Jinnan Campus of Nankai University,Cultural centre,16398.43457,100075,100020,172,85,87,52,35
Cultural centre,Jinnan Campus of Nankai University,16398.43457,100020,100075,172,80,92,33,59
Nanzhu Bridge,JinZhong River Street,16396.66808,100104,100079,19,0,19,14,5
JinZhong River Street,Nanzhu Bridge,16396.66808,100079,100104,17,2,15,14,1
Shuanggang,Southeast Corner,16392.78225,100118,100123,81,30,51,32,19
Southeast Corner,Shuanggang,16392.78225,100123,100118,74,24,50,24,26
Jiangwan Erzhi Road,South Station,16391.57754,100065,100122,36,19,17,10,7
South Station,Jiangwan Erzhi Road,16391.57754,100122,100065,16,8,8,4,4
Guoshan Road,Yaohuan Road,16390.56353,100047,100170,10,2,8,5,3
Yaohuan Road,Guoshan Road,16390.56353,100170,100047,8,3,5,0,5
Nansun Zhuang,Southwest Tower,16388.5601,100103,100125,8,4,4,2,2
Southwest Tower,Nansun Zhuang,16388.5601,100125,100103,3,0,3,0,3
Jieyuan West Road,Meilin Road,16387.98781,100069,100098,62,6,56,32,24
Meilin Road,Jieyuan West Road,16387.98781,100098,100069,56,5,51,40,11
Qinjian Road,Xuefu Industrial Area,16384.87517,100113,100163,181,7,174,162,12
Xuefu Industrial Area,Qinjian Road,16384.87517,100163,100113,148,8,140,111,29
High-Tech Zone,Xingfu Park,16378.36824,100054,100159,147,25,122,91,31
Xingfu Park,High-Tech Zone,16378.36824,100159,100054,137,22,115,91,24
Yibin Road,Zhanggui Zhuang,16378.31428,100171,100184,92,20,72,41,31
Zhanggui Zhuang,Yibin Road,16378.31428,100184,100171,78,13,65,46,19
Dabi Zhuang,Zhou and Deng Memorial Museum,16377.54948,100021,100191,33,15,18,11,7
Zhou and Deng Memorial Museum,Dabi Zhuang,16377.54948,100191,100021,26,10,16,5,11
Fuxing Road,Chunhai Road,16376.52684,100042,100017,3,0,3,0,3
Jianchang Road,Magangchang,16375.94135,100063,100094,11,4,7,5,2
Magangchang,Jianchang Road,16375.94135,100094,100063,7,1,6,4,2
JinZhong Street,Wangdingdi,16370.23663,100080,100145,19,6,13,12,1
Wangdingdi,JinZhong Street,16370.23663,100145,100080,18,6,12,6,6
Jiefang South Road,Siyuan Road,16368.43716,100068,100121,16,5,11,10,1
Siyuan Road,Jiefang South Road,16368.43716,100121,100068,12,4,8,4,4
Fengchan River,Xiangshan Road,16368.04105,100039,100151,10,1,9,9,0
Xiangshan Road,Fengchan River,16368.04105,100151,100039,5,0,5,3,2
Xuefu Industrial Area,Tiedong Road,16367.27659,100163,100139,222,13,209,157,52
Tiedong Road,Xuefu Industrial Area,16367.27659,100139,100163,206,16,190,179,11
Changling Road,Jiayuan Li,16366.86344,100013,100067,86,29,57,23,34
Jiayuan Li,Changling Road,16366.86344,100067,100013,79,22,57,31,26
North Station,Binhai International Airport,16365.6298,100108,100010,132,37,95,55,40
Binhai International Airport,North Station,16365.6298,100010,100108,131,35,96,38,58
Nancuiping,Lilou,16365.47835,100100,100086,49,9,40,37,3
Lilou,Nancuiping,16365.47835,100086,100100,45,8,37,28,9
South Station,Jinshi Bridge,16364.10317,100122,100076,1275,389,886,460,426
Jinshi Bridge,South Station,16364.10317,100076,100122,1156,416,740,438,302
Hongqi South Road,Xuelian South Road,16363.93914,100057,100164,3,0,3,1,2
Xuelian South Road,Hongqi South Road,16363.93914,100164,100057,1,0,1,1,0
Xuzhuangzi,Dongting Road,16355.88509,100168,100034,6,1,5,4,1
Dongting Road,Xuzhuangzi,16355.88509,100034,100168,1,0,1,1,0
Gaozhuangzi,Shiyijing Road,16355.48755,100043,100117,77,13,64,53,11
Shiyijing Road,Gaozhuangzi,16355.48755,100117,100043,69,10,59,41,18
Liulin Road,Zhangxing Zhuang,16351.90766,100089,100185,36,16,20,7,13
Zhangxing Zhuang,Liulin Road,16351.90766,100185,100089,18,7,11,3,8
West Station,Chunhai Road,16351.86532,100149,100017,65,14,51,12,39
Chunhai Road,West Station,16351.86532,100017,100149,44,7,37,25,12
Weishan Road,University town,16347.91105,100148,100143,6,3,3,2,1
University town,Weishan Road,16347.91105,100143,100148,2,1,1,0,1
Dengzhou South Road,Jieyuan West Road,16347.05852,100025,100069,60,8,52,37,15
Jieyuan West Road,Dengzhou South Road,16347.05852,100069,100025,58,10,48,35,13
Haihe Education Zone,Water Park Road East,16345.33446,100050,100147,87,38,49,23,26
Water Park Road East,Haihe Education Zone,16345.33446,100147,100050,71,36,35,24,11
Jinmao Industrial Area,Yizhongxin Hospital,16343.52571,100074,100177,19,0,19,19,0
Yizhongxin Hospital,Jinmao Industrial Area,16343.52571,100177,100074,15,0,15,13,2
Xunhai Road,Yingkou Road,16342.20757,100166,100174,86,41,45,13,32
Yingkou Road,Xunhai Road,16342.20757,100174,100166,53,22,31,15,16
Benxi Road,Meijiang Park,16341.94699,100008,100096,37,13,24,11,13
Meijiang Park,Benxi Road,16341.94699,100096,100008,22,5,17,10,7
Professional University,Tucheng,16341.13149,100112,100140,136,28,108,80,28
Tucheng,Professional University,16341.13149,100140,100112,117,28,89,58,31
Liaohe North Road,Cao Zhuang,16340.90889,100084,100011,66,17,49,34,15
Cao Zhuang,Liaohe North Road,16340.90889,100011,100084,55,7,48,27,21
Zhanggui Zhuang,Xianyang Road,16339.01483,100184,100153,238,51,187,121,66
Xianyang Road,Zhanggui Zhuang,16339.01483,100153,100184,233,53,180,107,73
Xunhai Road,Sports Centre,16337.94042,100166,100126,15,6,9,8,1
Sports Centre,Xunhai Road,16337.94042,100126,100166,8,4,4,4,0
Xiaodian,Xianyang Road,16337.33565,100155,100153,70,10,60,53,7
Xianyang Road,Xiaodian,16337.33565,100153,100155,55,10,45,34,11
Anshan West Road,Guoshan Road,16335.71007,100003,100047,93,13,80,53,27
Guoshan Road,Anshan West Road,16335.71007,100047,100003,87,14,73,57,16
Jianshan Road,Liuyuan,16335.20698,100066,100091,89,21,68,38,30
Liuyuan,Jianshan Road,16335.20698,100091,100066,87,13,74,50,24
Xuzhou Road,South Station,16335.11263,100167,100122,27,9,18,4,14
South Station,Xuzhou Road,16335.11263,100122,100167,20,0,20,13,7
Yudongcheng,Cao Zhuang,16333.50896,100180,100011,1467,306,1161,797,364
Cao Zhuang,Yudongcheng,16333.50896,100011,100180,1284,301,983,653,330
Jianchang Road,Shuanglin,16331.39919,100063,100119,31,9,22,14,8
Shuanglin,Jianchang Road,16331.39919,100119,100063,22,4,18,13,5
Zhanggui Zhuang,Yutai,16330.85001,100184,100183,9,3,6,3,3
Yutai,Zhanggui Zhuang,16330.85001,100183,100184,8,3,5,3,2
Jieyuan West Road,Nanzhu Bridge,16329.9684,100069,100104,8,1,7,2,5
Nanzhu Bridge,Jieyuan West Road,16329.9684,100104,100069,5,0,5,3,2
Changling Road,Yixingbu North,16329.9302,100013,100176,174,50,124,83,41
Yixingbu North,Changling Road,16329.9302,100176,100013,167,48,119,60,59
Beichen Road,Xiaobailou,16328.398,100005,100154,284,59,225,153,72
Xiaobailou,Beichen Road,16328.398,100154,100005,270,48,222,125,97
Xikang Road,Dongli Culture and Sports Centre,16325.06582,100158,100029,10,3,7,4,3
Dongli Culture and Sports Centre,Xikang Road,16325.06582,100029,100158,3,1,2,1,1
Zhongshan Road,University of Civil Aviation,16325.05358,100190,100142,37,19,18,9,9
University of Civil Aviation,Zhongshan Road,16325.05358,100142,100190,36,15,21,14,7
Nancuiping,Zhaoyuan Road,16324.05094,100100,100186,2,2,0,0,0
Zhaoyuan Road,Nancuiping,16324.05094,100186,100100,2,2,0,0,0
National Exhibition Centre,Xiawafang,16323.65188,100105,100157,28,7,21,16,5
Xiawafang,National Exhibition Centre,16323.65188,100157,100105,16,2,14,7,7
Xiangshan Road,Yizhongxin Hospital,16323.29418,100151,100177,54,20,34,22,12
Yizhongxin Hospital,Xiangshan Road,16323.29418,100177,100151,35,13,22,6,16
Tian Tower,Professional University,16322.12499,100133,100112,219,80,139,64,75
Professional University,Tian Tower,16322.12499,100112,100133,208,85,123,78,45
Yizhongxin Hospital,Longhan Road,16318.55967,100177,100092,4,1,3,1,2
Longhan Road,Yizhongxin Hospital,16318.55967,100092,100177,3,0,3,3,0
Fengchan River,Nansun Zhuang,16316.49559,100039,100103,2,0,2,0,2
Hongni River East,Zhongshan Gate,16315.63026,100056,100189,6,2,4,4,0
Zhongshan Gate,Hongni River East,16315.63026,100189,100056,4,3,1,1,0
Zhongshan Gate,High-Tech Zone,16315.60522,100189,100054,369,26,343,307,36
High-Tech Zone,Zhongshan Gate,16315.60522,100054,100189,356,43,313,253,60
Tiantuo,Xiangshan Road,16312.62522,100138,100151,65,13,52,29,23
Xiangshan Road,Tiantuo,16312.62522,100151,100138,53,10,43,27,16
Liaohe North Road,Airport Economic Zone,16312.17639,100084,100001,85,9,76,58,18
Airport Economic Zone,Liaohe North Road,16312.17639,100001,100084,75,13,62,45,17
Anshan West Road,Jinmao Industrial Area,16311.60731,100003,100074,8,0,8,8,0
Jinmao Industrial Area,Anshan West Road,16311.60731,100074,100003,3,0,3,3,0
Chinese Medicine First Affiliated Hospital,Zhangxing Zhuang,16311.58281,100016,100185,154,28,126,38,88
Zhangxing Zhuang,Chinese Medicine First Affiliated Hospital,16311.58281,100185,100016,154,31,123,61,62
Nanhe Zhuang,Tiantuo,16310.43514,100101,100138,70,12,58,43,15
Tiantuo,Nanhe Zhuang,16310.43514,100138,100101,68,7,61,32,29
Second hospital of the Medical University,Airport Economic Zone,16304.18142,100115,100001,129,14,115,96,19
Airport Economic Zone,Second hospital of the Medical University,16304.18142,100001,100115,127,11,116,70,46
Jianchang Road,Jiangwan Erzhi Road,16303.12892,100063,100065,16,4,12,10,2
Jiangwan Erzhi Road,Jianchang Road,16303.12892,100065,100063,16,3,13,9,4
Xueyuan North Road,Xuzhuangzi,16302.90041,100165,100168,2,0,2,0,2
Cuifu New Village,High-Tech Zone,16301.15518,100019,100054,200,19,181,170,11
High-Tech Zone,Cuifu New Village,16301.15518,100054,100019,148,15,133,117,16
Chinese Medicine First Affiliated Hospital,Hangshuang Road,16299.61327,100016,100051,13,0,13,10,3
Hangshuang Road,Chinese Medicine First Affiliated Hospital,16299.61327,100051,100016,11,0,11,7,4
Meilin Road,Zhanggui Zhuang,16298.10048,100098,100184,17,4,13,6,7
Zhanggui Zhuang,Meilin Road,16298.10048,100184,100098,16,3,13,12,1
Danhebei Road,Yingkou Road,16296.39302,100022,100174,52,17,35,12,23
Yingkou Road,Danhebei Road,16296.39302,100174,100022,52,13,39,27,12
Yueya River,Xunhai Road,16295.28117,100182,100166,6,1,5,5,0
Xunhai Road,Yueya River,16295.28117,100166,100182,6,3,3,2,1
Shuanglin,Wangdingdi,16292.15259,100119,100145,50,12,38,27,11
Wangdingdi,Shuanglin,16292.15259,100145,100119,31,9,22,12,10
Chinese Medicine First Affiliated Hospital,Benxi Road,16291.74819,100016,100008,204,52,152,68,84
Benxi Road,Chinese Medicine First Affiliated Hospital,16291.74819,100008,100016,181,40,141,95,46
Cao Zhuang,Meijiang Park,16287.03089,100011,100096,86,24,62,35,27
Meijiang Park,Cao Zhuang,16287.03089,100096,100011,65,18,47,23,24
Zhangxing Zhuang,Lijiang Road,16286.15088,100185,100085,6,1,5,5,0
Lijiang Road,Zhangxing Zhuang,16286.15088,100085,100185,5,1,4,1,3
North Station,Shuanggang,16282.28453,100108,100118,25,7,18,7,11
Shuanggang,North Station,16282.28453,100118,100108,22,4,18,11,7
Tian Tower,Xueyuan North Road,16280.98505,100133,100165,3,3,0,0,0
Xueyuan North Road,Tian Tower,16280.98505,100165,100133,2,2,0,0,0
Lijiang Road,Dongli Liujing Road,16279.28461,100085,100031,8,3,5,2,3
Dongli Liujing Road,Lijiang Road,16279.28461,100031,100085,5,3,2,2,0
Binhai International Airport,Zhangxing Zhuang,16278.86634,100010,100185,76,24,52,20,32
Zhangxing Zhuang,Binhai International Airport,16278.86634,100185,100010,74,15,59,33,26
Huanyu Road,West Station,16277.19137,100059,100149,11,7,4,2,2
West Station,Huanyu Road,16277.19137,100149,100059,10,1,9,3,6
Qinjian Road,Liqi Zhuang South,16277.03556,100113,100088,26,7,19,6,13
Liqi Zhuang South,Qinjian Road,16277.03556,100088,100113,11,3,8,2,6
Shuanggang,Changhong Park,16276.95876,100118,100012,97,28,69,45,24
Changhong Park,Shuanggang,16276.95876,100012,100118,93,33,60,30,30
Yuejin North Road,Meijiang Park,16275.66079,100181,100096,1,1,0,0,0
Huaihe Road,Ruijing XinYuan,16275.25398,100058,100114,17,7,10,5,5
Ruijing XinYuan,Huaihe Road,16275.25398,100114,100058,9,6,3,2,1
Meijiang Exhibition Centre,Dengzhou Road,16275.10201,100095,100024,63,18,45,26,19
Dengzhou Road,Meijiang Exhibition Centre,16275.10201,100024,100095,63,21,42,34,8
Yutai,Xunhai Road,16274.41378,100183,100166,3,1,2,0,2
Xunhai Road,Yutai,16274.41378,100166,100183,3,1,2,2,0
Jingli Road,Tiantuo,16272.7651,100073,100138,70,13,57,31,26
Tiantuo,Jingli Road,16272.7651,100138,100073,64,6,58,34,24
Hangshuang Road,Changhong Park,16272.20607,100051,100012,71,7,64,46,18
Changhong Park,Hangshuang Road,16272.20607,100012,100051,64,7,57,50,7
Tiedong Road,Liqi Zhuang South,16272.0947,100139,100088,6,1,5,0,5
Liqi Zhuang South,Tiedong Road,16272.0947,100088,100139,4,2,2,2,0
University town,Jiayuan Li,16271.84709,100143,100067,226,62,164,90,74
Jiayuan Li,University town,16271.84709,100067,100143,213,71,142,96,46
Nanhe Zhuang,Meijiang Road,16263.88064,100101,100097,13,3,10,5,5
Meijiang Road,Nanhe Zhuang,16263.88064,100097,100101,10,3,7,6,1
Tiantuo,Huanyu Road,16258.87365,100138,100059,1,0,1,1,0
Yixingbu,Meijiang Park,16258.84318,100175,100096,7,1,6,2,4
Meijiang Park,Yixingbu,16258.84318,100096,100175,6,1,5,3,2
Yangwu Zhuang,Tiantai Road,16258.2241,100169,100137,81,12,69,57,12
Tiantai Road,Yangwu Zhuang,16258.2241,100137,100169,69,12,57,42,15
Meijiang Park,Longhan Road,16257.00848,100096,100092,1,0,1,0,1
Longhan Road,Meijiang Park,16257.00848,100092,100096,1,0,1,0,1
Liuyuan,Huayuan,16255.86464,100091,100061,537,59,478,394,84
Huayuan,Liuyuan,16255.86464,100061,100091,535,50,485,335,150
Tiantai Road,Airport Economic Zone,16255.65955,100137,100001,205,44,161,132,29
Airport Economic Zone,Tiantai Road,16255.65955,100001,100137,164,30,134,98,36
Magangchang,Minquan Gate,16255.35256,100094,100099,5,1,4,4,0
Minquan Gate,Magangchang,16255.35256,100099,100094,3,1,2,2,0
Lijiang Road,Benxi Road,16250.27727,100085,100008,21,8,13,9,4
Benxi Road,Lijiang Road,16250.27727,100008,100085,16,6,10,9,1
Liulin Road,People's Hospital,16245.25133,100089,100111,204,7,197,143,54
People's Hospital,Liulin Road,16245.25133,100111,100089,181,10,171,104,67
Anshan West Road,Shuanglin,16244.91787,100003,100119,92,23,69,40,29
Shuanglin,Anshan West Road,16244.91787,100119,100003,63,17,46,28,18
Liqi Zhuang South,JinZhong River Street,16244.8407,100088,100079,17,2,15,11,4
JinZhong River Street,Liqi Zhuang South,16244.8407,100079,100088,12,2,10,6,4
Jin Street,Danhebei Road,16244.4804,100070,100022,17,8,9,6,3
Danhebei Road,Jin Street,16244.4804,100022,100070,14,4,10,10,0
Zhongshan Gate,Jinghe Road,16239.90579,100189,100071,19,6,13,4,9
Jinghe Road,Zhongshan Gate,16239.90579,100071,100189,19,6,13,9,4
Zuojiang Road,Tianshili,16239.78687,100192,100136,9,0,9,5,4
Tianshili,Zuojiang Road,16239.78687,100136,100192,7,0,7,4,3
North China Group,Fangshan Road,16236.91215,100107,100038,9,1,8,4,4
Fangshan Road,North China Group,16236.91215,100038,100107,3,0,3,1,2
Tiantai Road,Yuejin North Road,16236.30327,100137,100181,46,7,39,30,9
Yuejin North Road,Tiantai Road,16236.30327,100181,100137,38,7,31,26,5
Xuelian South Road,Donggu Road,16235.66344,100164,100026,21,2,19,17,2
Donggu Road,Xuelian South Road,16235.66344,100026,100164,19,5,14,8,6
Fuxing Gate,Liaohe North Road,16235.12195,100041,100084,52,12,40,26,14
Liaohe North Road,Fuxing Gate,16235.12195,100084,100041,48,9,39,22,17
Danhebei Road,Shiyijing Road,16230.60326,100022,100117,7,1,6,4,2
Shiyijing Road,Danhebei Road,16230.60326,100117,100022,3,1,2,2,0
Xuzhou Road,Dongli Sanjing Road,16228.23009,100167,100032,4,0,4,0,4
Dongli Sanjing Road,Xuzhou Road,16228.23009,100032,100167,3,2,1,0,1
Erwei Road,Zhaoyuan Road,16226.79223,100036,100186,12,5,7,6,1
Zhaoyuan Road,Erwei Road,16226.79223,100186,100036,9,4,5,0,5
Fuxing Road,Shuanglin,16226.47121,100042,100119,30,9,21,14,7
Shuanglin,Fuxing Road,16226.47121,100119,100042,28,12,16,12,4
Yuejin North Road,Gaozhuangzi,16226.21182,100181,100043,3,1,2,1,1
Gaozhuangzi,Yuejin North Road,16226.21182,100043,100181,3,1,2,2,0
South Station,Southeast Corner,16226.05212,100122,100123,792,307,485,274,211
Southeast Corner,South Station,16226.05212,100123,100122,779,334,445,232,213
Honghu Li,Yangwu Zhuang,16221.82551,100055,100169,93,31,62,44,18
Yangwu Zhuang,Honghu Li,16221.82551,100169,100055,87,29,58,45,13
South Station,Bei Zhulin,16219.1932,100122,100004,72,13,59,27,32
Bei Zhulin,South Station,16219.1932,100004,100122,45,23,22,11,11
Tiantai Road,Longhan Road,16217.65096,100137,100092,1,0,1,0,1
Longhan Road,Tiantai Road,16217.65096,100092,100137,1,1,0,0,0
Donggu Road,Longhan Road,16217.44387,100026,100092,280,52,228,167,61
Longhan Road,Donggu Road,16217.44387,100092,100026,269,55,214,156,58
Lilou,Meijiang Park,16214.19311,100086,100096,2,0,2,1,1
Meijiang Park,Lilou,16214.19311,100096,100086,1,1,0,0,0
Yutai,Hongni River East,16210.61327,100183,100056,16,5,11,5,6
Hongni River East,Yutai,16210.61327,100056,100183,16,3,13,9,4
Danhebei Road,Honghu Li,16210.49718,100022,100055,10,7,3,0,3
Honghu Li,Danhebei Road,16210.49718,100055,100022,5,5,0,0,0
Yuejin North Road,Liaohe North Road,16209.48285,100181,100084,16,1,15,15,0
Liaohe North Road,Yuejin North Road,16209.48285,100084,100181,8,0,8,7,1
University of Civil Aviation,Jianshan Road,16207.38538,100142,100066,29,4,25,19,6
Jianshan Road,University of Civil Aviation,16207.38538,100066,100142,23,1,22,16,6
Xuzhuangzi,University of Civil Aviation,16207.02529,100168,100142,10,2,8,5,3
University of Civil Aviation,Xuzhuangzi,16207.02529,100142,100168,7,2,5,3,2
Xuelian South Road,Northwest Corner,16206.30169,100164,100109,31,6,25,18,7
Northwest Corner,Xuelian South Road,16206.30169,100109,100164,21,2,19,6,13
Bianxing,Youyi South Road,16205.482,100009,100178,1,0,1,1,0
Youyi South Road,Bianxing,16205.482,100178,100009,1,0,1,0,1
Lilou,Northwest Corner,16204.59361,100086,100109,953,229,724,497,227
Northwest Corner,Lilou,16204.59361,100109,100086,789,188,601,329,272
Xuzhuangzi,Meilin Road,16204.0311,100168,100098,12,3,9,3,6
Meilin Road,Xuzhuangzi,16204.0311,100098,100168,6,5,1,0,1
Youyi South Road,Minquan Gate,16199.46393,100178,100099,2,0,2,0,2
Lushui Road,Xuzhuangzi,16199.05594,100093,100168,23,3,20,9,11
Xuzhuangzi,Lushui Road,16199.05594,100168,100093,18,1,17,14,3
Wujiayao,Zhaoyuan Road,16195.63416,100150,100186,3,0,3,0,3
Zhaoyuan Road,Wujiayao,16195.63416,100186,100150,1,0,1,1,0
Yangwu Zhuang,North Station,16194.83602,100169,100108,99,32,67,44,23
North Station,Yangwu Zhuang,16194.83602,100108,100169,80,26,54,36,18
Lingbin Road,Guoshan Road,16193.0594,100087,100047,20,3,17,10,7
Guoshan Road,Lingbin Road,16193.0594,100047,100087,18,1,17,16,1
Yibin Road,Yuejin North Road,16191.48658,100171,100181,24,1,23,19,4
Yuejin North Road,Yibin Road,16191.48658,100181,100171,12,3,9,8,1
Nansun Zhuang,Nanlou,16191.19246,100103,100102,1,0,1,1,0
Liaohe North Road,Longhan Road,16190.83054,100084,100092,1,0,1,1,0
Longhan Road,Liaohe North Road,16190.83054,100092,100084,1,0,1,1,0
Professional University,Tiantuo,16188.54342,100112,100138,84,19,65,54,11
Tiantuo,Professional University,16188.54342,100138,100112,60,5,55,42,13
Nancuiping,Beiyangyuan Campus of Tianjin University,16187.69052,100100,100007,46,15,31,17,14
Beiyangyuan Campus of Tianjin University,Nancuiping,16187.69052,100007,100100,45,15,30,19,11
Meijiang Exhibition Centre,Xiangshan Road,16187.44988,100095,100151,8,6,2,0,2
Xiangshan Road,Meijiang Exhibition Centre,16187.44988,100151,100095,5,3,2,0,2
Nanlou,Dongli Liujing Road,16185.66329,100102,100031,25,1,24,24,0
Dongli Liujing Road,Nanlou,16185.66329,100031,100102,15,1,14,10,4
Airport Economic Zone,Yihao Bridge,16184.2744,100001,100172,31,12,19,15,4
Yihao Bridge,Airport Economic Zone,16184.2744,100172,100001,27,4,23,11,12
Dengzhou South Road,Huaihe Road,16182.90507,100025,100058,43,4,39,35,4
Huaihe Road,Dengzhou South Road,16182.90507,100058,100025,39,8,31,22,9
The Financial University,Zhangxing Zhuang,16181.40091,100132,100185,37,7,30,11,19
Zhangxing Zhuang,The Financial University,16181.40091,100185,100132,34,8,26,13,13
South Station,Gulou,16180.82074,100122,100045,954,365,589,279,310
Gulou,South Station,16180.82074,100045,100122,889,413,476,199,277
Nancuiping,JinZhong Street,16180.68891,100100,100080,47,20,27,19,8
JinZhong Street,Nancuiping,16180.68891,100080,100100,39,9,30,18,12
Hehui South Road,Second hospital of the Medical University,16180.68808,100052,100115,326,55,271,199,72
Second hospital of the Medical University,Hehui South Road,16180.68808,100115,100052,298,40,258,144,114
Fuxing Gate,Airport Economic Zone,16180.09662,100041,100001,105,14,91,71,20
Airport Economic Zone,Fuxing Gate,16180.09662,100001,100041,94,14,80,65,15
Hangshuang Road,JinZhong Street,16179.96689,100051,100080,30,4,26,23,3
JinZhong Street,Hangshuang Road,16179.96689,100080,100051,27,3,24,24,0
Wanshan Road,Jiefang South Road,16178.62751,100146,100068,1,0,1,0,1
Jiefang South Road,Wanshan Road,16178.62751,100068,100146,1,0,1,0,1
Fengchan River,Southwest Tower,16177.06737,100039,100125,49,13,36,33,3
Southwest Tower,Fengchan River,16177.06737,100125,100039,48,9,39,17,22
Honghu Li,Meilin Road,16175.12824,100055,100098,50,18,32,9,23
Meilin Road,Honghu Li,16175.12824,100098,100055,38,14,24,15,9
Weishan Road,Meilin Road,16172.8341,100148,100098,1,1,0,0,0
Dongli Culture and Sports Centre,Jianshan Road,16172.43373,100029,100066,1,0,1,0,1
Yihao Bridge,University of Civil Aviation,16170.98954,100172,100142,3,0,3,3,0
University of Civil Aviation,Yihao Bridge,16170.98954,100142,100172,2,0,2,0,2
Liaohe North Road,Huayuan,16168.448,100084,100061,171,15,156,124,32
Huayuan,Liaohe North Road,16168.448,100061,100084,134,8,126,94,32
Changhong Park,Airport Economic Zone,16166.80768,100012,100001,843,165,678,468,210
Airport Economic Zone,Changhong Park,16166.80768,100001,100012,740,157,583,351,232
Shuanglin,Dongting Road,16165.9751,100119,100034,1,1,0,0,0
Dongxing Road,Xuefu Industrial Area,16162.51633,100035,100163,59,3,56,46,10
Xuefu Industrial Area,Dongxing Road,16162.51633,100163,100035,48,3,45,33,12
Meijiang Road,Hangshuang Road,16161.23498,100097,100051,2,0,2,0,2
Hangshuang Road,Meijiang Road,16161.23498,100051,100097,2,0,2,1,1
Zhanggui Zhuang,Guoshan Road,16160.16602,100184,100047,11,4,7,4,3
Guoshan Road,Zhanggui Zhuang,16160.16602,100047,100184,8,3,5,1,4
Jiefang South Road,Fangshan Road,16158.92268,100068,100038,5,0,5,0,5
Fangshan Road,Jiefang South Road,16158.92268,100038,100068,1,0,1,1,0
Dongli Culture and Sports Centre,Southeast Corner,16158.41681,100029,100123,29,14,15,5,10
Southeast Corner,Dongli Culture and Sports Centre,16158.41681,100123,100029,21,9,12,2,10
Xianshuigu West,Zuojiang Road,16158.2121,100152,100192,496,167,329,195,134
Zuojiang Road,Xianshuigu West,16158.2121,100192,100152,455,124,331,180,151
Yuejin North Road,Hongqi South Road,16157.50293,100181,100057,46,8,38,32,6
Hongqi South Road,Yuejin North Road,16157.50293,100057,100181,41,4,37,22,15
Lilou,Jinshi Bridge,16157.44712,100086,100076,203,44,159,109,50
Jinshi Bridge,Lilou,16157.44712,100076,100086,200,41,159,108,51
Yudongcheng,Meilin Road,16154.26888,100180,100098,36,4,32,17,15
Meilin Road,Yudongcheng,16154.26888,100098,100180,17,4,13,7,6
Guoshan Road,Hongqi South Road,16153.50552,100047,100057,56,18,38,30,8
Hongqi South Road,Guoshan Road,16153.50552,100057,100047,56,14,42,37,5
Beichen Road,Guangkaisima Road,16152.89549,100005,100044,103,15,88,51,37
Guangkaisima Road,Beichen Road,16152.89549,100044,100005,95,11,84,51,33
Yuejin North Road,Xianyang Road,16151.73666,100181,100153,85,18,67,50,17
Xianyang Road,Yuejin North Road,16151.73666,100153,100181,65,13,52,30,22
Huayuan,Laoshan Road,16150.74921,100061,100082,143,15,128,104,24
Laoshan Road,Huayuan,16150.74921,100082,100061,132,16,116,98,18
Yizhongxin Hospital,Dengzhou South Road,16147.61141,100177,100025,56,8,48,24,24
Dengzhou South Road,Yizhongxin Hospital,16147.61141,100025,100177,54,7,47,42,5
Longhan Road,Yibin Road,16144.31153,100092,100171,2,0,2,1,1
Yibin Road,Longhan Road,16144.31153,100171,100092,1,0,1,0,1
Bianxing,Dengzhou Road,16142.3953,100009,100024,120,25,95,67,28
Dengzhou Road,Bianxing,16142.3953,100024,100009,75,16,59,42,17
Cultural centre,Nansun Zhuang,16141.79431,100020,100103,19,6,13,6,7
Nansun Zhuang,Cultural centre,16141.79431,100103,100020,10,3,7,5,2
Xiaodian,Haiguang Temple,16136.39693,100155,100048,195,24,171,136,35
Haiguang Temple,Xiaodian,16136.39693,100048,100155,187,24,163,127,36
Xinkai River,Liulin Road,16136.37737,100160,100089,5,2,3,1,2
Liulin Road,Xinkai River,16136.37737,100089,100160,5,3,2,1,1
West Station,Magangchang,16133.70656,100149,100094,133,29,104,32,72
Magangchang,West Station,16133.70656,100094,100149,119,43,76,54,22
Jiayuan Li,Meijiang Road,16133.55121,100067,100097,101,10,91,80,11
Meijiang Road,Jiayuan Li,16133.55121,100097,100067,93,12,81,57,24
Xuelian South Road,Zhangxing Zhuang,16131.06228,100164,100185,4,0,4,3,1
Zhangxing Zhuang,Xuelian South Road,16131.06228,100185,100164,2,0,2,0,2
Xianshuigu West,Meijiang Road,16127.40773,100152,100097,450,104,346,271,75
Meijiang Road,Xianshuigu West,16127.40773,100097,100152,411,67,344,248,96
Jiangwan Erzhi Road,Airport Economic Zone,16124.86922,100065,100001,90,10,80,61,19
Airport Economic Zone,Jiangwan Erzhi Road,16124.86922,100001,100065,66,12,54,32,22
Shuanglin,Bei Zhulin,16122.89494,100119,100004,6,1,5,5,0
Bei Zhulin,Shuanglin,16122.89494,100004,100119,5,1,4,4,0
University of Civil Aviation,Erwei Road,16121.93315,100142,100036,68,9,59,45,14
Erwei Road,University of Civil Aviation,16121.93315,100036,100142,50,9,41,20,21
High-Tech Zone,Benxi Road,16120.33405,100054,100008,230,38,192,155,37
Benxi Road,High-Tech Zone,16120.33405,100008,100054,226,30,196,179,17
Fangshan Road,Guorui Road,16120.23333,100038,100046,3,2,1,0,1
Guorui Road,Fangshan Road,16120.23333,100046,100038,1,0,1,0,1
Binhai International Airport,Southwest Tower,16119.83482,100010,100125,342,95,247,107,140
Southwest Tower,Binhai International Airport,16119.83482,100125,100010,320,92,228,117,111
Bei Zhulin,North Beichen Tech Park,16119.532,100004,100106,12,8,4,1,3
North Beichen Tech Park,Bei Zhulin,16119.532,100106,100004,6,0,6,1,5
North Beichen Tech Park,Tianjin Station,16117.37314,100106,100135,361,111,250,147,103
Tianjin Station,North Beichen Tech Park,16117.37314,100135,100106,348,120,228,114,114
Nanlou,Fengchan River,16113.94453,100102,100039,22,6,16,9,7
Fengchan River,Nanlou,16113.94453,100039,100102,17,0,17,14,3
Fuxing Road,Zhanggui Zhuang,16112.87975,100042,100184,46,9,37,25,12
Zhanggui Zhuang,Fuxing Road,16112.87975,100184,100042,39,8,31,17,14
Huaihe Road,Chentang Zhuang,16111.09137,100058,100015,178,14,164,138,26
Chentang Zhuang,Huaihe Road,16111.09137,100015,100058,150,16,134,90,44
Jinghe Road,Huayuan,16109.4044,100071,100061,149,16,133,122,11
Huayuan,Jinghe Road,16109.4044,100061,100071,133,12,121,78,43
Qinjian Road,Yutai,16105.9189,100113,100183,34,2,32,17,15
Yutai,Qinjian Road,16105.9189,100183,100113,18,5,13,11,2
Jinnan Campus of Nankai University,Leyuan Road,16104.72676,100075,100083,316,137,179,87,92
Leyuan Road,Jinnan Campus of Nankai University,16104.72676,100083,100075,240,115,125,50,75
Yingfeng Road,JinZhong Street,16104.69903,100173,100080,43,13,30,21,9
JinZhong Street,Yingfeng Road,16104.69903,100080,100173,37,14,23,17,6
Xianyang Road,Longhan Road,16104.56161,100153,100092,3,0,3,0,3
Longhan Road,Xianyang Road,16104.56161,100092,100153,2,1,1,0,1
Dongli Development Zone,Xikang Road,16104.37881,100030,100158,339,75,264,204,60
Xikang Road,Dongli Development Zone,16104.37881,100158,100030,335,58,277,189,88
Wanshan Road,Huayuan,16103.39661,100146,100061,31,3,28,28,0
Huayuan,Wanshan Road,16103.39661,100061,100146,26,1,25,17,8
Tian Tower,Xinli,16101.47317,100133,100161,167,51,116,63,53
Xinli,Tian Tower,16101.47317,100161,100133,149,36,113,66,47
Nansun Zhuang,Second hospital of the Medical University,16100.99717,100103,100115,2,0,2,2,0
Second hospital of the Medical University,Nansun Zhuang,16100.99717,100115,100103,1,0,1,1,0
Yutai,Tiedong Road,16100.97804,100183,100139,6,0,6,5,1
Tiedong Road,Yutai,16100.97804,100139,100183,6,0,6,3,3
Binhai International Airport,Xiaobailou,16099.858,100010,100154,233,58,175,52,123
Xiaobailou,Binhai International Airport,16099.858,100154,100010,218,61,157,73,84
Dengzhou South Road,Anshan West Road,16099.17053,100025,100003,94,12,82,59,23
Anshan West Road,Dengzhou South Road,16099.17053,100003,100025,78,11,67,43,24
Zhangxing Zhuang,Yaohuan Road,16098.7001,100185,100170,16,6,10,6,4
Yaohuan Road,Zhangxing Zhuang,16098.7001,100170,100185,13,6,7,2,5
Zhanggui Zhuang,Jiangwan Erzhi Road,16096.45582,100184,100065,1,1,0,0,0
Jiangwan Erzhi Road,Zhanggui Zhuang,16096.45582,100065,100184,1,1,0,0,0
Chenglin Road,Xuefu Industrial Area,16095.79101,100014,100163,168,9,159,150,9
Xuefu Industrial Area,Chenglin Road,16095.79101,100163,100014,142,3,139,104,35
Gulou,Lilou,16094.16288,100045,100086,324,112,212,105,107
Lilou,Gulou,16094.16288,100086,100045,269,88,181,96,85
Liaohe North Road,Liuyuan,16093.90789,100084,100091,22,3,19,14,5
Liuyuan,Liaohe North Road,16093.90789,100091,100084,16,3,13,7,6
Liaohe North Road,Meijiang Road,16090.39182,100084,100097,46,8,38,35,3
Meijiang Road,Liaohe North Road,16090.39182,100097,100084,40,6,34,22,12
Zhanggui Zhuang,Wangdingdi,16090.03689,100184,100145,54,15,39,27,12
Wangdingdi,Zhanggui Zhuang,16090.03689,100145,100184,50,17,33,24,9
Dongli Development Zone,Xingfu Park,16089.94259,100030,100159,207,46,161,116,45
Xingfu Park,Dongli Development Zone,16089.94259,100159,100030,193,37,156,114,42
Sports Centre,Ruijing XinYuan,16089.72288,100126,100114,49,12,37,17,20
Ruijing XinYuan,Sports Centre,16089.72288,100114,100126,36,12,24,12,12
Minquan Gate,High-Tech Zone,16088.6076,100099,100054,186,16,170,141,29
High-Tech Zone,Minquan Gate,16088.6076,100054,100099,149,15,134,113,21
Dongli Development Zone,Second hospital of the Medical University,16087.42331,100030,100115,47,4,43,28,15
Second hospital of the Medical University,Dongli Development Zone,16087.42331,100115,100030,45,5,40,21,19
North China Group,Zhongshan Gate,16087.3926,100107,100189,284,117,167,109,58
Zhongshan Gate,North China Group,16087.3926,100189,100107,236,54,182,108,74
Zhongshan Road,Magangchang,16086.7842,100190,100094,16,2,14,8,6
Magangchang,Zhongshan Road,16086.7842,100094,100190,13,4,9,5,4
Jingjiang Road,North Beichen Tech Park,16085.10456,100072,100106,132,17,115,77,38
North Beichen Tech Park,Jingjiang Road,16085.10456,100106,100072,121,16,105,77,28
Fangshan Road,Huayuan,16083.69178,100038,100061,41,4,37,34,3
Huayuan,Fangshan Road,16083.69178,100061,100038,37,3,34,17,17
Hongni River East,Hangshuang Road,16083.29771,100056,100051,4,0,4,3,1
Hangshuang Road,Hongni River East,16083.29771,100051,100056,3,0,3,3,0
Number Two Bridge,Tianshili,16082.46688,100110,100136,44,9,35,29,6
Tianshili,Number Two Bridge,16082.46688,100136,100110,29,8,21,12,9
Weishan Road,Jianchang Road,16082.04325,100148,100063,2,1,1,1,0
Jianchang Road,Weishan Road,16082.04325,100063,100148,1,1,0,0,0
Beichen Road,Yibin Road,16081.68296,100005,100171,48,8,40,27,13
Yibin Road,Beichen Road,16081.68296,100171,100005,37,8,29,18,11
Zhanggui Zhuang,People's Hospital,16079.7357,100184,100111,98,21,77,47,30
People's Hospital,Zhanggui Zhuang,16079.7357,100111,100184,89,19,70,30,40
Second hospital of the Medical University,Hongni River East,16079.2307,100115,100056,4,0,4,1,3
Hongni River East,Second hospital of the Medical University,16079.2307,100056,100115,4,0,4,3,1
Jianshan Road,Airport Economic Zone,16078.46409,100066,100001,85,16,69,53,16
Airport Economic Zone,Jianshan Road,16078.46409,100001,100066,58,8,50,38,12
Erwei Road,Beichen Road,16078.3366,100036,100005,50,9,41,21,20
Beichen Road,Erwei Road,16078.3366,100005,100036,43,7,36,21,15
Nanhe Zhuang,Wujiayao,16077.61594,100101,100150,52,15,37,16,21
Wujiayao,Nanhe Zhuang,16077.61594,100150,100101,44,8,36,23,13
Yuejin North Road,Yutai,16076.6791,100181,100183,4,2,2,1,1
Yizhongxin Hospital,Dengzhou Road,16076.00578,100177,100024,162,31,131,98,33
Dengzhou Road,Yizhongxin Hospital,16076.00578,100024,100177,141,34,107,88,19
Shaliu South Road,National Exhibition Centre,16075.39395,100116,100105,6,2,4,2,2
National Exhibition Centre,Shaliu South Road,16075.39395,100105,100116,4,1,3,2,1
Tiantuo,Wanshan Road,16074.35344,100138,100146,6,1,5,3,2
Wanshan Road,Tiantuo,16074.35344,100146,100138,5,2,3,2,1
Xuelian South Road,Guangkaisima Road,16073.44746,100164,100044,5,1,4,1,3
Guangkaisima Road,Xuelian South Road,16073.44746,100044,100164,1,0,1,0,1
Professional University,Xiangshan Road,16073.23003,100112,100151,33,10,23,14,9
Xiangshan Road,Professional University,16073.23003,100151,100112,32,15,17,5,12
University of Civil Aviation,Wujiayao,16063.55329,100142,100150,86,33,53,37,16
Wujiayao,University of Civil Aviation,16063.55329,100150,100142,63,21,42,19,23
Benxi Road,Yaohuan Road,16062.82649,100008,100170,18,3,15,7,8
Yaohuan Road,Benxi Road,16062.82649,100170,100008,15,4,11,8,3
Xuzhuangzi,Changling Road,16062.7096,100168,100013,37,10,27,21,6
Changling Road,Xuzhuangzi,16062.7096,100013,100168,35,7,28,25,3
South Station,Jieyuan West Road,16059.57911,100122,100069,245,61,184,106,78
Jieyuan West Road,South Station,16059.57911,100069,100122,177,44,133,81,52
Youyi South Road,Yueya River,16058.4739,100178,100182,12,3,9,6,3
Yueya River,Youyi South Road,16058.4739,100182,100178,7,5,2,0,2
Dongli Yijing Road,Chinese Medicine First Affiliated Hospital,16055.75827,100033,100016,2,1,1,0,1
Chinese Medicine First Affiliated Hospital,Dongli Yijing Road,16055.75827,100016,100033,2,1,1,0,1
Fangshan Road,Tiantuo,16054.64862,100038,100138,19,1,18,16,2
Tiantuo,Fangshan Road,16054.64862,100138,100038,17,1,16,7,9
Xiawafang,Xiaodian,16053.69711,100157,100155,106,16,90,73,17
Xiaodian,Xiawafang,16053.69711,100155,100157,88,12,76,65,11
Huaihe Road,Sports Centre,16051.43568,100058,100126,174,45,129,92,37
Sports Centre,Huaihe Road,16051.43568,100126,100058,151,30,121,82,39
Dabi Zhuang,Jiayuan Li,16048.15016,100021,100067,103,29,74,49,25
Jiayuan Li,Dabi Zhuang,16048.15016,100067,100021,101,32,69,43,26
Dongxing Road,Gaozhuangzi,16044.36924,100035,100043,18,3,15,11,4
Gaozhuangzi,Dongxing Road,16044.36924,100043,100035,18,0,18,13,5
Cuifu New Village,Dongli Development Zone,16043.81939,100019,100030,29,10,19,11,8
Dongli Development Zone,Cuifu New Village,16043.81939,100030,100019,21,4,17,10,7
Dongjiang Road,Gulou,16043.63849,100028,100045,1,1,0,0,0
Dongli Culture and Sports Centre,Anshan Road,16040.43044,100029,100002,57,24,33,16,17
Anshan Road,Dongli Culture and Sports Centre,16040.43044,100002,100029,55,20,35,15,20
Heping Road,Hongni River East,16040.06761,100053,100056,261,69,192,110,82
Hongni River East,Heping Road,16040.06761,100056,100053,213,61,152,121,31
Xinxing Village,Southeast Corner,16035.59134,100162,100123,19,4,15,8,7
Southeast Corner,Xinxing Village,16035.59134,100123,100162,10,5,5,1,4
Hongni River East,Xikang Road,16033.42333,100056,100158,121,29,92,72,20
Xikang Road,Hongni River East,16033.42333,100158,100056,76,20,56,35,21
Anshan West Road,Zhanggui Zhuang,16033.01172,100003,100184,208,35,173,116,57
Zhanggui Zhuang,Anshan West Road,16033.01172,100184,100003,205,20,185,135,50
University of Civil Aviation,Binhai International Airport,16032.5545,100142,100010,143,35,108,38,70
Binhai International Airport,University of Civil Aviation,16032.5545,100010,100142,133,33,100,46,54
JinZhong Street,Sports Centre,16031.02941,100080,100126,97,19,78,46,32
Sports Centre,JinZhong Street,16031.02941,100126,100080,95,18,77,39,38
Lushui Road,Siyuan Road,16030.83423,100093,100121,7,4,3,1,2
Siyuan Road,Lushui Road,16030.83423,100121,100093,3,1,2,1,1
Heping Road,Jinghe Road,16027.10601,100053,100071,88,30,58,31,27
Jinghe Road,Heping Road,16027.10601,100071,100053,64,17,47,29,18
Wangdingdi,Huanyu Road,16025.5084,100145,100059,1,0,1,1,0
JinZhong Street,Zuojiang Road,16025.34678,100080,100192,20,5,15,11,4
Zuojiang Road,JinZhong Street,16025.34678,100192,100080,10,3,7,2,5
Liuwei Road,Beichen Road,16022.56398,100090,100005,66,14,52,27,25
Beichen Road,Liuwei Road,16022.56398,100005,100090,55,15,40,27,13
Youyi South Road,Guorui Road,16022.55109,100178,100046,8,1,7,7,0
Guorui Road,Youyi South Road,16022.55109,100046,100178,6,1,5,2,3
Jinghe Road,Xikang Road,16020.46172,100071,100158,23,9,14,7,7
Xikang Road,Jinghe Road,16020.46172,100158,100071,17,3,14,4,10
People's Hospital,Nansun Zhuang,16017.83172,100111,100103,12,1,11,2,9
Nansun Zhuang,People's Hospital,16017.83172,100103,100111,12,1,11,6,5
JinZhong River Street,Xinli,16017.02971,100079,100161,70,29,41,23,18
Xinli,JinZhong River Street,16017.02971,100161,100079,50,12,38,25,13
Xiangshan Road,Qinjian Road,16015.84532,100151,100113,80,12,68,51,17
Qinjian Road,Xiangshan Road,16015.84532,100113,100151,53,3,50,31,19
Wanshan Road,Qinjian Road,16014.30932,100146,100113,36,5,31,25,6
Qinjian Road,Wanshan Road,16014.30932,100113,100146,32,3,29,15,14
Beiyangyuan Campus of Tianjin University,Lingbin Road,16012.10905,100007,100087,6,5,1,1,0
Lingbin Road,Beiyangyuan Campus of Tianjin University,16012.10905,100087,100007,3,2,1,0,1
Hangshuang Road,Yaohuan Road,16011.71512,100051,100170,31,2,29,19,10
Yaohuan Road,Hangshuang Road,16011.71512,100170,100051,29,3,26,24,2
Yudongcheng,Xinli,16011.3666,100180,100161,45,7,38,24,14
Xinli,Yudongcheng,16011.3666,100161,100180,31,3,28,16,12
Huanyu Road,Changhong Park,16010.48538,100059,100012,8,1,7,2,5
Changhong Park,Huanyu Road,16010.48538,100012,100059,3,1,2,0,2
Shuanggang,Erwei Road,16010.27729,100118,100036,25,4,21,10,11
Erwei Road,Shuanggang,16010.27729,100036,100118,20,4,16,9,7
Bei Zhulin,Zhanggui Zhuang,16009.30348,100004,100184,8,0,8,6,2
Zhanggui Zhuang,Bei Zhulin,16009.30348,100184,100004,4,0,4,4,0
Binhai International Airport,Xueyuan North Road,16007.73289,100010,100165,20,9,11,6,5
Xueyuan North Road,Binhai International Airport,16007.73289,100165,100010,10,6,4,3,1
Dongjiang Road,Jianchang Road,16004.24684,100028,100063,2,0,2,0,2
Southeast Corner,Dongli Development Zone,16002.74047,100123,100030,334,95,239,134,105
Dongli Development Zone,Southeast Corner,16002.74047,100030,100123,324,95,229,155,74
Weishan Road,North Station,16002.71449,100148,100108,2,0,2,2,0
North Station,Weishan Road,16002.71449,100108,100148,1,1,0,0,0
Xuzhuangzi,Huayuan,15998.22117,100168,100061,35,8,27,19,8
Huayuan,Xuzhuangzi,15998.22117,100061,100168,34,11,23,16,7
Wangdingdi,Jingli Road,15997.72711,100145,100073,21,3,18,12,6
Jingli Road,Wangdingdi,15997.72711,100073,100145,19,4,15,13,2
Dongting Road,Jieyuan West Road,15996.50641,100034,100069,11,5,6,5,1
Jieyuan West Road,Dongting Road,15996.50641,100069,100034,9,3,6,4,2
Qinjian Road,Fangshan Road,15994.60449,100113,100038,31,4,27,13,14
Fangshan Road,Qinjian Road,15994.60449,100038,100113,26,4,22,19,3
Nansun Zhuang,Professional University,15994.23323,100103,100112,1,0,1,0,1
Professional University,Nansun Zhuang,15994.23323,100112,100103,1,0,1,1,0
Nanhe Zhuang,Benxi Road,15992.29859,100101,100008,46,15,31,13,18
Benxi Road,Nanhe Zhuang,15992.29859,100008,100101,29,13,16,11,5
Xinkai River,Xinli,15991.59007,100160,100161,21,7,14,10,4
Xinli,Xinkai River,15991.59007,100161,100160,11,1,10,7,3
Xunhai Road,Yuanyang International Centre,15991.43283,100166,100179,12,5,7,3,4
Yuanyang International Centre,Xunhai Road,15991.43283,100179,100166,5,1,4,2,2
Dongli Yijing Road,Xingfu Park,15990.4967,100033,100159,1,0,1,1,0
Shuanglin,North Station,15990.14609,100119,100108,165,43,122,92,30
North Station,Shuanglin,15990.14609,100108,100119,124,46,78,54,24
Dabi Zhuang,Yihao Bridge,15989.68438,100021,100172,65,20,45,37,8
Yihao Bridge,Dabi Zhuang,15989.68438,100172,100021,56,11,45,21,24
Gaozhuangzi,Cultural centre,15989.62843,100043,100020,148,66,82,58,24
Cultural centre,Gaozhuangzi,15989.62843,100020,100043,136,65,71,43,28
Jin Street,Shuanggang,15987.23401,100070,100118,40,9,31,18,13
Shuanggang,Jin Street,15987.23401,100118,100070,34,9,25,21,4
The Financial University,Foreign Languages High School,15986.47407,100132,100040,20,3,17,8,9
Foreign Languages High School,The Financial University,15986.47407,100040,100132,18,4,14,9,5
Tumour Hospital,Dabi Zhuang,15985.25063,100141,100021,244,43,201,85,116
Dabi Zhuang,Tumour Hospital,15985.25063,100021,100141,242,39,203,125,78
Chunhai Road,Xianyang Road,15985.09081,100017,100153,16,4,12,8,4
Xianyang Road,Chunhai Road,15985.09081,100153,100017,13,2,11,7,4
Tiedong Road,The Financial University,15980.33785,100139,100132,126,46,80,48,32
The Financial University,Tiedong Road,15980.33785,100132,100139,107,31,76,54,22
Cao Zhuang,Chentang Zhuang,15980.26132,100011,100015,493,91,402,297,105
Chentang Zhuang,Cao Zhuang,15980.26132,100015,100011,482,92,390,270,120
Huaihe Road,Bianxing,15979.25489,100058,100009,28,7,21,16,5
Bianxing,Huaihe Road,15979.25489,100009,100058,14,2,12,10,2
JinZhong River Street,Shuanggang,15979.1894,100079,100118,33,12,21,13,8
Shuanggang,JinZhong River Street,15979.1894,100118,100079,28,7,21,12,9
Dawang Zhuang,Dongli Culture and Sports Centre,15978.97315,100023,100029,1,0,1,0,1
Fengchan River,Dengzhou Road,15978.20506,100039,100024,13,1,12,11,1
Dengzhou Road,Fengchan River,15978.20506,100024,100039,12,3,9,7,2
The Financial University,Tiantai Road,15976.62146,100132,100137,111,28,83,46,37
Tiantai Road,The Financial University,15976.62146,100137,100132,107,34,73,37,36
Huaihe Road,Second hospital of the Medical University,15975.58889,100058,100115,68,11,57,40,17
Second hospital of the Medical University,Huaihe Road,15975.58889,100115,100058,64,16,48,34,14
Liulin Road,Xuzhuangzi,15975.0584,100089,100168,6,0,6,4,2
Xuzhuangzi,Liulin Road,15975.0584,100168,100089,3,0,3,2,1
Yihao Bridge,Nanzhu Bridge,15972.70455,100172,100104,1,0,1,1,0
Wandong Road,Xiaodian,15970.01793,100144,100155,14,7,7,6,1
Xiaodian,Wandong Road,15970.01793,100155,100144,11,1,10,7,3
Professional University,Cultural centre,15969.34387,100112,100020,332,149,183,81,102
Cultural centre,Professional University,15969.34387,100020,100112,302,145,157,93,64
Zhangxing Zhuang,University town,15969.20352,100185,100143,129,27,102,56,46
University town,Zhangxing Zhuang,15969.20352,100143,100185,124,32,92,49,43
Jiefang South Road,Shuanglin,15969.20171,100068,100119,16,4,12,5,7
Shuanglin,Jiefang South Road,15969.20171,100119,100068,5,2,3,2,1
Dengzhou South Road,Meijiang Exhibition Centre,15967.83828,100025,100095,25,13,12,9,3
Meijiang Exhibition Centre,Dengzhou South Road,15967.83828,100095,100025,24,13,11,6,5
Dongli Culture and Sports Centre,JinZhong River Street,15962.35417,100029,100079,8,4,4,1,3
Huaihe Road,Hongqi South Road,15959.56257,100058,100057,95,15,80,52,28
Hongqi South Road,Huaihe Road,15959.56257,100057,100058,81,16,65,47,18
North China Group,Zhou and Deng Memorial Museum,15959.15201,100107,100191,300,127,173,71,102
Zhou and Deng Memorial Museum,North China Group,15959.15201,100191,100107,267,88,179,94,85
Wujiayao,Shuanggang,15958.98567,100150,100118,72,16,56,38,18
Shuanggang,Wujiayao,15958.98567,100118,100150,57,6,51,32,19
Xuefu Industrial Area,Foreign Languages High School,15957.8206,100163,100040,16,1,15,13,2
Foreign Languages High School,Xuefu Industrial Area,15957.8206,100040,100163,8,0,8,6,2
Cultural centre,Xunhai Road,15956.93878,100020,100166,6,2,4,4,0
Xunhai Road,Cultural centre,15956.93878,100166,100020,2,0,2,2,0
Zhanggui Zhuang,Dongting Road,15954.06895,100184,100034,7,2,5,4,1
Dongting Road,Zhanggui Zhuang,15954.06895,100034,100184,5,1,4,3,1
Zhicheng Road,University of Civil Aviation,15953.03103,100187,100142,24,6,18,10,8
University of Civil Aviation,Zhicheng Road,15953.03103,100142,100187,23,8,15,7,8
Benxi Road,Fengchan River,15951.69641,100008,100039,11,1,10,6,4
Fengchan River,Benxi Road,15951.69641,100039,100008,6,0,6,6,0
South Station,Erwei Road,15950.85032,100122,100036,715,171,544,387,157
Erwei Road,South Station,15950.85032,100036,100122,589,162,427,230,197
Ruijing XinYuan,Dongxing Road,15949.39595,100114,100035,72,17,55,37,18
Dongxing Road,Ruijing XinYuan,15949.39595,100035,100114,71,15,56,38,18
Wujiayao,Fengchan River,15948.46723,100150,100039,67,18,49,28,21
Fengchan River,Wujiayao,15948.46723,100039,100150,61,17,44,37,7
JinZhong Street,Huanyu Road,15947.30125,100080,100059,7,1,6,6,0
Huanyu Road,JinZhong Street,15947.30125,100059,100080,5,1,4,4,0
Xiaodian,Guangkaisima Road,15945.88379,100155,100044,56,8,48,40,8
Guangkaisima Road,Xiaodian,15945.88379,100044,100155,43,10,33,26,7
Wandong Road,Beichen Road,15943.37721,100144,100005,61,23,38,26,12
Beichen Road,Wandong Road,15943.37721,100005,100144,59,18,41,30,11
Xuzhuangzi,Cao Zhuang,15943.12667,100168,100011,80,19,61,36,25
Cao Zhuang,Xuzhuangzi,15943.12667,100011,100168,73,20,53,29,24
Xiaodian,Xiaobailou,15942.29728,100155,100154,164,33,131,109,22
Xiaobailou,Xiaodian,15942.29728,100154,100155,157,24,133,83,50
High-Tech Zone,Chunhai Road,15941.74609,100054,100017,15,6,9,6,3
Chunhai Road,High-Tech Zone,15941.74609,100017,100054,8,3,5,4,1
Yixingbu,Hangshuang Road,15940.95814,100175,100051,16,2,14,13,1
Hangshuang Road,Yixingbu,15940.95814,100051,100175,16,2,14,11,3
Siyuan Road,Meilin Road,15939.5522,100121,100098,7,3,4,3,1
Meilin Road,Siyuan Road,15939.5522,100098,100121,3,0,3,0,3
Jieyuan West Road,Dabi Zhuang,15938.52686,100069,100021,80,26,54,35,19
Dabi Zhuang,Jieyuan West Road,15938.52686,100021,100069,73,17,56,37,19
Tumour Hospital,Liuyuan,15938.09525,100141,100091,877,130,747,306,441
Liuyuan,Tumour Hospital,15938.09525,100091,100141,832,115,717,476,241
Yixingbu North,Zuojiang Road,15935.60167,100176,100192,52,12,40,28,12
Zuojiang Road,Yixingbu North,15935.60167,100192,100176,41,13,28,11,17
Zhicheng Road,Meijiang Exhibition Centre,15935.34163,100187,100095,103,35,68,55,13
Meijiang Exhibition Centre,Zhicheng Road,15935.34163,100095,100187,65,25,40,22,18
Haiguang Temple,Dongjiang Road,15933.0406,100048,100028,1,0,1,0,1
Yuejin North Road,Fuxing Road,15931.62619,100181,100042,13,3,10,9,1
Fuxing Road,Yuejin North Road,15931.62619,100042,100181,9,2,7,6,1
JinZhong River Street,Yutai,15931.61443,100079,100183,25,10,15,9,6
Yutai,JinZhong River Street,15931.61443,100183,100079,22,7,15,8,7
Changling Road,Yixingbu,15930.08448,100013,100175,64,13,51,33,18
Yixingbu,Changling Road,15930.08448,100175,100013,41,13,28,14,14
Liuyuan,Southwest Tower,15928.02322,100091,100125,592,113,479,346,133
Southwest Tower,Liuyuan,15928.02322,100125,100091,504,101,403,274,129
South Station,Meijiang Park,15924.31344,100122,100096,147,39,108,52,56
Meijiang Park,South Station,15924.31344,100096,100122,94,27,67,46,21
South Station,Xiawafang,15924.09965,100122,100157,944,197,747,491,256
Xiawafang,South Station,15924.09965,100157,100122,776,203,573,349,224
Jintang Road,Xuefu Industrial Area,15924.09962,100077,100163,79,3,76,65,11
Xuefu Industrial Area,Jintang Road,15924.09962,100163,100077,52,4,48,38,10
Xinli,Sports Centre,15924.05326,100161,100126,109,20,89,55,34
Sports Centre,Xinli,15924.05326,100126,100161,101,19,82,47,35
Tiedong Road,Lushui Road,15922.60638,100139,100093,16,2,14,1,13
Lushui Road,Tiedong Road,15922.60638,100093,100139,11,2,9,5,4
Xinkai River,Hangshuang Road,15920.82141,100160,100051,8,0,8,8,0
Hangshuang Road,Xinkai River,15920.82141,100051,100160,2,0,2,2,0
Jin Street,Dongli Culture and Sports Centre,15920.76994,100070,100029,41,8,33,19,14
Dongli Culture and Sports Centre,Jin Street,15920.76994,100029,100070,40,8,32,19,13
Ruijing XinYuan,JinZhong Street,15919.1921,100114,100080,111,23,88,45,43
JinZhong Street,Ruijing XinYuan,15919.1921,100080,100114,96,25,71,47,24
Beiyangyuan Campus of Tianjin University,Xiawafang,15916.89185,100007,100157,116,44,72,36,36
Xiawafang,Beiyangyuan Campus of Tianjin University,15916.89185,100157,100007,93,44,49,13,36
Laoshan Road,Gaozhuangzi,15915.27592,100082,100043,46,13,33,17,16
Gaozhuangzi,Laoshan Road,15915.27592,100043,100082,46,11,35,17,18
Second hospital of the Medical University,Ruijing XinYuan,15915.09129,100115,100114,81,23,58,19,39
Ruijing XinYuan,Second hospital of the Medical University,15915.09129,100114,100115,76,22,54,20,34
Chentang Zhuang,Donggu Road,15915.07541,100015,100026,597,104,493,282,211
Donggu Road,Chentang Zhuang,15915.07541,100026,100015,554,93,461,321,140
Fuxing Road,Liulin Road,15911.73065,100042,100089,11,4,7,1,6
Liulin Road,Fuxing Road,15911.73065,100089,100042,8,3,5,4,1
Dengzhou Road,Tiantuo,15911.30632,100024,100138,203,14,189,157,32
Tiantuo,Dengzhou Road,15911.30632,100138,100024,186,19,167,120,47
Bianxing,Yangwu Zhuang,15910.19814,100009,100169,31,0,31,20,11
Yangwu Zhuang,Bianxing,15910.19814,100169,100009,25,3,22,19,3
Nansun Zhuang,Yingkou Road,15909.39625,100103,100174,32,10,22,8,14
Yingkou Road,Nansun Zhuang,15909.39625,100174,100103,27,10,17,7,10
Jingli Road,Yingkou Road,15907.81384,100073,100174,235,82,153,107,46
Yingkou Road,Jingli Road,15907.81384,100174,100073,177,71,106,60,46
Dongting Road,Honghu Li,15907.80348,100034,100055,22,2,20,16,4
Honghu Li,Dongting Road,15907.80348,100055,100034,16,3,13,6,7
Danhebei Road,Dabi Zhuang,15906.94058,100022,100021,3,0,3,3,0
Dabi Zhuang,Danhebei Road,15906.94058,100021,100022,1,1,0,0,0
Liulin Road,Anshan West Road,15906.7544,100089,100003,54,20,34,10,24
Anshan West Road,Liulin Road,15906.7544,100003,100089,53,14,39,18,21
Yixingbu North,Number Two Bridge,15906.627,100176,100110,36,11,25,13,12
Number Two Bridge,Yixingbu North,15906.627,100110,100176,34,10,24,15,9
Liaohe North Road,Lingbin Road,15905.87871,100084,100087,48,9,39,27,12
Lingbin Road,Liaohe North Road,15905.87871,100087,100084,36,8,28,18,10
Xuefu Industrial Area,Tucheng,15901.75016,100163,100140,184,14,170,126,44
Tucheng,Xuefu Industrial Area,15901.75016,100140,100163,179,20,159,124,35
Yangwu Zhuang,Zhigu,15900.24542,100169,100188,77,17,60,41,19
Zhigu,Yangwu Zhuang,15900.24542,100188,100169,59,8,51,34,17
Fuxing Gate,Benxi Road,15900.11,100041,100008,359,71,288,144,144
Benxi Road,Fuxing Gate,15900.11,100008,100041,290,78,212,139,73
Chentang Zhuang,Jiayuan Li,15898.19111,100015,100067,503,68,435,298,137
Jiayuan Li,Chentang Zhuang,15898.19111,100067,100015,459,54,405,313,92
Dongli Development Zone,Liuwei Road,15897.92196,100030,100090,3,1,2,0,2
Liuwei Road,Dongli Development Zone,15897.92196,100090,100030,2,0,2,0,2
Meilin Road,Shaliu South Road,15894.60303,100098,100116,2,2,0,0,0
Shaliu South Road,Meilin Road,15894.60303,100116,100098,2,0,2,2,0
Xinxing Village,Southwest Tower,15893.81628,100162,100125,6,0,6,6,0
Southwest Tower,Xinxing Village,15893.81628,100125,100162,6,0,6,4,2
Yuejin North Road,People's Hospital,15892.90799,100181,100111,21,4,17,10,7
People's Hospital,Yuejin North Road,15892.90799,100111,100181,17,4,13,2,11
Yingfeng Road,Xiangshan Road,15892.3917,100173,100151,23,6,17,9,8
Xiangshan Road,Yingfeng Road,15892.3917,100151,100173,20,3,17,3,14
Chinese Medicine First Affiliated Hospital,Cao Zhuang,15891.53314,100016,100011,253,84,169,83,86
Cao Zhuang,Chinese Medicine First Affiliated Hospital,15891.53314,100011,100016,220,69,151,99,52
Xinli,Huashan Li,15888.69014,100161,100060,16,3,13,7,6
Huashan Li,Xinli,15888.69014,100060,100161,10,1,9,2,7
North China Group,Guoshan Road,15888.65318,100107,100047,36,12,24,10,14
Guoshan Road,North China Group,15888.65318,100047,100107,31,8,23,19,4
Nansun Zhuang,Erwei Road,15888.5553,100103,100036,17,2,15,13,2
Erwei Road,Nansun Zhuang,15888.5553,100036,100103,13,1,12,8,4
North China Group,Jianshan Road,15888.50486,100107,100066,61,21,40,25,15
Jianshan Road,North China Group,15888.50486,100066,100107,61,14,47,26,21
Binhai International Airport,Nanlou,15888.04344,100010,100102,130,21,109,43,66
Nanlou,Binhai International Airport,15888.04344,100102,100010,115,32,83,37,46
Yihao Bridge,Junliangcheng,15886.93467,100172,100081,1042,191,851,575,276
Junliangcheng,Yihao Bridge,15886.93467,100081,100172,1019,220,799,585,214
Zhanggui Zhuang,Shuanglin,15885.78578,100184,100119,4,1,3,0,3
Shuanglin,Zhanggui Zhuang,15885.78578,100119,100184,3,2,1,1,0
Dongjiang Road,Minquan Gate,15883.65805,100028,100099,1,0,1,1,0
Jinghe Road,Anshan West Road,15882.55315,100071,100003,132,15,117,93,24
Anshan West Road,Jinghe Road,15882.55315,100003,100071,125,15,110,75,35
Yihao Bridge,Liaohe North Road,15882.40342,100172,100084,17,1,16,12,4
Liaohe North Road,Yihao Bridge,15882.40342,100084,100172,14,1,13,8,5
Shaliu South Road,Bianxing,15879.00952,100116,100009,37,7,30,25,5
Bianxing,Shaliu South Road,15879.00952,100009,100116,31,5,26,14,12
Anshan Road,Dongli Development Zone,15877.65075,100002,100030,384,64,320,180,140
Dongli Development Zone,Anshan Road,15877.65075,100030,100002,360,79,281,206,75
Zhaoyuan Road,Jinshi Bridge,15877.50606,100186,100076,5,1,4,4,0
Jinshi Bridge,Zhaoyuan Road,15877.50606,100076,100186,1,0,1,1,0
Jinmao Industrial Area,Yingfeng Road,15876.41694,100074,100173,2,0,2,0,2
Yingfeng Road,Jinmao Industrial Area,15876.41694,100173,100074,1,0,1,0,1
Dongli Yijing Road,Southwest Tower,15874.68561,100033,100125,2,1,1,1,0
Yibin Road,Xiaodian,15874.67127,100171,100155,77,12,65,58,7
Xiaodian,Yibin Road,15874.67127,100155,100171,70,14,56,41,15
Donggu Road,Haihe East Road,15873.63366,100026,100049,8,3,5,5,0
Haihe East Road,Donggu Road,15873.63366,100049,100026,7,1,6,4,2
Xuelian South Road,Zhongshan Road,15872.24132,100164,100190,4,1,3,2,1
Zhongshan Road,Xuelian South Road,15872.24132,100190,100164,3,1,2,2,0
Qinjian Road,Jiangwan Erzhi Road,15871.52471,100113,100065,21,2,19,10,9
Jiangwan Erzhi Road,Qinjian Road,15871.52471,100065,100113,19,3,16,13,3
Xiaodian,Erwei Road,15871.32491,100155,100036,94,16,78,61,17
Erwei Road,Xiaodian,15871.32491,100036,100155,74,7,67,50,17
Qinjian Road,Meijiang Exhibition Centre,15867.83269,100113,100095,149,45,104,65,39
Meijiang Exhibition Centre,Qinjian Road,15867.83269,100095,100113,147,56,91,68,23
Honghu Li,Guoshan Road,15867.04992,100055,100047,58,14,44,30,14
Guoshan Road,Honghu Li,15867.04992,100047,100055,55,12,43,27,16
Tiedong Road,Jiangwan Erzhi Road,15866.58385,100139,100065,13,3,10,8,2
Jiangwan Erzhi Road,Tiedong Road,15866.58385,100065,100139,11,3,8,7,1
Tiantuo,Shuanglin,15864.92764,100138,100119,38,7,31,20,11
Shuanglin,Tiantuo,15864.92764,100119,100138,30,6,24,18,6
Nanzhu Bridge,Jianguo Road,15863.60504,100104,100064,21,4,17,15,2
Jianguo Road,Nanzhu Bridge,15863.60504,100064,100104,16,5,11,2,9
JinZhong Street,Number Two Bridge,15863.58006,100080,100110,49,7,42,27,15
Number Two Bridge,JinZhong Street,15863.58006,100110,100080,42,8,34,21,13
Dongli Development Zone,Jianshan Road,15861.70598,100030,100066,50,10,40,26,14
Jianshan Road,Dongli Development Zone,15861.70598,100066,100030,47,10,37,29,8
Xuefu Industrial Area,Jiefang South Road,15858.19595,100163,100068,124,14,110,85,25
Jiefang South Road,Xuefu Industrial Area,15858.19595,100068,100163,124,15,109,86,23
Liuyuan,Xingfu Park,15856.25855,100091,100159,219,62,157,68,89
Xingfu Park,Liuyuan,15856.25855,100159,100091,212,55,157,89,68
Jianshan Road,Hongni River East,15853.51337,100066,100056,4,1,3,3,0
Hongni River East,Jianshan Road,15853.51337,100056,100066,2,0,2,0,2
Binhai International Airport,Zhongshan Road,15852.10961,100010,100190,273,80,193,82,111
Zhongshan Road,Binhai International Airport,15852.10961,100190,100010,257,52,205,104,101
Zhicheng Road,Chinese Medicine First Affiliated Hospital,15851.26942,100187,100016,133,32,101,58,43
Chinese Medicine First Affiliated Hospital,Zhicheng Road,15851.26942,100016,100187,119,27,92,34,58
Lijiang Road,Cao Zhuang,15850.06222,100085,100011,46,6,40,17,23
Cao Zhuang,Lijiang Road,15850.06222,100011,100085,45,11,34,26,8
Xuzhuangzi,Zhanggui Zhuang,15850.0349,100168,100184,23,4,19,11,8
Zhanggui Zhuang,Xuzhuangzi,15850.0349,100184,100168,21,3,18,9,9
Meijiang Exhibition Centre,Laoshan Road,15846.44657,100095,100082,8,5,3,0,3
Laoshan Road,Meijiang Exhibition Centre,15846.44657,100082,100095,7,4,3,2,1
People's Hospital,Longhan Road,15845.73294,100111,100092,3,0,3,2,1
Longhan Road,People's Hospital,15845.73294,100092,100111,2,1,1,0,1
Xuefu Industrial Area,Xinkai River,15844.83903,100163,100160,8,1,7,5,2
Xinkai River,Xuefu Industrial Area,15844.83903,100160,100163,8,3,5,4,1
Northwest Corner,Haihe East Road,15844.27191,100109,100049,6,2,4,0,4
Haihe East Road,Northwest Corner,15844.27191,100049,100109,4,4,0,0,0
Xunhai Road,Heping Road,15843.14688,100166,100053,28,17,11,3,8
Heping Road,Xunhai Road,15843.14688,100053,100166,22,10,12,5,7
The Financial University,Lushui Road,15842.53424,100132,100093,3,0,3,1,2
Lushui Road,The Financial University,15842.53424,100093,100132,2,0,2,0,2
Chunhai Road,Northwest Corner,15842.03013,100017,100109,22,5,17,11,6
Northwest Corner,Chunhai Road,15842.03013,100109,100017,16,6,10,5,5
Dabi Zhuang,Airport Economic Zone,15841.81317,100021,100001,66,11,55,44,11
Airport Economic Zone,Dabi Zhuang,15841.81317,100001,100021,62,11,51,39,12
The Financial University,Beining Park,15841.54709,100132,100006,45,17,28,13,15
Beining Park,The Financial University,15841.54709,100006,100132,40,13,27,16,11
Zhangxing Zhuang,Zhanggui Zhuang,15840.35948,100185,100184,44,18,26,11,15
Zhanggui Zhuang,Zhangxing Zhuang,15840.35948,100184,100185,33,11,22,8,14
Jingli Road,Yizhongxin Hospital,15840.26066,100073,100177,131,19,112,90,22
Yizhongxin Hospital,Jingli Road,15840.26066,100177,100073,113,22,91,68,23
University of Civil Aviation,Tianjin Hotel,15838.81675,100142,100134,57,11,46,33,13
Tianjin Hotel,University of Civil Aviation,15838.81675,100134,100142,48,10,38,27,11
Binhai International Airport,Xuzhuangzi,15838.71072,100010,100168,16,4,12,5,7
Xuzhuangzi,Binhai International Airport,15838.71072,100168,100010,10,3,7,3,4
Danhebei Road,Northwest Corner,15838.55535,100022,100109,5,0,5,2,3
Northwest Corner,Danhebei Road,15838.55535,100109,100022,5,3,2,0,2
Xinxing Village,Dawang Zhuang,15836.70534,100162,100023,1,0,1,0,1
Huashan Li,Yixingbu,15835.37428,100060,100175,89,23,66,46,20
Yixingbu,Huashan Li,15835.37428,100175,100060,80,23,57,33,24
Zhicheng Road,Lijiang Road,15831.90347,100187,100085,38,10,28,20,8
Lijiang Road,Zhicheng Road,15831.90347,100085,100187,29,6,23,15,8
Xiangshan Road,Wangdingdi,15828.82681,100151,100145,19,6,13,11,2
Wangdingdi,Xiangshan Road,15828.82681,100145,100151,14,2,12,9,3
Yuejin North Road,Bei Zhulin,15828.04992,100181,100004,5,3,2,0,2
Chentang Zhuang,Airport Economic Zone,15828.00385,100015,100001,241,30,211,151,60
Airport Economic Zone,Chentang Zhuang,15828.00385,100001,100015,234,34,200,148,52
Nanhe Zhuang,Tianjin Hotel,15827.69029,100101,100134,44,14,30,16,14
Tianjin Hotel,Nanhe Zhuang,15827.69029,100134,100101,38,15,23,13,10
Fengchan River,Anshan West Road,15825.13138,100039,100003,60,10,50,45,5
Anshan West Road,Fengchan River,15825.13138,100003,100039,52,7,45,31,14
Guangkaisima Road,Chunhai Road,15825.04815,100044,100017,12,1,11,6,5
Chunhai Road,Guangkaisima Road,15825.04815,100017,100044,9,2,7,6,1
Yangwu Zhuang,Dawang Zhuang,15824.89963,100169,100023,133,19,114,92,22
Dawang Zhuang,Yangwu Zhuang,15824.89963,100023,100169,117,16,101,63,38
Dongli Yijing Road,Yaohuan Road,15824.36816,100033,100170,22,4,18,13,5
Yaohuan Road,Dongli Yijing Road,15824.36816,100170,100033,16,2,14,11,3
JinZhong River Street,University town,15823.51427,100079,100143,242,97,145,104,41
University town,JinZhong River Street,15823.51427,100143,100079,199,59,140,80,60
Dabi Zhuang,Yuejin North Road,15822.45689,100021,100181,7,0,7,5,2
Yuejin North Road,Dabi Zhuang,15822.45689,100181,100021,3,1,2,0,2
University town,Fuxing Gate,15822.28523,100143,100041,221,66,155,110,45
Fuxing Gate,University town,15822.28523,100041,100143,204,56,148,68,80
South Station,Jin Street,15820.50388,100122,100070,308,75,233,171,62
Jin Street,South Station,15820.50388,100070,100122,301,99,202,119,83
Xinxing Village,Youyi South Road,15819.37502,100162,100178,2,2,0,0,0
Youyi South Road,Xinxing Village,15819.37502,100178,100162,1,1,0,0,0
Wandong Road,Dongli Development Zone,15818.73519,100144,100030,24,9,15,8,7
Dongli Development Zone,Wandong Road,15818.73519,100030,100144,24,11,13,8,5
Xiaobailou,Dongli Yijing Road,15818.16179,100154,100033,15,0,15,8,7
Dongli Yijing Road,Xiaobailou,15818.16179,100033,100154,4,0,4,2,2
Jinmao Industrial Area,Honghu Li,15816.23647,100074,100055,14,2,12,10,2
Honghu Li,Jinmao Industrial Area,15816.23647,100055,100074,13,3,10,7,3
Minquan Gate,Shuanggang,15814.81116,100099,100118,24,7,17,14,3
Shuanggang,Minquan Gate,15814.81116,100118,100099,23,11,12,6,6
Liuyuan,Zhigu,15814.09589,100091,100188,373,75,298,185,113
Zhigu,Liuyuan,15814.09589,100188,100091,361,83,278,178,100
Dongli Development Zone,Shunchi Bridge,15813.61423,100030,100120,139,27,112,85,27
Shunchi Bridge,Dongli Development Zone,15813.61423,100120,100030,131,18,113,86,27
Lingbin Road,Hongni River East,15811.10982,100087,100056,18,4,14,12,2
Hongni River East,Lingbin Road,15811.10982,100056,100087,17,3,14,9,5
Yudongcheng,Dongting Road,15810.23735,100180,100034,9,2,7,5,2
Dongting Road,Yudongcheng,15810.23735,100034,100180,9,0,9,5,4
Bei Zhulin,Liulin Road,15808.15437,100004,100089,3,0,3,3,0
Nansun Zhuang,Shiyijing Road,15807.71915,100103,100117,2,1,1,1,0
Shiyijing Road,Nansun Zhuang,15807.71915,100117,100103,1,0,1,1,0
Hongni River East,Anshan Road,15806.31918,100056,100002,446,100,346,244,102
Anshan Road,Hongni River East,15806.31918,100002,100056,426,89,337,175,162
Dongli Culture and Sports Centre,Tianjin Hotel,15803.8651,100029,100134,12,3,9,6,3
Tianjin Hotel,Dongli Culture and Sports Centre,15803.8651,100134,100029,12,3,9,9,0
Chunhai Road,JinZhong River Street,15803.73023,100017,100079,19,2,17,11,6
JinZhong River Street,Chunhai Road,15803.73023,100079,100017,18,3,15,9,6
Liuyuan,Zhou and Deng Memorial Museum,15803.67439,100091,100191,258,101,157,66,91
Zhou and Deng Memorial Museum,Liuyuan,15803.67439,100191,100091,176,48,128,58,70
Gaozhuangzi,Jintang Road,15801.9622,100043,100077,71,8,63,47,16
Jintang Road,Gaozhuangzi,15801.9622,100077,100043,69,10,59,31,28
North China Group,Jiayuan Li,15801.93914,100107,100067,175,40,135,72,63
Jiayuan Li,North China Group,15801.93914,100067,100107,145,32,113,79,34
Youyi South Road,Honghu Li,15800.65942,100178,100055,7,5,2,2,0
Honghu Li,Youyi South Road,15800.65942,100055,100178,3,1,2,1,1
Shuanggang,Beining Park,15800.14696,100118,100006,30,5,25,16,9
Beining Park,Shuanggang,15800.14696,100006,100118,29,7,22,19,3
Number Two Bridge,Lushui Road,15798.57246,100110,100093,7,0,7,1,6
Lushui Road,Number Two Bridge,15798.57246,100093,100110,5,2,3,2,1
Jingli Road,Shiyijing Road,15798.36344,100073,100117,56,4,52,44,8
Shiyijing Road,Jingli Road,15798.36344,100117,100073,50,3,47,27,20
Xinli,Water Park Road East,15796.95341,100161,100147,72,28,44,32,12
Water Park Road East,Xinli,15796.95341,100147,100161,59,20,39,29,10
Yangwu Zhuang,Nanlou,15795.33018,100169,100102,145,16,129,110,19
Nanlou,Yangwu Zhuang,15795.33018,100102,100169,117,14,103,77,26
Guoshan Road,Zuojiang Road,15795.06261,100047,100192,1,0,1,1,0
Zuojiang Road,Guoshan Road,15795.06261,100192,100047,1,0,1,0,1
Nansun Zhuang,Honghu Li,15794.79918,100103,100055,5,1,4,2,2
Honghu Li,Nansun Zhuang,15794.79918,100055,100103,1,1,0,0,0
Jinghe Road,Anshan Road,15793.73367,100071,100002,60,22,38,26,12
Anshan Road,Jinghe Road,15793.73367,100002,100071,51,19,32,14,18
Huanyu Road,Yizhongxin Hospital,15793.62529,100059,100177,8,2,6,5,1
Yizhongxin Hospital,Huanyu Road,15793.62529,100177,100059,5,1,4,1,3
Jin Street,Xinxing Village,15792.46062,100070,100162,26,1,25,23,2
Xinxing Village,Jin Street,15792.46062,100162,100070,21,1,20,15,5
North China Group,Wanshan Road,15791.6972,100107,100146,6,1,5,4,1
Wanshan Road,North China Group,15791.6972,100146,100107,4,1,3,3,0
Nanhe Zhuang,Anshan West Road,15790.90657,100101,100003,86,25,61,35,26
Anshan West Road,Nanhe Zhuang,15790.90657,100003,100101,86,30,56,31,25
Zuojiang Road,Xinli,15790.09479,100192,100161,13,3,10,4,6
Xinli,Zuojiang Road,15790.09479,100161,100192,10,1,9,5,4
Lushui Road,Xianyang Road,15787.28416,100093,100153,110,23,87,63,24
Xianyang Road,Lushui Road,15787.28416,100153,100093,69,19,50,36,14
Lushui Road,Chunhai Road,15786.86823,100093,100017,1,1,0,0,0
Dongli Culture and Sports Centre,Tianjin Station,15786.68212,100029,100135,53,21,32,22,10
Tianjin Station,Dongli Culture and Sports Centre,15786.68212,100135,100029,35,10,25,16,9
Lingbin Road,Tianshili,15785.87807,100087,100136,19,3,16,12,4
Tianshili,Lingbin Road,15785.87807,100136,100087,17,1,16,14,2
Number Two Bridge,Huayuan,15784.36197,100110,100061,247,29,218,183,35
Huayuan,Number Two Bridge,15784.36197,100061,100110,216,26,190,131,59
The Financial University,Huayuan,15777.68629,100132,100061,475,68,407,324,83
Huayuan,The Financial University,15777.68629,100061,100132,382,55,327,217,110
Zhangxing Zhuang,Haihe East Road,15769.0325,100185,100049,1,1,0,0,0
Haihe East Road,Zhangxing Zhuang,15769.0325,100049,100185,1,0,1,1,0
Qinjian Road,Yihao Bridge,15769.00963,100113,100172,107,13,94,56,38
Yihao Bridge,Qinjian Road,15769.00963,100172,100113,98,14,84,53,31
Liuyuan,Water Park Road East,15766.42845,100091,100147,541,233,308,199,109
Water Park Road East,Liuyuan,15766.42845,100147,100091,386,131,255,171,84
Wanshan Road,Jieyuan West Road,15764.75061,100146,100069,45,7,38,29,9
Jieyuan West Road,Wanshan Road,15764.75061,100069,100146,37,8,29,25,4
Xuefu Industrial Area,Shiyijing Road,15763.12321,100163,100117,70,7,63,47,16
Shiyijing Road,Xuefu Industrial Area,15763.12321,100117,100163,53,3,50,40,10
Longhan Road,Hongqi South Road,15761.14793,100092,100057,7,0,7,5,2
Hongqi South Road,Longhan Road,15761.14793,100057,100092,2,0,2,1,1
Jiefang South Road,Zhanggui Zhuang,15757.29556,100068,100184,88,23,65,38,27
Zhanggui Zhuang,Jiefang South Road,15757.29556,100184,100068,72,17,55,29,26
Tian Tower,Shuanggang,15757.14845,100133,100118,77,29,48,28,20
Shuanggang,Tian Tower,15757.14845,100118,100133,38,10,28,17,11
Jinshi Bridge,Dongli Development Zone,15756.77961,100076,100030,330,48,282,215,67
Dongli Development Zone,Jinshi Bridge,15756.77961,100030,100076,300,43,257,197,60
Nanzhu Bridge,Southeast Corner,15751.44426,100104,100123,66,21,45,30,15
Southeast Corner,Nanzhu Bridge,15751.44426,100123,100104,50,15,35,21,14
JinZhong Street,Bianxing,15749.86754,100080,100009,21,11,10,4,6
Bianxing,JinZhong Street,15749.86754,100009,100080,17,6,11,3,8
Laoshan Road,Bianxing,15748.31911,100082,100009,67,13,54,45,9
Bianxing,Laoshan Road,15748.31911,100009,100082,46,7,39,27,12
Xunhai Road,Lingbin Road,15746.7789,100166,100087,5,0,5,5,0
Lingbin Road,Xunhai Road,15746.7789,100087,100166,3,0,3,3,0
Ruijing XinYuan,Taichang Road,15746.73818,100114,100128,264,88,176,109,67
Taichang Road,Ruijing XinYuan,15746.73818,100128,100114,250,97,153,76,77
Liaohe North Road,Nancuiping,15746.47764,100084,100100,20,7,13,7,6
Nancuiping,Liaohe North Road,15746.47764,100100,100084,18,4,14,6,8
Tianjin Station,Shuanggang,15746.13932,100135,100118,163,44,119,47,72
Shuanggang,Tianjin Station,15746.13932,100118,100135,134,42,92,40,52
Fangshan Road,Jieyuan West Road,15745.04578,100038,100069,38,12,26,19,7
Jieyuan West Road,Fangshan Road,15745.04578,100069,100038,26,11,15,13,2
Southwest Tower,Haihe Education Zone,15743.07122,100125,100050,13,2,11,5,6
Haihe Education Zone,Southwest Tower,15743.07122,100050,100125,7,2,5,4,1
Changling Road,Dongli Sanjing Road,15740.86746,100013,100032,35,2,33,31,2
Dongli Sanjing Road,Changling Road,15740.86746,100032,100013,20,1,19,16,3
University town,Magangchang,15739.47875,100143,100094,11,6,5,3,2
Magangchang,University town,15739.47875,100094,100143,6,4,2,0,2
Nanlou,National Exhibition Centre,15738.32561,100102,100105,24,5,19,16,3
National Exhibition Centre,Nanlou,15738.32561,100105,100102,15,2,13,10,3
West Station,South Station,15736.1601,100149,100122,2092,793,1299,409,890
South Station,West Station,15736.1601,100122,100149,1918,589,1329,586,743
Xueyuan North Road,Southwest corner,15733.85283,100165,100124,2,0,2,1,1
Southwest corner,Xueyuan North Road,15733.85283,100124,100165,2,0,2,1,1
Honghu Li,Jiefang South Road,15733.19923,100055,100068,255,86,169,123,46
Jiefang South Road,Honghu Li,15733.19923,100068,100055,230,68,162,120,42
Tian Tower,Xuelian South Road,15732.29766,100133,100164,7,2,5,5,0
Xuelian South Road,Tian Tower,15732.29766,100164,100133,6,2,4,3,1
Nancuiping,Liuyuan,15730.39813,100100,100091,181,60,121,86,35
Liuyuan,Nancuiping,15730.39813,100091,100100,150,26,124,93,31
Tianjin Hotel,Haihe Education Zone,15728.95936,100134,100050,45,8,37,33,4
Haihe Education Zone,Tianjin Hotel,15728.95936,100050,100134,38,12,26,22,4
Hongni River East,Chenglin Road,15726.16725,100056,100014,46,9,37,27,10
Chenglin Road,Hongni River East,15726.16725,100014,100056,29,6,23,14,9
Dabi Zhuang,Yizhongxin Hospital,15725.52062,100021,100177,157,33,124,86,38
Yizhongxin Hospital,Dabi Zhuang,15725.52062,100177,100021,133,26,107,65,42
Fuxing Gate,JinZhong Street,15724.61806,100041,100080,56,10,46,29,17
JinZhong Street,Fuxing Gate,15724.61806,100080,100041,42,16,26,16,10
Zhigu,Dongli Yijing Road,15723.15641,100188,100033,1,0,1,0,1
Wujiayao,Airport Economic Zone,15722.60324,100150,100001,792,97,695,519,176
Airport Economic Zone,Wujiayao,15722.60324,100001,100150,716,108,608,453,155
Jinshi Bridge,Chunhai Road,15721.56335,100076,100017,18,4,14,9,5
Chunhai Road,Jinshi Bridge,15721.56335,100017,100076,16,6,10,4,6
Liulin Road,Zhicheng Road,15721.06414,100089,100187,44,16,28,8,20
Zhicheng Road,Liulin Road,15721.06414,100187,100089,40,9,31,22,9
Nansun Zhuang,Xiangshan Road,15719.27202,100103,100151,1,0,1,1,0
Yingfeng Road,Dengzhou South Road,15716.70893,100173,100025,20,3,17,10,7
Dengzhou South Road,Yingfeng Road,15716.70893,100025,100173,17,1,16,10,6
Jintang Road,Dongli Sanjing Road,15710.628,100077,100032,4,1,3,0,3
Dongli Sanjing Road,Jintang Road,15710.628,100032,100077,2,0,2,2,0
Tianjin Hotel,Airport Economic Zone,15709.89546,100134,100001,448,62,386,314,72
Airport Economic Zone,Tianjin Hotel,15709.89546,100001,100134,371,62,309,223,86
Taichang Road,Shuanggang,15709.79615,100128,100118,43,14,29,15,14
Shuanggang,Taichang Road,15709.79615,100118,100128,37,13,24,14,10
Jinghe Road,Chenglin Road,15709.42209,100071,100014,25,6,19,11,8
Chenglin Road,Jinghe Road,15709.42209,100014,100071,23,1,22,12,10
Ruijing XinYuan,Jintang Road,15706.98891,100114,100077,182,49,133,82,51
Jintang Road,Ruijing XinYuan,15706.98891,100077,100114,163,38,125,68,57
Lilou,Yuanyang International Centre,15706.41879,100086,100179,144,25,119,85,34
Yuanyang International Centre,Lilou,15706.41879,100179,100086,124,21,103,50,53
Southeast Corner,Danhebei Road,15706.41042,100123,100022,12,2,10,7,3
Danhebei Road,Southeast Corner,15706.41042,100022,100123,11,3,8,5,3
Liuwei Road,Yangwu Zhuang,15705.96266,100090,100169,30,9,21,9,12
Yangwu Zhuang,Liuwei Road,15705.96266,100169,100090,26,7,19,11,8
Xuzhuangzi,North Beichen Tech Park,15702.03502,100168,100106,15,5,10,4,6
North Beichen Tech Park,Xuzhuangzi,15702.03502,100106,100168,11,1,10,7,3
Wujiayao,Professional University,15701.35163,100150,100112,187,36,151,101,50
Professional University,Wujiayao,15701.35163,100112,100150,186,33,153,119,34
Benxi Road,Professional University,15700.92979,100008,100112,40,8,32,19,13
Professional University,Benxi Road,15700.92979,100112,100008,32,3,29,17,12
Tucheng,North China Group,15698.99872,100140,100107,409,106,303,153,150
North China Group,Tucheng,15698.99872,100107,100140,394,95,299,175,124
Hongni River East,Dawang Zhuang,15697.65466,100056,100023,33,3,30,30,0
Dawang Zhuang,Hongni River East,15697.65466,100023,100056,29,1,28,23,5
JinZhong River Street,Jiangwan Erzhi Road,15697.22024,100079,100065,14,5,9,8,1
Jiangwan Erzhi Road,JinZhong River Street,15697.22024,100065,100079,7,4,3,3,0
Leyuan Road,University of Civil Aviation,15695.82784,100083,100142,17,8,9,4,5
University of Civil Aviation,Leyuan Road,15695.82784,100142,100083,5,2,3,1,2
Fengchan River,Dongxing Road,15695.53884,100039,100035,25,0,25,24,1
Dongxing Road,Fengchan River,15695.53884,100035,100039,22,0,22,21,1
Xuzhuangzi,Meijiang Park,15694.86643,100168,100096,6,2,4,3,1
Meijiang Park,Xuzhuangzi,15694.86643,100096,100168,2,0,2,1,1
Liqi Zhuang South,Minquan Gate,15693.00006,100088,100099,3,0,3,2,1
Minquan Gate,Liqi Zhuang South,15693.00006,100099,100088,1,0,1,0,1
Xinxing Village,Yingkou Road,15690.89574,100162,100174,11,0,11,7,4
Yingkou Road,Xinxing Village,15690.89574,100174,100162,10,3,7,1,6
Yangwu Zhuang,Zhongshan Road,15689.79017,100169,100190,141,31,110,77,33
Zhongshan Road,Yangwu Zhuang,15689.79017,100190,100169,126,25,101,65,36
Dongli Yijing Road,Shunchi Bridge,15689.0598,100033,100120,10,0,10,9,1
Shunchi Bridge,Dongli Yijing Road,15689.0598,100120,100033,5,0,5,3,2
Tumour Hospital,Hangshuang Road,15688.52132,100141,100051,59,3,56,37,19
Hangshuang Road,Tumour Hospital,15688.52132,100051,100141,51,1,50,36,14
Xinkai River,Huanyu Road,15688.15577,100160,100059,1,1,0,0,0
Xianshuigu West,Meijiang Park,15684.14831,100152,100096,188,46,142,90,52
Meijiang Park,Xianshuigu West,15684.14831,100096,100152,182,60,122,86,36
Professional University,Dengzhou Road,15683.39403,100112,100024,78,26,52,40,12
Dengzhou Road,Professional University,15683.39403,100024,100112,52,18,34,24,10
Yangwu Zhuang,Liqi Zhuang South,15683.33255,100169,100088,5,2,3,3,0
Liqi Zhuang South,Yangwu Zhuang,15683.33255,100088,100169,3,1,2,2,0
Jieyuan West Road,Xiangshan Road,15679.22899,100069,100151,83,17,66,30,36
Xiangshan Road,Jieyuan West Road,15679.22899,100151,100069,72,21,51,25,26
Yihao Bridge,Jieyuan West Road,15675.52307,100172,100069,95,27,68,34,34
Jieyuan West Road,Yihao Bridge,15675.52307,100069,100172,93,19,74,55,19
Guoshan Road,Changling Road,15673.12515,100047,100013,22,6,16,10,6
Changling Road,Guoshan Road,15673.12515,100013,100047,10,1,9,5,4
Gulou,Binhai International Airport,15673.07967,100045,100010,1025,347,678,263,415
Binhai International Airport,Gulou,15673.07967,100010,100045,876,245,631,216,415
Dongli Yijing Road,Gaozhuangzi,15671.85693,100033,100043,17,5,12,8,4
Gaozhuangzi,Dongli Yijing Road,15671.85693,100043,100033,13,5,8,5,3
Beichen Road,Qinjian Road,15670.59997,100005,100113,20,3,17,15,2
Qinjian Road,Beichen Road,15670.59997,100113,100005,14,2,12,4,8
Youyi South Road,Beining Park,15670.58621,100178,100006,2,0,2,0,2
University of Civil Aviation,Southwest corner,15669.91107,100142,100124,206,62,144,87,57
Southwest corner,University of Civil Aviation,15669.91107,100124,100142,195,68,127,50,77
Lushui Road,Northwest Corner,15669.49995,100093,100109,64,15,49,22,27
Northwest Corner,Lushui Road,15669.49995,100109,100093,59,16,43,22,21
Binhai International Airport,Liulin Road,15668.48631,100010,100089,115,43,72,23,49
Liulin Road,Binhai International Airport,15668.48631,100089,100010,81,32,49,27,22
Tianshili,Fuxing Gate,15667.31896,100136,100041,21,4,17,15,2
Fuxing Gate,Tianshili,15667.31896,100041,100136,17,1,16,10,6
Jiayuan Li,Wandong Road,15664.36115,100067,100144,50,18,32,18,14
Wandong Road,Jiayuan Li,15664.36115,100144,100067,47,19,28,16,12
Cao Zhuang,Yaohuan Road,15662.61144,100011,100170,74,14,60,25,35
Yaohuan Road,Cao Zhuang,15662.61144,100170,100011,64,10,54,31,23
Chenglin Road,Dongli Liujing Road,15661.68763,100014,100031,33,0,33,30,3
Dongli Liujing Road,Chenglin Road,15661.68763,100031,100014,32,1,31,25,6
Dongli Culture and Sports Centre,Leyuan Road,15660.87619,100029,100083,2,0,2,0,2
Leyuan Road,Dongli Culture and Sports Centre,15660.87619,100083,100029,1,1,0,0,0
Leyuan Road,Liuyuan,15660.61595,100083,100091,170,78,92,34,58
Liuyuan,Leyuan Road,15660.61595,100091,100083,113,43,70,37,33
Yueya River,Liqi Zhuang South,15659.94731,100182,100088,40,7,33,32,1
Liqi Zhuang South,Yueya River,15659.94731,100088,100182,32,8,24,22,2
Huanyu Road,Zhou and Deng Memorial Museum,15659.19924,100059,100191,4,4,0,0,0
Zhou and Deng Memorial Museum,Jinghe Road,15657.21416,100191,100071,16,7,9,5,4
Jinghe Road,Zhou and Deng Memorial Museum,15657.21416,100071,100191,10,3,7,6,1
Bianxing,Liqi Zhuang South,15655.53985,100009,100088,4,2,2,2,0
Liqi Zhuang South,Bianxing,15655.53985,100088,100009,2,1,1,1,0
Dengzhou South Road,Nanhe Zhuang,15653.39916,100025,100101,10,5,5,2,3
Nanhe Zhuang,Dengzhou South Road,15653.39916,100101,100025,5,1,4,2,2
Dengzhou South Road,Wangdingdi,15653.14404,100025,100145,33,2,31,26,5
Wangdingdi,Dengzhou South Road,15653.14404,100145,100025,17,2,15,12,3
Tiantuo,Zhanggui Zhuang,15653.02149,100138,100184,91,18,73,48,25
Zhanggui Zhuang,Tiantuo,15653.02149,100184,100138,83,21,62,44,18
North Station,Liulin Road,15651.98262,100108,100089,442,148,294,216,78
Liulin Road,North Station,15651.98262,100089,100108,441,82,359,276,83
Nanzhu Bridge,Southwest corner,15651.46983,100104,100124,19,7,12,8,4
Southwest corner,Nanzhu Bridge,15651.46983,100124,100104,8,4,4,0,4
Chunhai Road,Donggu Road,15651.22636,100017,100026,119,17,102,78,24
Donggu Road,Chunhai Road,15651.22636,100026,100017,107,21,86,69,17
Dongli Development Zone,Chentang Zhuang,15650.47721,100030,100015,78,14,64,47,17
Chentang Zhuang,Dongli Development Zone,15650.47721,100015,100030,57,11,46,27,19
Chenglin Road,Liuyuan,15648.34363,100014,100091,275,78,197,127,70
Liuyuan,Chenglin Road,15648.34363,100091,100014,252,69,183,93,90
Yuejin North Road,Zhanggui Zhuang,15646.77166,100181,100184,4,2,2,2,0
Zhanggui Zhuang,Yuejin North Road,15646.77166,100184,100181,2,2,0,0,0
Laoshan Road,Yizhongxin Hospital,15646.74855,100082,100177,50,3,47,38,9
Yizhongxin Hospital,Laoshan Road,15646.74855,100177,100082,39,7,32,18,14
Beichen Road,Anshan Road,15646.18826,100005,100002,207,38,169,106,63
Anshan Road,Beichen Road,15646.18826,100002,100005,201,34,167,85,82
Jiefang South Road,Jianchang Road,15645.28351,100068,100063,102,25,77,33,44
Jianchang Road,Jiefang South Road,15645.28351,100063,100068,94,21,73,41,32
Cuifu New Village,Ruijing XinYuan,15645.23336,100019,100114,113,34,79,54,25
Ruijing XinYuan,Cuifu New Village,15645.23336,100114,100019,102,27,75,53,22
Yingfeng Road,Dengzhou Road,15645.1033,100173,100024,65,20,45,32,13
Dengzhou Road,Yingfeng Road,15645.1033,100024,100173,47,7,40,28,12
Huashan Li,Jieyuan West Road,15644.92636,100060,100069,235,40,195,137,58
Jieyuan West Road,Huashan Li,15644.92636,100069,100060,197,43,154,106,48
Zhicheng Road,Yaohuan Road,15644.45269,100187,100170,27,10,17,7,10
Yaohuan Road,Zhicheng Road,15644.45269,100170,100187,26,8,18,12,6
Xinxing Village,Tianjin Station,15644.4143,100162,100135,26,11,15,8,7
Tianjin Station,Xinxing Village,15644.4143,100135,100162,21,10,11,4,7
Fuxing Gate,Bianxing,15643.44103,100041,100009,84,21,63,45,18
Bianxing,Fuxing Gate,15643.44103,100009,100041,64,15,49,39,10
South Station,Meijiang Road,15642.27764,100122,100097,409,80,329,237,92
Meijiang Road,South Station,15642.27764,100097,100122,291,39,252,185,67
Chentang Zhuang,High-Tech Zone,15642.25956,100015,100054,227,31,196,152,44
High-Tech Zone,Chentang Zhuang,15642.25956,100054,100015,188,24,164,123,41
South Station,Tianjin Station,15641.91857,100122,100135,6143,1919,4224,1735,2489
Tianjin Station,South Station,15641.91857,100135,100122,5941,2533,3408,1302,2106
Jiefang South Road,Jieyuan West Road,15640.26464,100068,100069,248,70,178,112,66
Jieyuan West Road,Jiefang South Road,15640.26464,100069,100068,189,47,142,89,53
Binhai International Airport,Zhicheng Road,15639.07914,100010,100187,108,32,76,27,49
Zhicheng Road,Binhai International Airport,15639.07914,100187,100010,84,8,76,41,35
North China Group,Yizhongxin Hospital,15638.42465,100107,100177,200,50,150,97,53
Yizhongxin Hospital,North China Group,15638.42465,100177,100107,192,51,141,80,61
Chunhai Road,People's Hospital,15637.10912,100017,100111,9,1,8,4,4
People's Hospital,Chunhai Road,15637.10912,100111,100017,2,0,2,1,1
Heping Road,Dongli Development Zone,15636.41842,100053,100030,623,211,412,162,250
Dongli Development Zone,Heping Road,15636.41842,100030,100053,493,154,339,190,149
Nanhe Zhuang,Xianyang Road,15634.87469,100101,100153,45,14,31,14,17
Xianyang Road,Nanhe Zhuang,15634.87469,100153,100101,32,10,22,16,6
Xingfu Park,Lilou,15634.60967,100159,100086,125,24,101,67,34
Lilou,Xingfu Park,15634.60967,100086,100159,114,18,96,62,34
Shuanglin,Airport Economic Zone,15632.17407,100119,100001,100,17,83,57,26
Airport Economic Zone,Shuanglin,15632.17407,100001,100119,94,21,73,49,24
Jiefang South Road,Liulin Road,15631.03824,100068,100089,2,1,1,1,0
Changhong Park,Weishan Road,15630.33776,100012,100148,14,5,9,4,5
Weishan Road,Changhong Park,15630.33776,100148,100012,6,2,4,3,1
Shuanglin,Yizhongxin Hospital,15629.97752,100119,100177,72,13,59,48,11
Yizhongxin Hospital,Shuanglin,15629.97752,100177,100119,57,11,46,25,21
The Financial University,Zhicheng Road,15628.74301,100132,100187,79,18,61,25,36
Zhicheng Road,The Financial University,15628.74301,100187,100132,78,22,56,30,26
Gulou,Chunhai Road,15628.2839,100045,100017,19,4,15,5,10
Chunhai Road,Gulou,15628.2839,100017,100045,15,7,8,4,4
Shuanglin,Changhong Park,15628.0265,100119,100012,124,27,97,58,39
Changhong Park,Shuanglin,15628.0265,100012,100119,123,27,96,59,37
Lushui Road,Guangkaisima Road,15627.24151,100093,100044,62,16,46,27,19
Guangkaisima Road,Lushui Road,15627.24151,100044,100093,57,17,40,21,19
Shunchi Bridge,Xuefu Industrial Area,15627.20964,100120,100163,191,11,180,163,17
Xuefu Industrial Area,Shunchi Bridge,15627.20964,100163,100120,171,7,164,129,35
Gaozhuangzi,Changling Road,15626.76645,100043,100013,45,12,33,16,17
Changling Road,Gaozhuangzi,15626.76645,100013,100043,41,13,28,18,10
Xinli,Southwest corner,15622.46246,100161,100124,229,53,176,103,73
Southwest corner,Xinli,15622.46246,100124,100161,209,48,161,100,61
Jinghe Road,Dawang Zhuang,15621.93018,100071,100023,17,8,9,8,1
Dawang Zhuang,Jinghe Road,15621.93018,100023,100071,11,0,11,8,3
Dongli Liujing Road,Hangshuang Road,15621.5405,100031,100051,1,0,1,0,1
Nanzhu Bridge,Yueya River,15620.49008,100104,100182,39,17,22,10,12
Yueya River,Nanzhu Bridge,15620.49008,100182,100104,39,12,27,22,5
Qinjian Road,Dengzhou Road,15619.43025,100113,100024,249,41,208,120,88
Dengzhou Road,Qinjian Road,15619.43025,100024,100113,231,39,192,155,37
Nancuiping,Xiangshan Road,15617.68021,100100,100151,25,9,16,13,3
Xiangshan Road,Nancuiping,15617.68021,100151,100100,9,0,9,7,2
Nanhe Zhuang,Haiguang Temple,15615.69183,100101,100048,121,26,95,64,31
Haiguang Temple,Nanhe Zhuang,15615.69183,100048,100101,78,16,62,42,20
Tian Tower,Lilou,15613.73957,100133,100086,208,43,165,95,70
Lilou,Tian Tower,15613.73957,100086,100133,172,30,142,98,44
Jiefang South Road,Yudongcheng,15613.46396,100068,100180,111,23,88,56,32
Yudongcheng,Jiefang South Road,15613.46396,100180,100068,96,26,70,54,16
JinZhong Street,Hongqi South Road,15611.84483,100080,100057,180,41,139,85,54
Hongqi South Road,JinZhong Street,15611.84483,100057,100080,152,32,120,71,49
University of Civil Aviation,Beining Park,15611.26779,100142,100006,33,11,22,7,15
Beining Park,University of Civil Aviation,15611.26779,100006,100142,24,6,18,11,7
Tiedong Road,Jiefang South Road,15609.51264,100139,100068,104,28,76,43,33
Jiefang South Road,Tiedong Road,15609.51264,100068,100139,88,24,64,35,29
Shaliu South Road,Xinli,15609.4946,100116,100161,4,2,2,0,2
Xinli,Shaliu South Road,15609.4946,100161,100116,3,2,1,0,1
Meijiang Exhibition Centre,Siyuan Road,15609.40941,100095,100121,20,11,9,2,7
Siyuan Road,Meijiang Exhibition Centre,15609.40941,100121,100095,8,5,3,1,2
Fangshan Road,Huaihe Road,15608.29867,100038,100058,8,4,4,0,4
Huaihe Road,Fangshan Road,15608.29867,100058,100038,3,3,0,0,0
Yihao Bridge,Lilou,15607.22584,100172,100086,8,0,8,3,5
Lilou,Yihao Bridge,15607.22584,100086,100172,1,0,1,0,1
Tian Tower,Dabi Zhuang,15606.51383,100133,100021,127,33,94,57,37
Dabi Zhuang,Tian Tower,15606.51383,100021,100133,119,31,88,50,38
Yingkou Road,Binhai International Airport,15605.71257,100174,100010,816,284,532,249,283
Binhai International Airport,Yingkou Road,15605.71257,100010,100174,729,227,502,183,319
Beichen Road,Xikang Road,15605.41925,100005,100158,324,56,268,218,50
Xikang Road,Beichen Road,15605.41925,100158,100005,280,44,236,172,64
Xuzhuangzi,Liuyuan,15604.54247,100168,100091,97,22,75,61,14
Liuyuan,Xuzhuangzi,15604.54247,100091,100168,82,17,65,44,21
Dengzhou South Road,Honghu Li,15603.79969,100025,100055,40,13,27,15,12
Honghu Li,Dengzhou South Road,15603.79969,100055,100025,38,14,24,19,5
Chinese Medicine First Affiliated Hospital,Siyuan Road,15601.06287,100016,100121,53,17,36,20,16
Siyuan Road,Chinese Medicine First Affiliated Hospital,15601.06287,100121,100016,48,10,38,26,12
Xiawafang,Beichen Road,15600.74097,100157,100005,417,74,343,203,140
Beichen Road,Xiawafang,15600.74097,100005,100157,416,92,324,230,94
Zhaoyuan Road,Gulou,15599.35911,100186,100045,19,7,12,6,6
Gulou,Zhaoyuan Road,15599.35911,100045,100186,14,5,9,6,3
Liuwei Road,Xiaodian,15599.34728,100090,100155,3,0,3,0,3
Xiaodian,Liuwei Road,15599.34728,100155,100090,3,0,3,0,3
Guorui Road,Tucheng,15598.66716,100046,100140,65,10,55,34,21
Tucheng,Guorui Road,15598.66716,100140,100046,61,7,54,27,27
Siyuan Road,Lijiang Road,15594.65014,100121,100085,6,1,5,4,1
Lijiang Road,Siyuan Road,15594.65014,100085,100121,4,0,4,1,3
Jieyuan West Road,North China Group,15590.37563,100069,100107,146,42,104,58,46
North China Group,Jieyuan West Road,15590.37563,100107,100069,137,39,98,57,41
Cao Zhuang,Wandong Road,15587.10045,100011,100144,146,29,117,78,39
Wandong Road,Cao Zhuang,15587.10045,100144,100011,145,31,114,76,38
Cultural centre,North China Group,15586.43026,100020,100107,224,115,109,42,67
North China Group,Cultural centre,15586.43026,100107,100020,218,101,117,48,69
Sports Centre,Guoshan Road,15586.41831,100126,100047,25,6,19,14,5
Guoshan Road,Sports Centre,15586.41831,100047,100126,21,6,15,11,4
Magangchang,Changhong Park,15583.98612,100094,100012,15,8,7,6,1
Changhong Park,Magangchang,15583.98612,100012,100094,15,1,14,9,5
Wangdingdi,Liulin Road,15582.56392,100145,100089,12,3,9,9,0
Liulin Road,Wangdingdi,15582.56392,100089,100145,10,4,6,0,6
Airport Economic Zone,Youyi South Road,15581.24558,100001,100178,157,29,128,84,44
Youyi South Road,Airport Economic Zone,15581.24558,100178,100001,150,18,132,101,31
JinZhong River Street,Shuanglin,15580.37027,100079,100119,97,34,63,37,26
Shuanglin,JinZhong River Street,15580.37027,100119,100079,66,29,37,21,16
Yutai,Jinghe Road,15578.74347,100183,100071,1,0,1,0,1
Professional University,Anshan West Road,15574.36476,100112,100003,183,31,152,109,43
Anshan West Road,Professional University,15574.36476,100003,100112,170,43,127,87,40
Meilin Road,Tiedong Road,15572.30101,100098,100139,20,2,18,8,10
Tiedong Road,Meilin Road,15572.30101,100139,100098,17,3,14,9,5
Dongli Culture and Sports Centre,Airport Economic Zone,15572.1286,100029,100001,24,9,15,6,9
Airport Economic Zone,Dongli Culture and Sports Centre,15572.1286,100001,100029,21,11,10,9,1
Dabi Zhuang,Meijiang Road,15571.71851,100021,100097,32,4,28,20,8
Meijiang Road,Dabi Zhuang,15571.71851,100097,100021,32,5,27,19,8
Ruijing XinYuan,Tucheng,15569.38657,100114,100140,970,217,753,465,288
Tucheng,Ruijing XinYuan,15569.38657,100140,100114,951,224,727,418,309
Liuyuan,Cultural centre,15568.52526,100091,100020,606,219,387,248,139
Cultural centre,Liuyuan,15568.52526,100020,100091,531,183,348,195,153
Leyuan Road,Airport Economic Zone,15566.90655,100083,100001,62,25,37,12,25
Airport Economic Zone,Leyuan Road,15566.90655,100001,100083,24,10,14,9,5
Chentang Zhuang,Jinghe Road,15566.56013,100015,100071,2,1,1,0,1
Jinghe Road,Chentang Zhuang,15566.56013,100071,100015,1,0,1,0,1
Zhangxing Zhuang,Meijiang Park,15565.0157,100185,100096,11,1,10,6,4
Meijiang Park,Zhangxing Zhuang,15565.0157,100096,100185,2,0,2,1,1
Nancuiping,Dengzhou Road,15563.65559,100100,100024,75,16,59,49,10
Dengzhou Road,Nancuiping,15563.65559,100024,100100,44,12,32,26,6
Lilou,Guoshan Road,15562.36245,100086,100047,22,5,17,15,2
Guoshan Road,Lilou,15562.36245,100047,100086,6,2,4,4,0
Huashan Li,Qinjian Road,15561.71805,100060,100113,721,223,498,375,123
Qinjian Road,Huashan Li,15561.71805,100113,100060,603,141,462,287,175
Zhaoyuan Road,Jianchang Road,15559.96745,100186,100063,2,1,1,0,1
Jianchang Road,Zhaoyuan Road,15559.96745,100063,100186,1,0,1,1,0
Lilou,Southwest corner,15558.49755,100086,100124,400,96,304,215,89
Southwest corner,Lilou,15558.49755,100124,100086,394,92,302,171,131
Water Park Road East,Guoshan Road,15557.49541,100147,100047,17,5,12,10,2
Guoshan Road,Water Park Road East,15557.49541,100047,100147,12,8,4,3,1
Jingjiang Road,Shuanggang,15556.37591,100072,100118,58,10,48,38,10
Shuanggang,Jingjiang Road,15556.37591,100118,100072,56,8,48,31,17
University town,Lushui Road,15556.19676,100143,100093,169,64,105,45,60
Lushui Road,University town,15556.19676,100093,100143,155,57,98,73,25
High-Tech Zone,Taichang Road,15554.24109,100054,100128,199,39,160,115,45
Taichang Road,High-Tech Zone,15554.24109,100128,100054,192,41,151,108,43
Shaliu South Road,Dongting Road,15550.5715,100116,100034,2,0,2,2,0
Dongting Road,Shaliu South Road,15550.5715,100034,100116,2,0,2,0,2
Cao Zhuang,Zuojiang Road,15550.24482,100011,100192,117,33,84,51,33
Zuojiang Road,Cao Zhuang,15550.24482,100192,100011,110,28,82,52,30
Fengchan River,Laoshan Road,15549.54962,100039,100082,2,0,2,2,0
Laoshan Road,Fengchan River,15549.54962,100082,100039,2,0,2,1,1
Yizhongxin Hospital,Wanshan Road,15548.78101,100177,100146,9,3,6,3,3
Haihe Education Zone,Tumour Hospital,15546.399,100050,100141,90,6,84,51,33
Tumour Hospital,Haihe Education Zone,15546.399,100141,100050,79,12,67,23,44
Jingjiang Road,Dongli Sanjing Road,15543.90463,100072,100032,36,2,34,33,1
Dongli Sanjing Road,Jingjiang Road,15543.90463,100032,100072,29,3,26,22,4
University of Civil Aviation,Haiguang Temple,15543.89612,100142,100048,122,34,88,63,25
Haiguang Temple,University of Civil Aviation,15543.89612,100048,100142,108,34,74,48,26
Honghu Li,Number Two Bridge,15542.95949,100055,100110,81,23,58,40,18
Number Two Bridge,Honghu Li,15542.95949,100110,100055,71,22,49,29,20
Yudongcheng,Liqi Zhuang South,15542.6363,100180,100088,15,0,15,12,3
Liqi Zhuang South,Yudongcheng,15542.6363,100088,100180,12,1,11,10,1
JinZhong Street,Water Park Road East,15540.1252,100080,100147,158,68,90,55,35
Water Park Road East,JinZhong Street,15540.1252,100147,100080,104,34,70,29,41
Dengzhou Road,Wangdingdi,15539.26349,100024,100145,61,12,49,39,10
Wangdingdi,Dengzhou Road,15539.26349,100145,100024,58,12,46,31,15
Xiaodian,Zhigu,15539.25043,100155,100188,51,7,44,33,11
Zhigu,Xiaodian,15539.25043,100188,100155,31,4,27,25,2
Foreign Languages High School,Airport Economic Zone,15538.21114,100040,100001,57,3,54,45,9
Airport Economic Zone,Foreign Languages High School,15538.21114,100001,100040,36,5,31,26,5
Lushui Road,Fuxing Road,15536.39952,100093,100042,87,23,64,49,15
Fuxing Road,Lushui Road,15536.39952,100042,100093,71,11,60,38,22
Yudongcheng,Beichen Road,15535.51021,100180,100005,200,22,178,107,71
Beichen Road,Yudongcheng,15535.51021,100005,100180,177,39,138,109,29
Ruijing XinYuan,Tianjin Hotel,15531.93,100114,100134,189,41,148,98,50
Tianjin Hotel,Ruijing XinYuan,15531.93,100134,100114,172,39,133,90,43
Sports Centre,Beiyangyuan Campus of Tianjin University,15530.42814,100126,100007,14,5,9,8,1
Beiyangyuan Campus of Tianjin University,Sports Centre,15530.42814,100007,100126,9,4,5,4,1
Xueyuan North Road,Wujiayao,15530.37245,100165,100150,1,0,1,0,1
Fangshan Road,Yizhongxin Hospital,15529.07619,100038,100177,18,3,15,10,5
Yizhongxin Hospital,Fangshan Road,15529.07619,100177,100038,11,1,10,5,5
Nansun Zhuang,Jianshan Road,15528.58446,100103,100066,4,0,4,2,2
Jianshan Road,Nansun Zhuang,15528.58446,100066,100103,1,0,1,1,0
Benxi Road,Zuojiang Road,15528.28324,100008,100192,71,25,46,23,23
Zuojiang Road,Benxi Road,15528.28324,100192,100008,53,17,36,22,14
Liulin Road,Tiantuo,15526.76417,100089,100138,28,9,19,8,11
Tiantuo,Liulin Road,15526.76417,100138,100089,25,5,20,9,11
Wandong Road,University town,15526.27978,100144,100143,72,21,51,26,25
University town,Wandong Road,15526.27978,100143,100144,64,20,44,24,20
Liuyuan,Nanlou,15525.45724,100091,100102,1534,336,1198,836,362
Nanlou,Liuyuan,15525.45724,100102,100091,1431,301,1130,729,401
Weishan Road,West Station,15524.80487,100148,100149,18,11,7,5,2
West Station,Weishan Road,15524.80487,100149,100148,17,5,12,3,9
Yuejin North Road,Lingbin Road,15524.37408,100181,100087,31,2,29,25,4
Lingbin Road,Yuejin North Road,15524.37408,100087,100181,27,2,25,20,5
Tianshili,Airport Economic Zone,15523.62983,100136,100001,46,12,34,26,8
Airport Economic Zone,Tianshili,15523.62983,100001,100136,30,8,22,16,6
Meilin Road,High-Tech Zone,15523.39629,100098,100054,153,11,142,128,14
High-Tech Zone,Meilin Road,15523.39629,100054,100098,141,6,135,97,38
Meijiang Exhibition Centre,Bianxing,15522.81324,100095,100009,117,35,82,48,34
Bianxing,Meijiang Exhibition Centre,15522.81324,100009,100095,115,50,65,59,6
Jiayuan Li,Lingbin Road,15522.59335,100067,100087,71,10,61,46,15
Lingbin Road,Jiayuan Li,15522.59335,100087,100067,67,18,49,30,19
Xiaodong Zhuang,Zhigu,15521.11235,100156,100188,358,75,283,205,78
Zhigu,Xiaodong Zhuang,15521.11235,100188,100156,349,59,290,171,119
Yudongcheng,Xiaodian,15520.12734,100180,100155,84,18,66,47,19
Xiaodian,Yudongcheng,15520.12734,100155,100180,74,11,63,54,9
Foreign Languages High School,Yuejin North Road,15518.85486,100040,100181,5,0,5,5,0
Yuejin North Road,Foreign Languages High School,15518.85486,100181,100040,5,1,4,4,0
Cao Zhuang,Tianshili,15517.95122,100011,100136,72,11,61,36,25
Tianshili,Cao Zhuang,15517.95122,100136,100011,63,12,51,42,9
Chinese Medicine First Affiliated Hospital,Dengzhou Road,15517.32167,100016,100024,114,24,90,34,56
Dengzhou Road,Chinese Medicine First Affiliated Hospital,15517.32167,100024,100016,101,22,79,52,27
Wanshan Road,Anshan West Road,15516.86261,100146,100003,30,5,25,20,5
Anshan West Road,Wanshan Road,15516.86261,100003,100146,25,3,22,9,13
Yutai,Yangwu Zhuang,15512.21589,100183,100169,1,0,1,1,0
Yangwu Zhuang,Yutai,15512.21589,100169,100183,1,0,1,1,0
Fengchan River,Xianyang Road,15511.09778,100039,100153,12,0,12,9,3
Xianyang Road,Fengchan River,15511.09778,100153,100039,10,1,9,8,1
Lushui Road,Tiantai Road,15507.5813,100093,100137,158,37,121,66,55
Tiantai Road,Lushui Road,15507.5813,100137,100093,141,36,105,42,63
North Station,Xinli,15507.19533,100108,100161,83,28,55,26,29
Xinli,North Station,15507.19533,100161,100108,77,23,54,34,20
Dabi Zhuang,Chentang Zhuang,15505.39827,100021,100015,105,11,94,71,23
Chentang Zhuang,Dabi Zhuang,15505.39827,100015,100021,81,12,69,42,27
Shuanglin,Hongqi South Road,15502.85774,100119,100057,107,28,79,54,25
Hongqi South Road,Shuanglin,15502.85774,100057,100119,98,20,78,42,36
Dongting Road,Tiedong Road,15502.78647,100034,100139,3,2,1,0,1
Tiedong Road,Dongting Road,15502.78647,100139,100034,3,2,1,1,0
Xiangshan Road,Anshan West Road,15502.37029,100151,100003,77,13,64,31,33
Anshan West Road,Xiangshan Road,15502.37029,100003,100151,62,10,52,25,27
Zhicheng Road,Xuelian South Road,15500.21876,100187,100164,3,0,3,1,2
Xuelian South Road,Zhicheng Road,15500.21876,100164,100187,2,0,2,0,2
Longhan Road,Foreign Languages High School,15500.20254,100092,100040,1,0,1,1,0
Lilou,Jianguo Road,15498.12632,100086,100064,96,15,81,61,20
Jianguo Road,Lilou,15498.12632,100064,100086,90,25,65,48,17
Huaihe Road,Tumour Hospital,15497.81064,100058,100141,242,25,217,150,67
Tumour Hospital,Huaihe Road,15497.81064,100141,100058,226,29,197,107,90
South Station,Chinese Medicine First Affiliated Hospital,15497.45501,100122,100016,367,107,260,137,123
Chinese Medicine First Affiliated Hospital,South Station,15497.45501,100016,100122,345,95,250,98,152
Fangshan Road,Anshan West Road,15497.15779,100038,100003,48,6,42,36,6
Anshan West Road,Fangshan Road,15497.15779,100003,100038,31,4,27,18,9
Beichen Road,Xuzhou Road,15494.51665,100005,100167,186,19,167,136,31
Xuzhou Road,Beichen Road,15494.51665,100167,100005,161,17,144,85,59
Laoshan Road,Tiantuo,15494.13379,100082,100138,49,5,44,33,11
Tiantuo,Laoshan Road,15494.13379,100138,100082,48,8,40,28,12
Gaozhuangzi,Wandong Road,15493.8572,100043,100144,29,13,16,7,9
Wandong Road,Gaozhuangzi,15493.8572,100144,100043,21,9,12,9,3
Dongli Development Zone,Tianjin Hotel,15493.13736,100030,100134,195,53,142,87,55
Tianjin Hotel,Dongli Development Zone,15493.13736,100134,100030,189,47,142,108,34
Liaohe North Road,Yingfeng Road,15490.81562,100084,100173,20,6,14,10,4
Yingfeng Road,Liaohe North Road,15490.81562,100173,100084,17,5,12,10,2
North Station,Hangshuang Road,15490.70157,100108,100051,11,2,9,3,6
Hangshuang Road,North Station,15490.70157,100051,100108,4,2,2,2,0
West Station,Shuanglin,15488.81357,100149,100119,1236,457,779,240,539
Shuanglin,West Station,15488.81357,100119,100149,1106,377,729,388,341
Zhaoyuan Road,Haiguang Temple,15488.76121,100186,100048,43,7,36,27,9
Haiguang Temple,Zhaoyuan Road,15488.76121,100048,100186,29,6,23,13,10
Lijiang Road,University of Civil Aviation,15488.32494,100085,100142,25,8,17,11,6
University of Civil Aviation,Lijiang Road,15488.32494,100142,100085,24,7,17,10,7
Jinshi Bridge,Lushui Road,15487.99687,100076,100093,34,17,17,7,10
Lushui Road,Jinshi Bridge,15487.99687,100093,100076,24,10,14,5,9
Dongxing Road,Jingli Road,15487.24513,100035,100073,18,2,16,16,0
Jingli Road,Dongxing Road,15487.24513,100073,100035,13,2,11,3,8
Hongni River East,Tianjin Hotel,15484.94475,100056,100134,56,7,49,37,12
Tianjin Hotel,Hongni River East,15484.94475,100134,100056,50,5,45,36,9
Gulou,Lushui Road,15484.75815,100045,100093,142,49,93,33,60
Lushui Road,Gulou,15484.75815,100093,100045,126,36,90,46,44
Yutai,Bianxing,15484.42319,100183,100009,7,1,6,4,2
Bianxing,Yutai,15484.42319,100009,100183,6,2,4,2,2
Shuanggang,Fuxing Gate,15484.33968,100118,100041,3,1,2,1,1
Fuxing Gate,Shuanggang,15484.33968,100041,100118,1,0,1,1,0
Jingjiang Road,Liuyuan,15483.49066,100072,100091,459,86,373,244,129
Liuyuan,Jingjiang Road,15483.49066,100091,100072,457,97,360,224,136
Minquan Gate,Yutai,15478.40512,100099,100183,15,6,9,0,9
Yutai,Minquan Gate,15478.40512,100183,100099,7,2,5,4,1
Weishan Road,Zhongshan Road,15477.88251,100148,100190,3,1,2,1,1
Zhongshan Road,Weishan Road,15477.88251,100190,100148,2,1,1,0,1
South Station,Fuxing Road,15476.90856,100122,100042,298,74,224,121,103
Fuxing Road,South Station,15476.90856,100042,100122,216,77,139,94,45
Foreign Languages High School,Lushui Road,15476.90625,100040,100093,27,4,23,11,12
Lushui Road,Foreign Languages High School,15476.90625,100093,100040,27,2,25,15,10
Shuanglin,Zhongshan Road,15476.6259,100119,100190,246,40,206,149,57
Zhongshan Road,Shuanglin,15476.6259,100190,100119,232,33,199,118,81
Dongli Sanjing Road,Liuwei Road,15475.04704,100032,100090,5,0,5,3,2
Liuwei Road,Dongli Sanjing Road,15475.04704,100090,100032,3,0,3,3,0
Honghu Li,The Financial University,15473.7313,100055,100132,563,233,330,171,159
The Financial University,Honghu Li,15473.7313,100132,100055,554,213,341,225,116
Hangshuang Road,Tian Tower,15470.66873,100051,100133,13,7,6,1,5
Tian Tower,Hangshuang Road,15470.66873,100133,100051,5,4,1,0,1
Xiaodian,Qinjian Road,15463.58827,100155,100113,82,5,77,68,9
Qinjian Road,Xiaodian,15463.58827,100113,100155,79,8,71,57,14
Tiedong Road,Airport Economic Zone,15462.81639,100139,100001,355,44,311,262,49
Airport Economic Zone,Tiedong Road,15462.81639,100001,100139,294,30,264,196,68
Haiguang Temple,Fengchan River,15461.93469,100048,100039,96,16,80,63,17
Fengchan River,Haiguang Temple,15461.93469,100039,100048,88,12,76,66,10
Cao Zhuang,Yixingbu North,15461.76185,100011,100176,142,57,85,43,42
Yixingbu North,Cao Zhuang,15461.76185,100176,100011,139,58,81,53,28
Leyuan Road,Nansun Zhuang,15460.76283,100083,100103,13,4,9,9,0
Nansun Zhuang,Leyuan Road,15460.76283,100103,100083,6,2,4,2,2
Binhai International Airport,Xuelian South Road,15459.04549,100010,100164,29,7,22,12,10
Xuelian South Road,Binhai International Airport,15459.04549,100164,100010,23,5,18,12,6
Lijiang Road,South Station,15455.98409,100085,100122,57,15,42,19,23
South Station,Lijiang Road,15455.98409,100122,100085,48,10,38,24,14
Benxi Road,Zhongshan Gate,15451.1145,100008,100189,164,61,103,62,41
Zhongshan Gate,Benxi Road,15451.1145,100189,100008,141,43,98,69,29
Tianjin Hotel,Huaihe Road,15445.17691,100134,100058,170,33,137,84,53
Huaihe Road,Tianjin Hotel,15445.17691,100058,100134,165,37,128,94,34
University of Civil Aviation,Dongli Sanjing Road,15444.91224,100142,100032,11,1,10,10,0
Dongli Sanjing Road,University of Civil Aviation,15444.91224,100032,100142,8,0,8,6,2
Yuejin North Road,Tianshili,15440.96719,100181,100136,13,2,11,11,0
Tianshili,Yuejin North Road,15440.96719,100136,100181,10,2,8,7,1
Dongli Yijing Road,Xuzhou Road,15440.62422,100033,100167,8,0,8,4,4
Xuzhou Road,Dongli Yijing Road,15440.62422,100167,100033,6,1,5,3,2
Tumour Hospital,Dongli Culture and Sports Centre,15439.74358,100141,100029,22,6,16,5,11
Dongli Culture and Sports Centre,Tumour Hospital,15439.74358,100029,100141,18,5,13,5,8
Zhaoyuan Road,Minquan Gate,15439.37867,100186,100099,1,0,1,0,1
Huashan Li,Airport Economic Zone,15437.57435,100060,100001,54,9,45,31,14
Airport Economic Zone,Huashan Li,15437.57435,100001,100060,38,6,32,20,12
Yixingbu North,Airport Economic Zone,15436.53546,100176,100001,272,50,222,161,61
Airport Economic Zone,Yixingbu North,15436.53546,100001,100176,205,42,163,117,46
Jinshi Bridge,Youyi South Road,15434.06458,100076,100178,11,0,11,11,0
Youyi South Road,Jinshi Bridge,15434.06458,100178,100076,9,1,8,6,2
Siyuan Road,Cao Zhuang,15432.29264,100121,100011,33,14,19,12,7
Cao Zhuang,Siyuan Road,15432.29264,100011,100121,25,7,18,9,9
North China Group,Shaliu South Road,15431.78759,100107,100116,75,42,33,26,7
Shaliu South Road,North China Group,15431.78759,100116,100107,69,14,55,26,29
University town,Xingfu Park,15430.34847,100143,100159,191,61,130,64,66
Xingfu Park,University town,15430.34847,100159,100143,167,47,120,74,46
Danhebei Road,Dawang Zhuang,15429.40928,100022,100023,13,2,11,7,4
Dawang Zhuang,Danhebei Road,15429.40928,100023,100022,7,0,7,7,0
Youyi South Road,Northwest Corner,15428.71759,100178,100109,26,10,16,8,8
Northwest Corner,Youyi South Road,15428.71759,100109,100178,5,4,1,1,0
Fuxing Gate,Yixingbu North,15428.22939,100041,100176,90,17,73,41,32
Yixingbu North,Fuxing Gate,15428.22939,100176,100041,81,7,74,50,24
South Station,Zuojiang Road,15424.22267,100122,100192,275,68,207,110,97
Zuojiang Road,South Station,15424.22267,100192,100122,193,56,137,78,59
Yuejin North Road,Zuojiang Road,15423.87441,100181,100192,1,0,1,0,1
Nansun Zhuang,Northwest Corner,15422.85735,100103,100109,11,2,9,7,2
Northwest Corner,Nansun Zhuang,15422.85735,100109,100103,11,3,8,1,7
Magangchang,JinZhong River Street,15422.03102,100094,100079,24,7,17,15,2
JinZhong River Street,Magangchang,15422.03102,100079,100094,23,4,19,15,4
Yizhongxin Hospital,Zhanggui Zhuang,15418.07137,100177,100184,156,30,126,80,46
Zhanggui Zhuang,Yizhongxin Hospital,15418.07137,100184,100177,145,21,124,101,23
Dongli Sanjing Road,Cuifu New Village,15416.7693,100032,100019,46,2,44,41,3
Cuifu New Village,Dongli Sanjing Road,15416.7693,100019,100032,36,1,35,29,6
Xuzhuangzi,Huashan Li,15416.27982,100168,100060,46,10,36,28,8
Huashan Li,Xuzhuangzi,15416.27982,100060,100168,39,8,31,27,4
Nanlou,Professional University,15415.95505,100102,100112,95,19,76,59,17
Professional University,Nanlou,15415.95505,100112,100102,89,22,67,48,19
Shunchi Bridge,Lilou,15414.0923,100120,100086,53,7,46,26,20
Lilou,Shunchi Bridge,15414.0923,100086,100120,34,7,27,16,11
Jin Street,Binhai International Airport,15413.91288,100070,100010,111,31,80,39,41
Binhai International Airport,Jin Street,15413.91288,100010,100070,103,27,76,33,43
Xikang Road,Dongjiang Road,15413.04816,100158,100028,2,0,2,0,2
Meijiang Exhibition Centre,Wanshan Road,15412.93671,100095,100146,1,1,0,0,0
Yudongcheng,Benxi Road,15412.16683,100180,100008,333,63,270,174,96
Benxi Road,Yudongcheng,15412.16683,100008,100180,258,61,197,124,73
Yuejin North Road,Sports Centre,15412.14847,100181,100126,66,22,44,32,12
Sports Centre,Yuejin North Road,15412.14847,100126,100181,49,12,37,26,11
Siyuan Road,Yaohuan Road,15407.19936,100121,100170,2,2,0,0,0
Yaohuan Road,Siyuan Road,15407.19936,100170,100121,2,2,0,0,0
Xuzhou Road,Lilou,15405.98406,100167,100086,1,0,1,1,0
Zuojiang Road,Longhan Road,15405.22209,100192,100092,2,2,0,0,0
Yangwu Zhuang,Yuanyang International Centre,15404.91159,100169,100179,102,34,68,54,14
Yuanyang International Centre,Yangwu Zhuang,15404.91159,100179,100169,82,24,58,41,17
Xinli,Steel Tube Company,15404.67808,100161,100127,1782,448,1334,815,519
Steel Tube Company,Xinli,15404.67808,100127,100161,1777,452,1325,823,502
Erwei Road,Xinli,15402.15218,100036,100161,84,14,70,34,36
Xinli,Erwei Road,15402.15218,100161,100036,83,15,68,44,24
Longhan Road,Yingfeng Road,15399.97976,100092,100173,2,2,0,0,0
Yingfeng Road,Longhan Road,15399.97976,100173,100092,1,1,0,0,0
Jinnan Campus of Nankai University,Jianshan Road,15399.1937,100075,100066,71,27,44,21,23
Jianshan Road,Jinnan Campus of Nankai University,15399.1937,100066,100075,59,14,45,30,15
Huaihe Road,Zhou and Deng Memorial Museum,15398.61346,100058,100191,82,17,65,43,22
Zhou and Deng Memorial Museum,Huaihe Road,15398.61346,100191,100058,69,16,53,32,21
Dongli Sanjing Road,Xiawafang,15398.49765,100032,100157,15,1,14,12,2
Xiawafang,Dongli Sanjing Road,15398.49765,100157,100032,11,1,10,8,2
Dengzhou South Road,Nancuiping,15398.06861,100025,100100,15,3,12,8,4
Nancuiping,Dengzhou South Road,15398.06861,100100,100025,13,2,11,7,4
Meijiang Park,Dengzhou Road,15396.27861,100096,100024,10,2,8,4,4
Dengzhou Road,Meijiang Park,15396.27861,100024,100096,7,3,4,1,3
Tiantai Road,Xuefu Industrial Area,15394.95546,100137,100163,203,11,192,163,29
Xuefu Industrial Area,Tiantai Road,15394.95546,100163,100137,176,7,169,149,20
Yibin Road,The Financial University,15394.35649,100171,100132,77,16,61,41,20
The Financial University,Yibin Road,15394.35649,100132,100171,76,15,61,34,27
Zuojiang Road,Yixingbu,15393.31022,100192,100175,19,7,12,4,8
Yixingbu,Zuojiang Road,15393.31022,100175,100192,8,0,8,3,5
Meijiang Exhibition Centre,Fangshan Road,15393.23188,100095,100038,5,4,1,0,1
Fangshan Road,Meijiang Exhibition Centre,15393.23188,100038,100095,3,1,2,0,2
Yangwu Zhuang,Meijiang Exhibition Centre,15383.93811,100169,100095,49,18,31,18,13
Meijiang Exhibition Centre,Yangwu Zhuang,15383.93811,100095,100169,42,18,24,11,13
South Station,Southwest corner,15381.08054,100122,100124,633,172,461,266,195
Southwest corner,South Station,15381.08054,100124,100122,551,163,388,202,186
Yuejin North Road,Tiedong Road,15380.15374,100181,100139,17,0,17,14,3
Tiedong Road,Yuejin North Road,15380.15374,100139,100181,10,2,8,7,1
Liulin Road,Beining Park,15379.3009,100089,100006,21,7,14,8,6
Beining Park,Liulin Road,15379.3009,100006,100089,18,7,11,8,3
Lingbin Road,Xuzhuangzi,15378.92378,100087,100168,12,1,11,11,0
Xuzhuangzi,Lingbin Road,15378.92378,100168,100087,10,2,8,2,6
Zhongshan Road,Liqi Zhuang South,15377.40016,100190,100088,9,2,7,5,2
Liqi Zhuang South,Zhongshan Road,15377.40016,100088,100190,8,2,6,3,3
Shiyijing Road,Binhai International Airport,15376.55458,100117,100010,315,93,222,114,108
Binhai International Airport,Shiyijing Road,15376.55458,100010,100117,276,74,202,105,97
Yibin Road,Shuanggang,15375.61442,100171,100118,103,15,88,63,25
Shuanggang,Yibin Road,15375.61442,100118,100171,85,12,73,51,22
West Station,Zhanggui Zhuang,15375.22211,100149,100184,426,122,304,98,206
Zhanggui Zhuang,West Station,15375.22211,100184,100149,256,88,168,74,94
Leyuan Road,North China Group,15375.11862,100083,100107,39,22,17,8,9
North China Group,Leyuan Road,15375.11862,100107,100083,18,3,15,5,10
Nanhe Zhuang,Xiaodian,15372.96774,100101,100155,4,1,3,1,2
Xiaodian,Nanhe Zhuang,15372.96774,100155,100101,2,0,2,1,1
South Station,Haiguang Temple,15372.81328,100122,100048,1428,233,1195,823,372
Haiguang Temple,South Station,15372.81328,100048,100122,1104,225,879,534,345
Youyi South Road,Xuefu Industrial Area,15370.00606,100178,100163,1,0,1,0,1
Dongli Yijing Road,Guoshan Road,15369.58228,100033,100047,4,1,3,3,0
Guoshan Road,Dongli Yijing Road,15369.58228,100047,100033,4,1,3,3,0
Nanzhu Bridge,Erwei Road,15368.9393,100104,100036,54,11,43,35,8
Erwei Road,Nanzhu Bridge,15368.9393,100036,100104,50,8,42,26,16
Jianchang Road,Lijiang Road,15367.53548,100063,100085,21,1,20,17,3
Lijiang Road,Jianchang Road,15367.53548,100085,100063,9,3,6,2,4
Xianyang Road,The Financial University,15367.19619,100153,100132,238,73,165,103,62
The Financial University,Xianyang Road,15367.19619,100132,100153,235,66,169,99,70
Chinese Medicine First Affiliated Hospital,Jingli Road,15363.10833,100016,100073,80,20,60,32,28
Jingli Road,Chinese Medicine First Affiliated Hospital,15363.10833,100073,100016,65,13,52,37,15
Zuojiang Road,Lilou,15362.40672,100192,100086,3,1,2,2,0
Youyi South Road,Gulou,15362.34877,100178,100045,6,4,2,0,2
Gulou,Youyi South Road,15362.34877,100045,100178,4,1,3,1,2
Nanhe Zhuang,Beichen Road,15362.24351,100101,100005,40,10,30,13,17
Beichen Road,Nanhe Zhuang,15362.24351,100005,100101,33,8,25,14,11
Shuanggang,Haiguang Temple,15361.28612,100118,100048,39,11,28,18,10
Haiguang Temple,Shuanggang,15361.28612,100048,100118,31,8,23,6,17
Xuefu Industrial Area,North Station,15360.44428,100163,100108,101,11,90,64,26
North Station,Xuefu Industrial Area,15360.44428,100108,100163,83,16,67,50,17
Yudongcheng,Hongni River East,15359.71988,100180,100056,38,11,27,16,11
Hongni River East,Yudongcheng,15359.71988,100056,100180,28,8,20,10,10
Jianchang Road,Chinese Medicine First Affiliated Hospital,15359.64576,100063,100016,144,39,105,61,44
Chinese Medicine First Affiliated Hospital,Jianchang Road,15359.64576,100016,100063,120,30,90,41,49
Honghu Li,Xuefu Industrial Area,15358.55687,100055,100163,157,16,141,137,4
Xuefu Industrial Area,Honghu Li,15358.55687,100163,100055,144,9,135,99,36
Tianshili,Meijiang Road,15357.54233,100136,100097,5,1,4,3,1
Meijiang Road,Tianshili,15357.54233,100097,100136,5,0,5,5,0
North Station,Youyi South Road,15356.29002,100108,100178,1,0,1,0,1
Youyi South Road,North Station,15356.29002,100178,100108,1,0,1,0,1
Shaliu South Road,Jiefang South Road,15353.79812,100116,100068,23,9,14,7,7
Jiefang South Road,Shaliu South Road,15353.79812,100068,100116,23,5,18,10,8
Cuifu New Village,University town,15353.13541,100019,100143,146,38,108,66,42
University town,Cuifu New Village,15353.13541,100143,100019,133,39,94,49,45
Wujiayao,Xinli,15350.86056,100150,100161,198,41,157,95,62
Xinli,Wujiayao,15350.86056,100161,100150,197,26,171,124,47
Leyuan Road,Dongli Development Zone,15350.14845,100083,100030,21,6,15,10,5
Dongli Development Zone,Leyuan Road,15350.14845,100030,100083,18,8,10,7,3
Liaohe North Road,Water Park Road East,15349.51708,100084,100147,31,15,16,6,10
Water Park Road East,Liaohe North Road,15349.51708,100147,100084,19,8,11,3,8
Professional University,Southwest Tower,15347.7437,100112,100125,366,71,295,210,85
Southwest Tower,Professional University,15347.7437,100125,100112,329,82,247,159,88
Nanzhu Bridge,Jin Street,15345.89603,100104,100070,73,11,62,52,10
Jin Street,Nanzhu Bridge,15345.89603,100070,100104,69,16,53,37,16
Danhebei Road,Fuxing Road,15344.88164,100022,100042,4,0,4,2,2
Fuxing Road,Danhebei Road,15344.88164,100042,100022,4,2,2,1,1
Jinghe Road,Jiangwan Erzhi Road,15344.34928,100071,100065,1,0,1,0,1
Jiangwan Erzhi Road,Jinghe Road,15344.34928,100065,100071,1,0,1,0,1
Dongli Culture and Sports Centre,Jinwan Square,15343.37519,100029,100078,4,2,2,2,0
Jinwan Square,Dongli Culture and Sports Centre,15343.37519,100078,100029,4,0,4,0,4
Jinwan Square,Shuanggang,15343.28871,100078,100118,35,12,23,10,13
Shuanggang,Jinwan Square,15343.28871,100118,100078,24,9,15,9,6
Jianshan Road,Ruijing XinYuan,15342.58041,100066,100114,53,12,41,12,29
Ruijing XinYuan,Jianshan Road,15342.58041,100114,100066,41,11,30,16,14
Hongni River East,Leyuan Road,15341.95584,100056,100083,3,2,1,0,1
Leyuan Road,Hongni River East,15341.95584,100083,100056,2,1,1,0,1
Tiantuo,Jinghe Road,15341.18293,100138,100071,69,10,59,35,24
Jinghe Road,Tiantuo,15341.18293,100071,100138,64,19,45,33,12
Siyuan Road,University of Civil Aviation,15341.05595,100121,100142,9,6,3,2,1
University of Civil Aviation,Siyuan Road,15341.05595,100142,100121,4,2,2,2,0
Hangshuang Road,Northwest Corner,15340.2968,100051,100109,39,2,37,29,8
Northwest Corner,Hangshuang Road,15340.2968,100109,100051,36,0,36,30,6
Yuejin North Road,Yixingbu North,15339.6148,100181,100176,38,6,32,18,14
Yixingbu North,Yuejin North Road,15339.6148,100176,100181,32,9,23,12,11
Number Two Bridge,Liqi Zhuang South,15339.34129,100110,100088,8,3,5,2,3
Liqi Zhuang South,Number Two Bridge,15339.34129,100088,100110,8,2,6,6,0
Yueya River,Yutai,15337.41509,100182,100183,32,12,20,10,10
Yutai,Yueya River,15337.41509,100183,100182,31,8,23,18,5
Tiantai Road,Youyi South Road,15335.26992,100137,100178,1,0,1,0,1
Nansun Zhuang,Dengzhou Road,15329.43603,100103,100024,1,0,1,0,1
Yuejin North Road,Water Park Road East,15327.98395,100181,100147,41,14,27,23,4
Water Park Road East,Yuejin North Road,15327.98395,100147,100181,35,13,22,9,13
Lijiang Road,Jingli Road,15321.63741,100085,100073,2,1,1,0,1
Jingli Road,Lijiang Road,15321.63741,100073,100085,1,1,0,0,0
Longhan Road,Yixingbu North,15320.96249,100092,100176,10,1,9,5,4
Yixingbu North,Longhan Road,15320.96249,100176,100092,4,0,4,2,2
Changhong Park,Beichen Road,15319.41468,100012,100005,48,16,32,21,11
Beichen Road,Changhong Park,15319.41468,100005,100012,45,12,33,28,5
Yuanyang International Centre,Nanzhu Bridge,15316.64174,100179,100104,88,22,66,42,24
Nanzhu Bridge,Yuanyang International Centre,15316.64174,100104,100179,72,22,50,38,12
Xiaodian,Xikang Road,15315.9632,100155,100158,260,41,219,174,45
Xikang Road,Xiaodian,15315.9632,100158,100155,233,31,202,154,48
Nanhe Zhuang,Zhongshan Gate,15315.79789,100101,100189,39,11,28,12,16
Zhongshan Gate,Nanhe Zhuang,15315.79789,100189,100101,34,9,25,20,5
Jianchang Road,Dongting Road,15315.11711,100063,100034,12,0,12,11,1
Dongting Road,Jianchang Road,15315.11711,100034,100063,11,2,9,3,6
Nanzhu Bridge,Fuxing Road,15314.76095,100104,100042,6,2,4,2,2
Fuxing Road,Nanzhu Bridge,15314.76095,100042,100104,3,0,3,1,2
Meijiang Exhibition Centre,Jianchang Road,15314.09278,100095,100063,50,20,30,22,8
Jianchang Road,Meijiang Exhibition Centre,15314.09278,100063,100095,42,22,20,16,4
Huaihe Road,Jianshan Road,15313.00926,100058,100066,29,6,23,20,3
Jianshan Road,Huaihe Road,15313.00926,100066,100058,17,4,13,11,2
Huaihe Road,Zhongshan Gate,15309.27383,100058,100189,120,25,95,74,21
Zhongshan Gate,Huaihe Road,15309.27383,100189,100058,88,13,75,63,12
Xiangshan Road,Meijiang Park,15308.62648,100151,100096,1,1,0,0,0
High-Tech Zone,Beining Park,15308.0541,100054,100006,111,15,96,75,21
Beining Park,High-Tech Zone,15308.0541,100006,100054,107,10,97,82,15
Jianchang Road,Lushui Road,15307.68057,100063,100093,35,4,31,10,21
Lushui Road,Jianchang Road,15307.68057,100093,100063,26,7,19,7,12
Dongli Development Zone,Yuanyang International Centre,15305.75128,100030,100179,194,44,150,101,49
Yuanyang International Centre,Dongli Development Zone,15305.75128,100179,100030,182,36,146,82,64
Yixingbu North,Meijiang Road,15301.35296,100176,100097,70,10,60,42,18
Meijiang Road,Yixingbu North,15301.35296,100097,100176,68,10,58,38,20
Zhanggui Zhuang,Hongqi South Road,15300.74205,100184,100057,106,18,88,56,32
Hongqi South Road,Zhanggui Zhuang,15300.74205,100057,100184,102,18,84,49,35
Yueya River,Xinli,15298.70988,100182,100161,127,31,96,55,41
Xinli,Yueya River,15298.70988,100161,100182,95,21,74,38,36
Danhebei Road,Heping Road,15297.65397,100022,100053,32,22,10,7,3
Heping Road,Danhebei Road,15297.65397,100053,100022,23,14,9,4,5
Southeast Corner,Lilou,15296.92354,100123,100086,277,90,187,104,83
Lilou,Southeast Corner,15296.92354,100086,100123,259,70,189,120,69
Guorui Road,Jinmao Industrial Area,15294.54181,100046,100074,5,0,5,5,0
Jinmao Industrial Area,Guorui Road,15294.54181,100074,100046,5,0,5,5,0
Fangshan Road,National Exhibition Centre,15294.18508,100038,100105,9,4,5,5,0
National Exhibition Centre,Fangshan Road,15294.18508,100105,100038,3,0,3,3,0
Yizhongxin Hospital,Liulin Road,15291.81405,100177,100089,144,23,121,93,28
Liulin Road,Yizhongxin Hospital,15291.81405,100089,100177,111,30,81,44,37
Nanzhu Bridge,West Station,15290.09943,100104,100149,50,17,33,21,12
West Station,Nanzhu Bridge,15290.09943,100149,100104,38,11,27,8,19
University town,Zhongshan Gate,15289.5099,100143,100189,258,75,183,102,81
Zhongshan Gate,University town,15289.5099,100189,100143,224,78,146,82,64
Jinmao Industrial Area,Tiantai Road,15289.50049,100074,100137,1,0,1,1,0
Huayuan,Yixingbu North,15289.30095,100061,100176,233,23,210,152,58
Yixingbu North,Huayuan,15289.30095,100176,100061,232,21,211,181,30
Yangwu Zhuang,Northwest Corner,15288.46096,100169,100109,277,91,186,137,49
Northwest Corner,Yangwu Zhuang,15288.46096,100109,100169,247,70,177,95,82
Guoshan Road,Huaihe Road,15287.82727,100047,100058,23,4,19,17,2
Huaihe Road,Guoshan Road,15287.82727,100058,100047,22,3,19,15,4
Danhebei Road,Chenglin Road,15285.30691,100022,100014,42,12,30,6,24
Chenglin Road,Danhebei Road,15285.30691,100014,100022,33,15,18,13,5
Beichen Road,Zhigu,15284.63048,100005,100188,245,36,209,150,59
Zhigu,Beichen Road,15284.63048,100188,100005,235,37,198,125,73
Changhong Park,Liulin Road,15279.6059,100012,100089,89,21,68,42,26
Liulin Road,Changhong Park,15279.6059,100089,100012,88,20,68,27,41
Steel Tube Company,Taida,15278.92175,100127,100129,1717,437,1280,1011,269
Taida,Steel Tube Company,15278.92175,100129,100127,1652,453,1199,827,372
Shaliu South Road,Huayuan,15278.56722,100116,100061,140,15,125,102,23
Huayuan,Shaliu South Road,15278.56722,100061,100116,109,11,98,86,12
Jiangwan Erzhi Road,Dongli Liujing Road,15278.00876,100065,100031,25,0,25,25,0
Dongli Liujing Road,Jiangwan Erzhi Road,15278.00876,100031,100065,19,0,19,15,4
Jiangwan Erzhi Road,Yangwu Zhuang,15277.8217,100065,100169,3,3,0,0,0
Yangwu Zhuang,Jiangwan Erzhi Road,15277.8217,100169,100065,1,0,1,0,1
Tianshili,Liuyuan,15270.95022,100136,100091,26,7,19,11,8
Liuyuan,Tianshili,15270.95022,100091,100136,20,7,13,3,10
Yaohuan Road,South Station,15268.53331,100170,100122,54,19,35,17,18
South Station,Yaohuan Road,15268.53331,100122,100170,50,13,37,21,16
Dabi Zhuang,Tiantuo,15268.34608,100021,100138,114,21,93,68,25
Tiantuo,Dabi Zhuang,15268.34608,100138,100021,108,19,89,65,24
Xiaobailou,Fengchan River,15267.83504,100154,100039,95,24,71,37,34
Fengchan River,Xiaobailou,15267.83504,100039,100154,89,14,75,56,19
Beichen Road,Southwest corner,15264.61194,100005,100124,124,30,94,47,47
Southwest corner,Beichen Road,15264.61194,100124,100005,122,33,89,33,56
Jieyuan West Road,Dengzhou Road,15263.77444,100069,100024,244,49,195,146,49
Dengzhou Road,Jieyuan West Road,15263.77444,100024,100069,212,60,152,101,51
Airport Economic Zone,Northwest Corner,15263.37527,100001,100109,914,242,672,410,262
Northwest Corner,Airport Economic Zone,15263.37527,100109,100001,906,242,664,377,287
Ruijing XinYuan,Huayuan,15263.23806,100114,100061,269,31,238,199,39
Huayuan,Ruijing XinYuan,15263.23806,100061,100114,259,21,238,172,66
Liaohe North Road,Jinmao Industrial Area,15262.68007,100084,100074,10,1,9,8,1
Jinmao Industrial Area,Liaohe North Road,15262.68007,100074,100084,7,0,7,7,0
Professional University,Xianyang Road,15260.33116,100112,100153,71,15,56,40,16
Xianyang Road,Professional University,15260.33116,100153,100112,58,11,47,32,15
Anshan Road,Xiaodian,15260.08754,100002,100155,205,37,168,61,107
Xiaodian,Anshan Road,15260.08754,100155,100002,202,41,161,105,56
Huayuan,Siyuan Road,15259.83175,100061,100121,57,6,51,36,15
Siyuan Road,Huayuan,15259.83175,100121,100061,40,7,33,27,6
North Station,Huanyu Road,15258.03592,100108,100059,2,1,1,0,1
Huanyu Road,North Station,15258.03592,100059,100108,1,0,1,0,1
Laoshan Road,Professional University,15254.7386,100082,100112,38,13,25,10,15
Professional University,Laoshan Road,15254.7386,100112,100082,38,12,26,13,13
Wangdingdi,Liuyuan,15254.27091,100145,100091,96,35,61,38,23
Liuyuan,Wangdingdi,15254.27091,100091,100145,80,24,56,28,28
Yixingbu North,Lingbin Road,15253.36933,100176,100087,108,29,79,50,29
Lingbin Road,Yixingbu North,15253.36933,100087,100176,103,21,82,52,30
Zhanggui Zhuang,Zhicheng Road,15252.73474,100184,100187,55,13,42,29,13
Zhicheng Road,Zhanggui Zhuang,15252.73474,100187,100184,50,15,35,23,12
Honghu Li,Liqi Zhuang South,15250.71726,100055,100088,15,4,11,7,4
Liqi Zhuang South,Honghu Li,15250.71726,100088,100055,12,3,9,7,2
Jiangwan Erzhi Road,Bianxing,15250.029,100065,100009,16,4,12,7,5
Bianxing,Jiangwan Erzhi Road,15250.029,100009,100065,12,2,10,7,3
Shaliu South Road,Tiantuo,15249.52405,100116,100138,116,24,92,77,15
Tiantuo,Shaliu South Road,15249.52405,100138,100116,95,14,81,58,23
Jintang Road,Jingli Road,15248.82842,100077,100073,45,9,36,25,11
Jingli Road,Jintang Road,15248.82842,100073,100077,44,12,32,27,5
Tian Tower,North China Group,15248.21557,100133,100107,703,218,485,202,283
North China Group,Tian Tower,15248.21557,100107,100133,662,230,432,210,222
Southeast Corner,Dongjiang Road,15246.39915,100123,100028,1,1,0,0,0
Zhou and Deng Memorial Museum,Guoshan Road,15246.08608,100191,100047,37,8,29,23,6
Guoshan Road,Zhou and Deng Memorial Museum,15246.08608,100047,100191,36,11,25,15,10
Chinese Medicine First Affiliated Hospital,Hongni River East,15245.47097,100016,100056,36,11,25,13,12
Hongni River East,Chinese Medicine First Affiliated Hospital,15245.47097,100056,100016,34,10,24,18,6
Minquan Gate,Jiangwan Erzhi Road,15244.01093,100099,100065,7,6,1,0,1
Jiangwan Erzhi Road,Minquan Gate,15244.01093,100065,100099,3,2,1,0,1
Binhai International Airport,Beining Park,15242.95322,100010,100006,181,68,113,48,65
Beining Park,Binhai International Airport,15242.95322,100006,100010,50,9,41,13,28
Lushui Road,People's Hospital,15241.126,100093,100111,388,98,290,197,93
People's Hospital,Lushui Road,15241.126,100111,100093,347,95,252,86,166
Tiedong Road,High-Tech Zone,15240.52058,100139,100054,491,45,446,400,46
High-Tech Zone,Tiedong Road,15240.52058,100054,100139,453,50,403,321,82
Yibin Road,Guoshan Road,15240.26381,100171,100047,56,6,50,38,12
Guoshan Road,Yibin Road,15240.26381,100047,100171,40,5,35,21,14
Xianshuigu West,Meijiang Exhibition Centre,15239.1336,100152,100095,668,248,420,244,176
Meijiang Exhibition Centre,Xianshuigu West,15239.1336,100095,100152,649,250,399,229,170
Professional University,Haiguang Temple,15238.48147,100112,100048,328,62,266,188,78
Haiguang Temple,Professional University,15238.48147,100048,100112,278,49,229,153,76
Liqi Zhuang South,Dengzhou South Road,15238.29263,100088,100025,5,2,3,1,2
Dengzhou South Road,Liqi Zhuang South,15238.29263,100025,100088,1,0,1,0,1
Number Two Bridge,Yixingbu,15238.04663,100110,100175,24,6,18,9,9
Yixingbu,Number Two Bridge,15238.04663,100175,100110,19,9,10,5,5
Hongqi South Road,Huanyu Road,15236.21355,100057,100059,13,0,13,13,0
Huanyu Road,Hongqi South Road,15236.21355,100059,100057,12,0,12,11,1
Zhangxing Zhuang,Hangshuang Road,15236.00234,100185,100051,28,6,22,17,5
Hangshuang Road,Zhangxing Zhuang,15236.00234,100051,100185,26,5,21,13,8
Dongli Culture and Sports Centre,Yingkou Road,15233.10258,100029,100174,147,66,81,51,30
Yingkou Road,Dongli Culture and Sports Centre,15233.10258,100174,100029,104,43,61,39,22
Tian Tower,Liuyuan,15232.77461,100133,100091,810,239,571,304,267
Liuyuan,Tian Tower,15232.77461,100091,100133,787,196,591,403,188
JinZhong Street,Zhou and Deng Memorial Museum,15231.50676,100080,100191,43,17,26,14,12
Zhou and Deng Memorial Museum,JinZhong Street,15231.50676,100191,100080,29,11,18,7,11
Wangdingdi,Liaohe North Road,15229.90594,100145,100084,33,3,30,14,16
Liaohe North Road,Wangdingdi,15229.90594,100084,100145,27,2,25,16,9
Sports Centre,Dongli Culture and Sports Centre,15228.83542,100126,100029,40,16,24,15,9
Dongli Culture and Sports Centre,Sports Centre,15228.83542,100029,100126,37,15,22,14,8
Jingli Road,Tucheng,15226.47897,100073,100140,8,4,4,0,4
Tucheng,Jingli Road,15226.47897,100140,100073,6,1,5,3,2
Huaihe Road,Jiayuan Li,15226.44354,100058,100067,19,6,13,6,7
Jiayuan Li,Huaihe Road,15226.44354,100067,100058,13,1,12,10,2
Zhangxing Zhuang,Changling Road,15225.12868,100185,100013,90,24,66,33,33
Changling Road,Zhangxing Zhuang,15225.12868,100013,100185,89,22,67,34,33
Meijiang Road,Cao Zhuang,15224.34055,100097,100011,234,49,185,124,61
Cao Zhuang,Meijiang Road,15224.34055,100011,100097,227,39,188,138,50
Tianshili,Yihao Bridge,15221.67,100136,100172,22,3,19,17,2
Yihao Bridge,Tianshili,15221.67,100172,100136,19,5,14,13,1
The Financial University,Siyuan Road,15219.32977,100132,100121,23,9,14,5,9
Siyuan Road,The Financial University,15219.32977,100121,100132,17,8,9,4,5
Lushui Road,Bei Zhulin,15219.05766,100093,100004,17,9,8,5,3
Bei Zhulin,Lushui Road,15219.05766,100004,100093,11,2,9,5,4
Meilin Road,Jianchang Road,15216.39855,100098,100063,28,9,19,7,12
Jianchang Road,Meilin Road,15216.39855,100063,100098,15,2,13,5,8
Jinmao Industrial Area,Yibin Road,15216.16106,100074,100171,6,3,3,0,3
Yingfeng Road,Laoshan Road,15215.84607,100173,100082,20,4,16,9,7
Laoshan Road,Yingfeng Road,15215.84607,100082,100173,19,5,14,11,3
Liuyuan,Yixingbu North,15214.76085,100091,100176,26,10,16,6,10
Yixingbu North,Liuyuan,15214.76085,100176,100091,22,5,17,7,10
Xueyuan North Road,Jinshi Bridge,15212.24434,100165,100076,1,0,1,1,0
West Station,Lushui Road,15209.55226,100149,100093,576,203,373,94,279
Lushui Road,West Station,15209.55226,100093,100149,398,107,291,163,128
Hongqi South Road,Jingli Road,15208.43226,100057,100073,150,34,116,84,32
Jingli Road,Hongqi South Road,15208.43226,100073,100057,114,21,93,65,28
Guangkaisima Road,Hangshuang Road,15207.44257,100044,100051,90,9,81,67,14
Hangshuang Road,Guangkaisima Road,15207.44257,100051,100044,50,3,47,34,13
Zhongshan Road,Yutai,15206.2835,100190,100183,11,3,8,6,2
Yutai,Zhongshan Road,15206.2835,100183,100190,9,0,9,6,3
Nanhe Zhuang,Tucheng,15203.58992,100101,100140,47,12,35,22,13
Tucheng,Nanhe Zhuang,15203.58992,100140,100101,35,7,28,10,18
Meijiang Exhibition Centre,Shuanglin,15203.51091,100095,100119,12,8,4,0,4
Shuanglin,Meijiang Exhibition Centre,15203.51091,100119,100095,10,6,4,2,2
Jinwan Square,Xinxing Village,15201.62152,100078,100162,1,0,1,0,1
Qinjian Road,Laoshan Road,15197.35389,100113,100082,85,11,74,46,28
Laoshan Road,Qinjian Road,15197.35389,100082,100113,72,17,55,49,6
Changling Road,Hangshuang Road,15197.11659,100013,100051,50,0,50,46,4
Hangshuang Road,Changling Road,15197.11659,100051,100013,39,0,39,32,7
Yangwu Zhuang,Jianguo Road,15196.61912,100169,100064,61,21,40,31,9
Jianguo Road,Yangwu Zhuang,15196.61912,100064,100169,54,25,29,19,10
Youyi South Road,National Exhibition Centre,15196.50283,100178,100105,6,0,6,6,0
National Exhibition Centre,Youyi South Road,15196.50283,100105,100178,6,6,0,0,0
Haiguang Temple,Airport Economic Zone,15196.14727,100048,100001,1055,158,897,628,269
Airport Economic Zone,Haiguang Temple,15196.14727,100001,100048,1046,176,870,663,207
Yuejin North Road,West Station,15193.96855,100181,100149,119,35,84,52,32
West Station,Yuejin North Road,15193.96855,100149,100181,104,38,66,27,39
Xianyang Road,Guoshan Road,15192.06553,100153,100047,128,16,112,70,42
Guoshan Road,Xianyang Road,15192.06553,100047,100153,97,16,81,53,28
Huaihe Road,Wanshan Road,15190.87129,100058,100146,2,0,2,2,0
Zhaoyuan Road,Jianguo Road,15189.52946,100186,100064,7,3,4,3,1
Jianguo Road,Zhaoyuan Road,15189.52946,100064,100186,3,2,1,1,0
Qinjian Road,Shaliu South Road,15189.47992,100113,100116,75,14,61,45,16
Shaliu South Road,Qinjian Road,15189.47992,100116,100113,71,9,62,60,2
Benxi Road,Changling Road,15189.25507,100008,100013,94,29,65,31,34
Changling Road,Benxi Road,15189.25507,100013,100008,92,25,67,44,23
Meijiang Road,Guoshan Road,15188.01198,100097,100047,12,3,9,4,5
Guoshan Road,Meijiang Road,15188.01198,100047,100097,9,3,6,2,4
Yueya River,Dongli Culture and Sports Centre,15186.17617,100182,100029,18,10,8,1,7
Dongli Culture and Sports Centre,Yueya River,15186.17617,100029,100182,15,7,8,5,3
Liuyuan,Siyuan Road,15185.29165,100091,100121,29,6,23,11,12
Siyuan Road,Liuyuan,15185.29165,100121,100091,18,4,14,8,6
Southwest corner,Xuelian South Road,15185.16544,100124,100164,6,4,2,0,2
Xuelian South Road,Southwest corner,15185.16544,100164,100124,1,0,1,1,0
Meijiang Road,Xinli,15183.04416,100097,100161,65,8,57,28,29
Xinli,Meijiang Road,15183.04416,100161,100097,62,10,52,47,5
Xunhai Road,Chinese Medicine First Affiliated Hospital,15181.14004,100166,100016,8,2,6,2,4
Chinese Medicine First Affiliated Hospital,Xunhai Road,15181.14004,100016,100166,4,0,4,0,4
Jianchang Road,Yaohuan Road,15180.0847,100063,100170,18,4,14,5,9
Yaohuan Road,Jianchang Road,15180.0847,100170,100063,12,3,9,7,2
South Station,Xiaobailou,15178.71363,100122,100154,2399,543,1856,1265,591
Xiaobailou,South Station,15178.71363,100154,100122,1978,535,1443,918,525
Jinmao Industrial Area,Xianyang Road,15176.41115,100074,100153,24,1,23,16,7
Xianyang Road,Jinmao Industrial Area,15176.41115,100153,100074,22,3,19,19,0
Dongli Culture and Sports Centre,Shiyijing Road,15176.09105,100029,100117,1,0,1,0,1
Magangchang,Guangkaisima Road,15174.44542,100094,100044,30,5,25,21,4
Guangkaisima Road,Magangchang,15174.44542,100044,100094,20,4,16,14,2
Yingfeng Road,Zhanggui Zhuang,15174.22844,100173,100184,61,11,50,35,15
Zhanggui Zhuang,Yingfeng Road,15174.22844,100184,100173,47,9,38,29,9
Liulin Road,West Station,15174.073,100089,100149,284,171,113,35,78
West Station,Liulin Road,15174.073,100149,100089,200,80,120,34,86
Jinmao Industrial Area,Hongqi South Road,15171.5792,100074,100057,2,0,2,1,1
Yihao Bridge,Chunhai Road,15171.34206,100172,100017,1,0,1,0,1
Beiyangyuan Campus of Tianjin University,Water Park Road East,15168.58822,100007,100147,144,77,67,19,48
Water Park Road East,Beiyangyuan Campus of Tianjin University,15168.58822,100147,100007,80,44,36,8,28
Liaohe North Road,Sports Centre,15168.40082,100084,100126,74,16,58,42,16
Sports Centre,Liaohe North Road,15168.40082,100126,100084,73,16,57,29,28
Professional University,Dongxing Road,15168.2081,100112,100035,70,12,58,49,9
Dongxing Road,Professional University,15168.2081,100035,100112,60,12,48,25,23
Hehui South Road,Meijiang Road,15167.96364,100052,100097,172,16,156,133,23
Meijiang Road,Hehui South Road,15167.96364,100097,100052,148,17,131,87,44
Yuejin North Road,Zhou and Deng Memorial Museum,15165.78892,100181,100191,39,9,30,22,8
Zhou and Deng Memorial Museum,Yuejin North Road,15165.78892,100191,100181,37,4,33,25,8
Dongli Culture and Sports Centre,Yutai,15165.30879,100029,100183,16,6,10,4,6
Yutai,Dongli Culture and Sports Centre,15165.30879,100183,100029,12,2,10,5,5
Xiangshan Road,Gaozhuangzi,15162.32548,100151,100043,57,22,35,14,21
Gaozhuangzi,Xiangshan Road,15162.32548,100043,100151,51,14,37,18,19
Xiawafang,Nansun Zhuang,15161.69391,100157,100103,8,5,3,2,1
Nansun Zhuang,Xiawafang,15161.69391,100103,100157,8,7,1,1,0
Lijiang Road,Zhanggui Zhuang,15160.86237,100085,100184,7,1,6,4,2
Zhanggui Zhuang,Lijiang Road,15160.86237,100184,100085,3,2,1,0,1
Guangkaisima Road,Nanhe Zhuang,15160.2481,100044,100101,29,5,24,11,13
Nanhe Zhuang,Guangkaisima Road,15160.2481,100101,100044,19,3,16,11,5
Yingfeng Road,Liuyuan,15158.5082,100173,100091,390,93,297,211,86
Liuyuan,Yingfeng Road,15158.5082,100091,100173,294,69,225,144,81
Beining Park,Xuelian South Road,15158.45552,100006,100164,3,2,1,1,0
Xuelian South Road,Beining Park,15158.45552,100164,100006,2,2,0,0,0
Tianshili,Huayuan,15157.81611,100136,100061,186,20,166,143,23
Huayuan,Tianshili,15157.81611,100061,100136,159,24,135,95,40
Dongli Liujing Road,Tucheng,15152.70512,100031,100140,14,0,14,10,4
Tucheng,Dongli Liujing Road,15152.70512,100140,100031,13,1,12,10,2
Yudongcheng,Huayuan,15152.07579,100180,100061,899,100,799,668,131
Huayuan,Yudongcheng,15152.07579,100061,100180,771,67,704,521,183
Xiangshan Road,Hongqi South Road,15151.34767,100151,100057,32,14,18,9,9
Hongqi South Road,Xiangshan Road,15151.34767,100057,100151,29,9,20,7,13
Hehui South Road,Zuojiang Road,15150.48707,100052,100192,214,45,169,134,35
Zuojiang Road,Hehui South Road,15150.48707,100192,100052,170,23,147,98,49
Cuifu New Village,Danhebei Road,15150.25085,100019,100022,7,0,7,7,0
Danhebei Road,Cuifu New Village,15150.25085,100022,100019,6,0,6,0,6
West Station,Longhan Road,15146.7935,100149,100092,11,1,10,5,5
Longhan Road,West Station,15146.7935,100092,100149,8,2,6,5,1
Xuzhou Road,Yangwu Zhuang,15141.79565,100167,100169,6,1,5,4,1
Yangwu Zhuang,Xuzhou Road,15141.79565,100169,100167,6,1,5,5,0
Shuanglin,Yingfeng Road,15141.68957,100119,100173,19,6,13,7,6
Yingfeng Road,Shuanglin,15141.68957,100173,100119,17,7,10,8,2
Jingjiang Road,High-Tech Zone,15140.96604,100072,100054,365,31,334,291,43
High-Tech Zone,Jingjiang Road,15140.96604,100054,100072,344,35,309,253,56
Tiantai Road,Zhanggui Zhuang,15139.45789,100137,100184,72,17,55,32,23
Zhanggui Zhuang,Tiantai Road,15139.45789,100184,100137,53,15,38,27,11
Nancuiping,Laoshan Road,15135.00016,100100,100082,17,7,10,8,2
Laoshan Road,Nancuiping,15135.00016,100082,100100,16,8,8,3,5
Yaohuan Road,Dengzhou Road,15132.26338,100170,100024,35,4,31,23,8
Dengzhou Road,Yaohuan Road,15132.26338,100024,100170,21,3,18,12,6
Huashan Li,Zhangxing Zhuang,15130.41848,100060,100185,50,7,43,26,17
Zhangxing Zhuang,Huashan Li,15130.41848,100185,100060,44,10,34,20,14
Foreign Languages High School,Liqi Zhuang South,15129.37081,100040,100088,5,3,2,2,0
Liqi Zhuang South,Foreign Languages High School,15129.37081,100088,100040,2,1,1,1,0
Dongjiang Road,Anshan Road,15128.41278,100028,100002,2,2,0,0,0
JinZhong River Street,Weishan Road,15128.13292,100079,100148,7,4,3,1,2
Weishan Road,JinZhong River Street,15128.13292,100148,100079,6,4,2,1,1
Zhongshan Road,Liulin Road,15127.15064,100190,100089,121,18,103,46,57
Liulin Road,Zhongshan Road,15127.15064,100089,100190,100,18,82,33,49
Yibin Road,Number Two Bridge,15126.44598,100171,100110,47,10,37,25,12
Number Two Bridge,Yibin Road,15126.44598,100110,100171,45,12,33,24,9
Second hospital of the Medical University,South Station,15125.90475,100115,100122,388,120,268,170,98
South Station,Second hospital of the Medical University,15125.90475,100122,100115,386,109,277,145,132
Youyi South Road,Shuanggang,15122.30437,100178,100118,1,1,0,0,0
Liqi Zhuang South,Beining Park,15120.64406,100088,100006,7,1,6,4,2
Beining Park,Liqi Zhuang South,15120.64406,100006,100088,6,0,6,3,3
Guangkaisima Road,Fengchan River,15119.64592,100044,100039,31,7,24,17,7
Fengchan River,Guangkaisima Road,15119.64592,100039,100044,25,5,20,18,2
Chunhai Road,Southwest corner,15118.3136,100017,100124,42,8,34,20,14
Southwest corner,Chunhai Road,15118.3136,100124,100017,41,5,36,28,8
Wanshan Road,Yingfeng Road,15117.87853,100146,100173,2,1,1,1,0
Yingfeng Road,Wanshan Road,15117.87853,100173,100146,2,0,2,1,1
University of Civil Aviation,Jinshi Bridge,15116.36922,100142,100076,38,17,21,16,5
Jinshi Bridge,University of Civil Aviation,15116.36922,100076,100142,34,15,19,5,14
Jianchang Road,Cao Zhuang,15116.31166,100063,100011,73,24,49,28,21
Cao Zhuang,Jianchang Road,15116.31166,100011,100063,54,17,37,13,24
Xingfu Park,Xunhai Road,15115.87848,100159,100166,4,1,3,3,0
Xunhai Road,Xingfu Park,15115.87848,100166,100159,4,2,2,0,2
Nanhe Zhuang,Yibin Road,15115.85702,100101,100171,48,13,35,11,24
Yibin Road,Nanhe Zhuang,15115.85702,100171,100101,40,15,25,13,12
Guangkaisima Road,Airport Economic Zone,15114.95366,100044,100001,970,127,843,660,183
Airport Economic Zone,Guangkaisima Road,15114.95366,100001,100044,884,143,741,526,215
Zhanggui Zhuang,Changhong Park,15114.09026,100184,100012,210,59,151,106,45
Changhong Park,Zhanggui Zhuang,15114.09026,100012,100184,209,50,159,104,55
Changhong Park,Xiaodian,15112.40299,100012,100155,78,15,63,45,18
Xiaodian,Changhong Park,15112.40299,100155,100012,64,17,47,16,31
North China Group,Tiantuo,15111.9444,100107,100138,150,33,117,67,50
Tiantuo,North China Group,15111.9444,100138,100107,138,22,116,69,47
Laoshan Road,Wangdingdi,15110.00625,100082,100145,12,2,10,6,4
Wangdingdi,Laoshan Road,15110.00625,100145,100082,7,4,3,2,1
Siyuan Road,Liulin Road,15109.08906,100121,100089,10,4,6,6,0
Liulin Road,Siyuan Road,15109.08906,100089,100121,9,2,7,4,3
Lilou,Water Park Road East,15108.74778,100086,100147,77,28,49,40,9
Water Park Road East,Lilou,15108.74778,100147,100086,69,24,45,36,9
Tumour Hospital,JinZhong Street,15108.50325,100141,100080,246,39,207,108,99
JinZhong Street,Tumour Hospital,15108.50325,100080,100141,241,39,202,149,53
The Financial University,People's Hospital,15108.20178,100132,100111,101,27,74,35,39
People's Hospital,The Financial University,15108.20178,100111,100132,93,20,73,40,33
Longhan Road,Zhou and Deng Memorial Museum,15108.01566,100092,100191,2,2,0,0,0
Donggu Road,Huanyu Road,15107.93785,100026,100059,9,6,3,1,2
Huanyu Road,Donggu Road,15107.93785,100059,100026,6,2,4,3,1
Wangdingdi,Jinghe Road,15107.81067,100145,100071,22,1,21,18,3
Jinghe Road,Wangdingdi,15107.81067,100071,100145,11,3,8,5,3
Bei Zhulin,Yangwu Zhuang,15105.43737,100004,100169,3,2,1,1,0
Yangwu Zhuang,Bei Zhulin,15105.43737,100169,100004,1,1,0,0,0
Jiangwan Erzhi Road,Yueya River,15103.0209,100065,100182,33,11,22,9,13
Yueya River,Jiangwan Erzhi Road,15103.0209,100182,100065,30,9,21,16,5
Ruijing XinYuan,Liaohe North Road,15101.28132,100114,100084,14,3,11,7,4
Liaohe North Road,Ruijing XinYuan,15101.28132,100084,100114,14,2,12,7,5
Dengzhou Road,Anshan West Road,15101.05139,100024,100003,329,53,276,213,63
Anshan West Road,Dengzhou Road,15101.05139,100003,100024,316,50,266,200,66
Fangshan Road,Yingfeng Road,15098.1737,100038,100173,19,3,16,15,1
Yingfeng Road,Fangshan Road,15098.1737,100173,100038,16,4,12,8,4
Yudongcheng,Yutai,15097.74024,100180,100183,156,26,130,65,65
Yutai,Yudongcheng,15097.74024,100183,100180,119,21,98,68,30
Dongli Development Zone,Jianguo Road,15097.45881,100030,100064,193,52,141,103,38
Jianguo Road,Dongli Development Zone,15097.45881,100064,100030,179,54,125,72,53
Binhai International Airport,Haihe East Road,15097.01572,100010,100049,8,1,7,5,2
Haihe East Road,Binhai International Airport,15097.01572,100049,100010,6,1,5,2,3
North Beichen Tech Park,Tiantai Road,15094.84767,100106,100137,22,2,20,16,4
Tiantai Road,North Beichen Tech Park,15094.84767,100137,100106,16,3,13,5,8
University town,Benxi Road,15094.23873,100143,100008,381,147,234,106,128
Benxi Road,University town,15094.23873,100008,100143,329,122,207,104,103
Meijiang Park,Dengzhou South Road,15089.01489,100096,100025,2,0,2,1,1
Dengzhou South Road,Meijiang Park,15089.01489,100025,100096,2,0,2,1,1
Xianyang Road,Number Two Bridge,15087.14653,100153,100110,164,35,129,94,35
Number Two Bridge,Xianyang Road,15087.14653,100110,100153,159,26,133,85,48
Xiaodian,Jintang Road,15085.79041,100155,100077,41,3,38,32,6
Jintang Road,Xiaodian,15085.79041,100077,100155,32,10,22,17,5
Nanhe Zhuang,Erwei Road,15085.68922,100101,100036,70,20,50,29,21
Erwei Road,Nanhe Zhuang,15085.68922,100036,100101,66,14,52,32,20
Second hospital of the Medical University,Hangshuang Road,15085.2305,100115,100051,6,1,5,3,2
Hangshuang Road,Second hospital of the Medical University,15085.2305,100051,100115,6,1,5,2,3
Xiawafang,Fengchan River,15084.44598,100157,100039,43,5,38,18,20
Fengchan River,Xiawafang,15084.44598,100039,100157,40,6,34,23,11
South Station,Jinwan Square,15083.68583,100122,100078,2166,653,1513,846,667
Jinwan Square,South Station,15083.68583,100078,100122,1793,716,1077,553,524
Honghu Li,Yutai,15079.6006,100055,100183,23,10,13,10,3
Yutai,Honghu Li,15079.6006,100183,100055,20,7,13,7,6
Jinshi Bridge,Yangwu Zhuang,15079.39815,100076,100169,311,59,252,193,59
Yangwu Zhuang,Jinshi Bridge,15079.39815,100169,100076,282,57,225,185,40
Nanzhu Bridge,Airport Economic Zone,15079.19689,100104,100001,222,41,181,146,35
Airport Economic Zone,Nanzhu Bridge,15079.19689,100001,100104,172,30,142,82,60
Nanhe Zhuang,Fangshan Road,15078.79276,100101,100038,3,1,2,0,2
Fangshan Road,Nanhe Zhuang,15078.79276,100038,100101,3,3,0,0,0
Huanyu Road,Northwest Corner,15078.57611,100059,100109,17,8,9,9,0
Northwest Corner,Huanyu Road,15078.57611,100109,100059,9,1,8,5,3
Tianjin Station,Nanzhu Bridge,15075.80485,100135,100104,143,44,99,41,58
Nanzhu Bridge,Tianjin Station,15075.80485,100104,100135,101,25,76,43,33
Southwest corner,Nansun Zhuang,15072.3775,100124,100103,8,2,6,5,1
Nansun Zhuang,Southwest corner,15072.3775,100103,100124,6,0,6,5,1
Yibin Road,Weishan Road,15069.42513,100171,100148,15,2,13,10,3
Weishan Road,Yibin Road,15069.42513,100148,100171,13,3,10,10,0
Zhaoyuan Road,Water Park Road East,15067.32037,100186,100147,3,2,1,1,0
Water Park Road East,Zhaoyuan Road,15067.32037,100147,100186,2,0,2,1,1
Gulou,Yangwu Zhuang,15067.0649,100045,100169,165,89,76,25,51
Yangwu Zhuang,Gulou,15067.0649,100169,100045,155,62,93,40,53
Dongjiang Road,Dawang Zhuang,15066.95549,100028,100023,2,0,2,0,2
Dongxing Road,Binhai International Airport,15065.43627,100035,100010,96,27,69,31,38
Binhai International Airport,Dongxing Road,15065.43627,100010,100035,93,31,62,20,42
Nanzhu Bridge,Xinxing Village,15063.69217,100104,100162,1,0,1,0,1
Xinxing Village,Nanzhu Bridge,15063.69217,100162,100104,1,0,1,0,1
Huaihe Road,Yizhongxin Hospital,15062.92905,100058,100177,48,10,38,30,8
Yizhongxin Hospital,Huaihe Road,15062.92905,100177,100058,37,8,29,14,15
Minquan Gate,University town,15062.51228,100099,100143,152,62,90,42,48
University town,Minquan Gate,15062.51228,100143,100099,127,38,89,52,37
Jianguo Road,Chunhai Road,15062.24255,100064,100017,26,7,19,12,7
Chunhai Road,Jianguo Road,15062.24255,100017,100064,19,2,17,11,6
Sports Centre,Tianshili,15061.77654,100126,100136,20,5,15,8,7
Tianshili,Sports Centre,15061.77654,100136,100126,20,6,14,9,5
Meijiang Exhibition Centre,Tiedong Road,15060.04706,100095,100139,105,31,74,50,24
Tiedong Road,Meijiang Exhibition Centre,15060.04706,100139,100095,89,32,57,39,18
Erwei Road,Airport Economic Zone,15058.41681,100036,100001,378,61,317,186,131
Airport Economic Zone,Erwei Road,15058.41681,100001,100036,369,66,303,208,95
Southwest corner,Xiaodian,15057.60024,100124,100155,91,22,69,38,31
Xiaodian,Southwest corner,15057.60024,100155,100124,86,23,63,46,17
Meijiang Park,Zhicheng Road,15056.51824,100096,100187,16,3,13,10,3
Zhicheng Road,Meijiang Park,15056.51824,100187,100096,14,3,11,5,6
Wanshan Road,Wangdingdi,15054.31364,100146,100145,4,0,4,4,0
Dongjiang Road,JinZhong River Street,15050.33651,100028,100079,5,2,3,0,3
Tiantai Road,Dengzhou South Road,15049.65736,100137,100025,36,6,30,16,14
Dengzhou South Road,Tiantai Road,15049.65736,100025,100137,24,6,18,12,6
Yibin Road,Fengchan River,15048.4334,100171,100039,28,3,25,11,14
Fengchan River,Yibin Road,15048.4334,100039,100171,25,2,23,20,3
Gaozhuangzi,Dengzhou South Road,15047.80663,100043,100025,14,4,10,6,4
Dengzhou South Road,Gaozhuangzi,15047.80663,100025,100043,6,2,4,2,2
Bianxing,Xuefu Industrial Area,15046.9295,100009,100163,77,11,66,63,3
Xuefu Industrial Area,Bianxing,15046.9295,100163,100009,66,8,58,38,20
Laoshan Road,Liqi Zhuang South,15046.44984,100082,100088,11,3,8,1,7
Liqi Zhuang South,Laoshan Road,15046.44984,100088,100082,9,0,9,8,1
Yixingbu North,Yihao Bridge,15045.83011,100176,100172,91,9,82,70,12
Yihao Bridge,Yixingbu North,15045.83011,100172,100176,76,15,61,36,25
Fengchan River,Erwei Road,15045.08704,100039,100036,47,15,32,23,9
Erwei Road,Fengchan River,15045.08704,100036,100039,41,10,31,9,22
Professional University,Xiaobailou,15044.38181,100112,100154,402,104,298,178,120
Xiaobailou,Professional University,15044.38181,100154,100112,384,100,284,151,133
Xinxing Village,Yueya River,15043.90836,100162,100182,2,0,2,2,0
Yueya River,Xinxing Village,15043.90836,100182,100162,2,1,1,0,1
Xiaodian,Taichang Road,15043.35001,100155,100128,96,28,68,51,17
Taichang Road,Xiaodian,15043.35001,100128,100155,96,27,69,47,22
Second hospital of the Medical University,Zhaoyuan Road,15041.85401,100115,100186,1,0,1,1,0
Sports Centre,Jiayuan Li,15040.91244,100126,100067,54,6,48,28,20
Jiayuan Li,Sports Centre,15040.91244,100067,100126,54,10,44,33,11
Meilin Road,Foreign Languages High School,15039.49983,100098,100040,40,5,35,25,10
Foreign Languages High School,Meilin Road,15039.49983,100040,100098,25,5,20,14,6
Xuefu Industrial Area,Zhigu,15036.97678,100163,100188,118,4,114,93,21
Zhigu,Xuefu Industrial Area,15036.97678,100188,100163,114,6,108,100,8
Lushui Road,Yuanyang International Centre,15036.96854,100093,100179,92,18,74,56,18
Yuanyang International Centre,Lushui Road,15036.96854,100179,100093,78,14,64,31,33
Xuzhou Road,Xiaodian,15035.18028,100167,100155,14,0,14,12,2
Xiaodian,Xuzhou Road,15035.18028,100155,100167,10,0,10,9,1
Meilin Road,The Financial University,15034.79361,100098,100132,2,0,2,2,0
Second hospital of the Medical University,Nanhe Zhuang,15034.71576,100115,100101,27,4,23,13,10
Nanhe Zhuang,Second hospital of the Medical University,15034.71576,100101,100115,14,4,10,6,4
Weishan Road,Jiefang South Road,15034.68331,100148,100068,1,1,0,0,0
Fangshan Road,Wangdingdi,15034.60881,100038,100145,1,0,1,1,0
Wangdingdi,Fangshan Road,15034.60881,100145,100038,1,0,1,0,1
Southwest Tower,Gaozhuangzi,15032.75704,100125,100043,118,31,87,44,43
Gaozhuangzi,Southwest Tower,15032.75704,100043,100125,115,19,96,64,32
Yangwu Zhuang,Southeast Corner,15032.73513,100169,100123,159,67,92,65,27
Southeast Corner,Yangwu Zhuang,15032.73513,100123,100169,132,55,77,52,25
Xingfu Park,North Beichen Tech Park,15030.61372,100159,100106,135,21,114,79,35
North Beichen Tech Park,Xingfu Park,15030.61372,100106,100159,134,25,109,84,25
Dongli Development Zone,Jinwan Square,15030.15292,100030,100078,329,77,252,194,58
Jinwan Square,Dongli Development Zone,15030.15292,100078,100030,297,63,234,134,100
Liaohe North Road,Chentang Zhuang,15029.00096,100084,100015,70,12,58,47,11
Chentang Zhuang,Liaohe North Road,15029.00096,100015,100084,62,6,56,41,15
Liqi Zhuang South,Jinshi Bridge,15028.76569,100088,100076,5,3,2,1,1
Jinshi Bridge,Liqi Zhuang South,15028.76569,100076,100088,2,0,2,0,2
Xiangshan Road,North China Group,15027.91879,100151,100107,70,10,60,14,46
North China Group,Xiangshan Road,15027.91879,100107,100151,56,27,29,20,9
Zhongshan Road,Lushui Road,15027.91184,100190,100093,32,9,23,10,13
Lushui Road,Zhongshan Road,15027.91184,100093,100190,26,4,22,12,10
South Station,Jianshan Road,15027.81646,100122,100066,267,83,184,106,78
Jianshan Road,South Station,15027.81646,100066,100122,242,72,170,121,49
Qinjian Road,Meijiang Park,15027.60098,100113,100096,48,5,43,34,9
Meijiang Park,Qinjian Road,15027.60098,100096,100113,42,4,38,30,8
Yueya River,Chunhai Road,15027.55223,100182,100017,53,10,43,24,19
Chunhai Road,Yueya River,15027.55223,100017,100182,48,5,43,24,19
Lushui Road,Yueya River,15025.50629,100093,100182,71,23,48,26,22
Yueya River,Lushui Road,15025.50629,100182,100093,69,21,48,18,30
Junliangcheng,Number Two Bridge,15025.39609,100081,100110,522,113,409,306,103
Number Two Bridge,Junliangcheng,15025.39609,100110,100081,519,103,416,275,141
Honghu Li,Xiangshan Road,15023.02778,100055,100151,61,23,38,21,17
Xiangshan Road,Honghu Li,15023.02778,100151,100055,50,16,34,16,18
Dengzhou South Road,Liaohe North Road,15022.83694,100025,100084,20,4,16,11,5
Liaohe North Road,Dengzhou South Road,15022.83694,100084,100025,17,5,12,9,3
Zhanggui Zhuang,Chinese Medicine First Affiliated Hospital,15021.78042,100184,100016,147,40,107,46,61
Chinese Medicine First Affiliated Hospital,Zhanggui Zhuang,15021.78042,100016,100184,145,45,100,42,58
Honghu Li,Wanshan Road,15021.49177,100055,100146,9,6,3,1,2
Wanshan Road,Honghu Li,15021.49177,100146,100055,3,1,2,1,1
Wangdingdi,Xuzhuangzi,15021.28843,100145,100168,17,0,17,13,4
Xuzhuangzi,Wangdingdi,15021.28843,100168,100145,8,0,8,6,2
Taichang Road,Beichen Road,15016.70929,100128,100005,291,75,216,95,121
Beichen Road,Taichang Road,15016.70929,100005,100128,271,77,194,127,67
Huaihe Road,Jieyuan West Road,15014.88003,100058,100069,64,12,52,31,21
Jieyuan West Road,Huaihe Road,15014.88003,100069,100058,58,11,47,35,12
Lushui Road,Cuifu New Village,15014.07867,100093,100019,13,7,6,1,5
Cuifu New Village,Lushui Road,15014.07867,100019,100093,12,4,8,1,7
Xuelian South Road,Erwei Road,15012.84312,100164,100036,23,1,22,20,2
Erwei Road,Xuelian South Road,15012.84312,100036,100164,22,2,20,17,3
Yingkou Road,Dongli Development Zone,15012.41556,100174,100030,936,275,661,355,306
Dongli Development Zone,Yingkou Road,15012.41556,100030,100174,926,305,621,378,243
Meilin Road,Tiantai Road,15012.20032,100098,100137,155,37,118,80,38
Tiantai Road,Meilin Road,15012.20032,100137,100098,136,27,109,70,39
Zhongshan Gate,Bianxing,15011.88821,100189,100009,104,20,84,62,22
Bianxing,Zhongshan Gate,15011.88821,100009,100189,90,14,76,57,19
Liuwei Road,Lushui Road,15010.38739,100090,100093,2,0,2,0,2
Lushui Road,Liuwei Road,15010.38739,100093,100090,2,0,2,2,0
Magangchang,Northwest Corner,15009.8784,100094,100109,64,19,45,16,29
Northwest Corner,Magangchang,15009.8784,100109,100094,48,9,39,15,24
Danhebei Road,Yuanyang International Centre,15009.42124,100022,100179,8,2,6,4,2
Yuanyang International Centre,Danhebei Road,15009.42124,100179,100022,5,3,2,2,0
Jin Street,Dongjiang Road,15008.75228,100070,100028,5,4,1,0,1
Guoshan Road,Fuxing Road,15007.11412,100047,100042,11,1,10,7,3
Fuxing Road,Guoshan Road,15007.11412,100042,100047,11,1,10,10,0
Yaohuan Road,Hongni River East,15006.77852,100170,100056,12,4,8,2,6
Hongni River East,Yaohuan Road,15006.77852,100056,100170,11,4,7,0,7
Cao Zhuang,Dongxing Road,15004.49691,100011,100035,328,53,275,199,76
Dongxing Road,Cao Zhuang,15004.49691,100035,100011,301,68,233,132,101
Dengzhou South Road,Yibin Road,15003.72428,100025,100171,42,11,31,29,2
Yibin Road,Dengzhou South Road,15003.72428,100171,100025,41,9,32,25,7
Jianchang Road,Liuyuan,15003.70199,100063,100091,58,9,49,29,20
Liuyuan,Jianchang Road,15003.70199,100091,100063,40,11,29,12,17
High-Tech Zone,Cao Zhuang,15003.66903,100054,100011,139,57,82,65,17
Cao Zhuang,High-Tech Zone,15003.66903,100011,100054,124,55,69,44,25
Zhangxing Zhuang,Huanyu Road,15003.3367,100185,100059,4,0,4,3,1
Huanyu Road,Zhangxing Zhuang,15003.3367,100059,100185,1,1,0,0,0
JinZhong Street,Yihao Bridge,15002.78318,100080,100172,164,11,153,136,17
Yihao Bridge,JinZhong Street,15002.78318,100172,100080,155,6,149,57,92
Honghu Li,Fangshan Road,15001.78695,100055,100038,20,7,13,6,7
Fangshan Road,Honghu Li,15001.78695,100038,100055,15,4,11,9,2
Fengchan River,Wandong Road,15000.7668,100039,100144,11,1,10,8,2
Wandong Road,Fengchan River,15000.7668,100144,100039,9,1,8,7,1
Xinkai River,The Financial University,14999.32782,100160,100132,35,12,23,16,7
The Financial University,Xinkai River,14999.32782,100132,100160,28,11,17,12,5
Siyuan Road,Binhai International Airport,14995.80934,100121,100010,20,6,14,7,7
Binhai International Airport,Siyuan Road,14995.80934,100010,100121,16,6,10,4,6
Yudongcheng,Dongli Liujing Road,14993.97796,100180,100031,104,8,96,87,9
Dongli Liujing Road,Yudongcheng,14993.97796,100031,100180,101,8,93,75,18
Zhongshan Road,Xinli,14993.67513,100190,100161,202,36,166,109,57
Xinli,Zhongshan Road,14993.67513,100161,100190,201,42,159,107,52
Meijiang Exhibition Centre,Zhanggui Zhuang,14991.60476,100095,100184,91,39,52,31,21
Zhanggui Zhuang,Meijiang Exhibition Centre,14991.60476,100184,100095,82,36,46,38,8
Meilin Road,Number Two Bridge,14990.83183,100098,100110,4,0,4,3,1
Number Two Bridge,Meilin Road,14990.83183,100110,100098,3,0,3,0,3
Nancuiping,Jinmao Industrial Area,14983.74781,100100,100074,1,0,1,1,0
Jinmao Industrial Area,Nancuiping,14983.74781,100074,100100,1,0,1,1,0
Youyi South Road,Yuanyang International Centre,14983.03625,100178,100179,59,11,48,35,13
Yuanyang International Centre,Youyi South Road,14983.03625,100179,100178,49,6,43,36,7
Wujiayao,Xuelian South Road,14981.68505,100150,100164,3,1,2,1,1
Xuelian South Road,Wujiayao,14981.68505,100164,100150,3,0,3,1,2
Meilin Road,Xianyang Road,14981.34433,100098,100153,79,20,59,41,18
Xianyang Road,Meilin Road,14981.34433,100153,100098,68,16,52,24,28
Hongni River East,Taichang Road,14977.84823,100056,100128,58,10,48,36,12
Taichang Road,Hongni River East,14977.84823,100128,100056,57,17,40,30,10
Chinese Medicine First Affiliated Hospital,Qinjian Road,14977.40218,100016,100113,168,39,129,79,50
Qinjian Road,Chinese Medicine First Affiliated Hospital,14977.40218,100113,100016,144,27,117,62,55
Zhongshan Road,Hangshuang Road,14977.18137,100190,100051,21,3,18,13,5
Hangshuang Road,Zhongshan Road,14977.18137,100051,100190,19,1,18,6,12
Nansun Zhuang,North China Group,14976.37333,100103,100107,2,0,2,1,1
North China Group,Nansun Zhuang,14976.37333,100107,100103,1,0,1,1,0
Liuwei Road,Lilou,14976.23662,100090,100086,21,3,18,9,9
Lilou,Liuwei Road,14976.23662,100086,100090,18,5,13,9,4
Tianjin Hotel,Dabi Zhuang,14976.197,100134,100021,72,19,53,39,14
Dabi Zhuang,Tianjin Hotel,14976.197,100021,100134,71,19,52,40,12
Hongni River East,Dongli Sanjing Road,14975.67064,100056,100032,6,0,6,3,3
Dengzhou South Road,Hongqi South Road,14975.6649,100025,100057,65,8,57,49,8
Hongqi South Road,Dengzhou South Road,14975.6649,100057,100025,45,4,41,26,15
Dabi Zhuang,Wujiayao,14974.78423,100021,100150,148,38,110,80,30
Wujiayao,Dabi Zhuang,14974.78423,100150,100021,119,22,97,60,37
Lushui Road,Xingfu Park,14973.50129,100093,100159,112,38,74,42,32
Xingfu Park,Lushui Road,14973.50129,100159,100093,99,31,68,37,31
Zhanggui Zhuang,Yaohuan Road,14973.41159,100184,100170,12,6,6,3,3
Yaohuan Road,Zhanggui Zhuang,14973.41159,100170,100184,12,2,10,0,10
Chinese Medicine First Affiliated Hospital,Tiedong Road,14972.46132,100016,100139,68,21,47,27,20
Tiedong Road,Chinese Medicine First Affiliated Hospital,14972.46132,100139,100016,59,21,38,21,17
Yueya River,Dongting Road,14971.96683,100182,100034,37,6,31,21,10
Dongting Road,Yueya River,14971.96683,100034,100182,33,2,31,25,6
Zhongshan Road,Jiangwan Erzhi Road,14971.88931,100190,100065,8,3,5,4,1
Jiangwan Erzhi Road,Zhongshan Road,14971.88931,100065,100190,7,2,5,3,2
Xikang Road,Zhaoyuan Road,14968.76878,100158,100186,6,0,6,3,3
Zhaoyuan Road,Xikang Road,14968.76878,100186,100158,5,2,3,1,2
Fengchan River,Liuwei Road,14965.13155,100039,100090,3,1,2,0,2
Liuwei Road,Fengchan River,14965.13155,100090,100039,1,1,0,0,0
Dengzhou South Road,Xianyang Road,14963.97436,100025,100153,117,25,92,74,18
Xianyang Road,Dengzhou South Road,14963.97436,100153,100025,113,20,93,63,30
Xinkai River,Liqi Zhuang South,14963.31577,100160,100088,8,2,6,1,5
Liqi Zhuang South,Xinkai River,14963.31577,100088,100160,7,1,6,1,5
Dawang Zhuang,Xuefu Industrial Area,14961.92923,100023,100163,104,9,95,76,19
Xuefu Industrial Area,Dawang Zhuang,14961.92923,100163,100023,98,6,92,69,23
Shuanggang,Huayuan,14960.30549,100118,100061,108,12,96,81,15
Huayuan,Shuanggang,14960.30549,100061,100118,105,9,96,76,20
Lushui Road,Southwest corner,14958.81707,100093,100124,64,19,45,23,22
Southwest corner,Lushui Road,14958.81707,100124,100093,50,11,39,11,28
Yuejin North Road,Chinese Medicine First Affiliated Hospital,14958.73522,100181,100016,66,13,53,28,25
Chinese Medicine First Affiliated Hospital,Yuejin North Road,14958.73522,100016,100181,62,13,49,17,32
Yutai,Foreign Languages High School,14958.25415,100183,100040,4,0,4,2,2
Foreign Languages High School,Yutai,14958.25415,100040,100183,4,0,4,4,0
Fuxing Road,Jinmao Industrial Area,14956.30068,100042,100074,1,0,1,0,1
Jinmao Industrial Area,Fuxing Road,14956.30068,100074,100042,1,0,1,0,1
Benxi Road,Meijiang Road,14955.94284,100008,100097,112,17,95,66,29
Meijiang Road,Benxi Road,14955.94284,100097,100008,99,12,87,67,20
Changling Road,Dongli Yijing Road,14953.26159,100013,100033,17,3,14,10,4
Dongli Yijing Road,Changling Road,14953.26159,100033,100013,11,1,10,9,1
Shuanggang,Zhongshan Gate,14951.56435,100118,100189,34,11,23,9,14
Zhongshan Gate,Shuanggang,14951.56435,100189,100118,31,11,20,13,7
Beichen Road,Jintang Road,14951.03825,100005,100077,198,45,153,80,73
Jintang Road,Beichen Road,14951.03825,100077,100005,190,26,164,95,69
Yaohuan Road,Xunhai Road,14949.74994,100170,100166,17,7,10,4,6
Xunhai Road,Yaohuan Road,14949.74994,100166,100170,9,6,3,1,2
Yutai,Beining Park,14949.52739,100183,100006,6,1,5,5,0
Beining Park,Yutai,14949.52739,100006,100183,6,0,6,4,2
University of Civil Aviation,Lilou,14946.10181,100142,100086,16,4,12,4,8
Lilou,University of Civil Aviation,14946.10181,100086,100142,13,8,5,2,3
Yangwu Zhuang,Jieyuan West Road,14945.82327,100169,100069,44,12,32,24,8
Jieyuan West Road,Yangwu Zhuang,14945.82327,100069,100169,43,20,23,18,5
Guangkaisima Road,Huanyu Road,14945.72188,100044,100059,15,1,14,9,5
Huanyu Road,Guangkaisima Road,14945.72188,100059,100044,7,0,7,1,6
Ruijing XinYuan,Tumour Hospital,14945.46868,100114,100141,368,74,294,189,105
Tumour Hospital,Ruijing XinYuan,14945.46868,100141,100114,339,58,281,148,133
Xunhai Road,Xiaobailou,14943.54357,100166,100154,24,10,14,9,5
Xiaobailou,Xunhai Road,14943.54357,100154,100166,18,1,17,6,11
Dengzhou Road,Lingbin Road,14942.48903,100024,100087,80,10,70,59,11
Lingbin Road,Dengzhou Road,14942.48903,100087,100024,76,9,67,46,21
People's Hospital,Guoshan Road,14941.68523,100111,100047,37,5,32,19,13
Guoshan Road,People's Hospital,14941.68523,100047,100111,30,8,22,13,9
Yingkou Road,Hongni River East,14941.46008,100174,100056,905,272,633,378,255
Hongni River East,Yingkou Road,14941.46008,100056,100174,800,246,554,388,166
Yixingbu,Lingbin Road,14941.45781,100175,100087,43,10,33,14,19
Lingbin Road,Yixingbu,14941.45781,100087,100175,38,11,27,18,9
Shaliu South Road,Jieyuan West Road,14939.92121,100116,100069,58,15,43,30,13
Jieyuan West Road,Shaliu South Road,14939.92121,100069,100116,58,14,44,25,19
The Financial University,Minquan Gate,14938.47879,100132,100099,48,15,33,16,17
Minquan Gate,The Financial University,14938.47879,100099,100132,42,14,28,17,11
Tiantai Road,Huashan Li,14937.86007,100137,100060,152,34,118,79,39
Huashan Li,Tiantai Road,14937.86007,100060,100137,128,29,99,67,32
Ruijing XinYuan,Southwest Tower,14937.78375,100114,100125,305,68,237,153,84
Southwest Tower,Ruijing XinYuan,14937.78375,100125,100114,262,44,218,135,83
Lushui Road,Yihao Bridge,14937.77558,100093,100172,15,3,12,12,0
Yihao Bridge,Lushui Road,14937.77558,100172,100093,13,2,11,9,2
Dongting Road,High-Tech Zone,14936.22486,100034,100054,37,3,34,15,19
High-Tech Zone,Dongting Road,14936.22486,100054,100034,26,2,24,12,12
Lijiang Road,Qinjian Road,14935.93126,100085,100113,38,7,31,26,5
Qinjian Road,Lijiang Road,14935.93126,100113,100085,30,2,28,20,8
Yueya River,Meilin Road,14934.22426,100182,100098,70,23,47,31,16
Meilin Road,Yueya River,14934.22426,100098,100182,62,18,44,24,20
Xueyuan North Road,Gulou,14934.09739,100165,100045,10,3,7,1,6
Gulou,Xueyuan North Road,14934.09739,100045,100165,3,1,2,0,2
Beichen Road,Gulou,14933.75373,100005,100045,244,88,156,81,75
Gulou,Beichen Road,14933.75373,100045,100005,233,76,157,68,89
Wandong Road,Lushui Road,14931.20063,100144,100093,7,4,3,2,1
Lushui Road,Wandong Road,14931.20063,100093,100144,4,2,2,1,1
Tiedong Road,Lijiang Road,14930.9904,100139,100085,4,2,2,1,1
Lijiang Road,Tiedong Road,14930.9904,100085,100139,1,0,1,1,0
Yingkou Road,Jinghe Road,14928.49847,100174,100071,162,62,100,52,48
Jinghe Road,Yingkou Road,14928.49847,100071,100174,135,51,84,55,29
Nansun Zhuang,Heping Road,14928.01662,100103,100053,22,8,14,9,5
Heping Road,Nansun Zhuang,14928.01662,100053,100103,12,3,9,3,6
Nanlou,Xuefu Industrial Area,14927.97565,100102,100163,234,19,215,189,26
Xuefu Industrial Area,Nanlou,14927.97565,100163,100102,210,16,194,144,50
Yuejin North Road,Changhong Park,14927.26256,100181,100012,67,18,49,31,18
Changhong Park,Yuejin North Road,14927.26256,100012,100181,61,14,47,28,19
Xingfu Park,Youyi South Road,14925.31536,100159,100178,14,2,12,12,0
Youyi South Road,Xingfu Park,14925.31536,100178,100159,9,1,8,5,3
Foreign Languages High School,Jiefang South Road,14924.55134,100040,100068,82,16,66,50,16
Jiefang South Road,Foreign Languages High School,14924.55134,100068,100040,62,14,48,36,12
Yihao Bridge,Huayuan,14923.56509,100172,100061,143,14,129,104,25
Huayuan,Yihao Bridge,14923.56509,100061,100172,112,10,102,75,27
Nancuiping,Tianshili,14923.51997,100100,100136,20,6,14,11,3
Tianshili,Nancuiping,14923.51997,100136,100100,14,4,10,10,0
Nanzhu Bridge,Xianyang Road,14923.32491,100104,100153,10,3,7,4,3
Xianyang Road,Nanzhu Bridge,14923.32491,100153,100104,5,2,3,2,1
Yizhongxin Hospital,Jinghe Road,14921.38156,100177,100071,118,25,93,54,39
Jinghe Road,Yizhongxin Hospital,14921.38156,100071,100177,118,23,95,73,22
Shunchi Bridge,Danhebei Road,14920.04569,100120,100022,10,1,9,2,7
Danhebei Road,Shunchi Bridge,14920.04569,100022,100120,8,1,7,3,4
JinZhong Street,Danhebei Road,14920.03938,100080,100022,4,0,4,1,3
Danhebei Road,JinZhong Street,14920.03938,100022,100080,2,0,2,1,1
Gaozhuangzi,Zhigu,14918.8297,100043,100188,120,20,100,76,24
Zhigu,Gaozhuangzi,14918.8297,100188,100043,103,17,86,46,40
Jinmao Industrial Area,People's Hospital,14917.58248,100074,100111,5,1,4,4,0
People's Hospital,Jinmao Industrial Area,14917.58248,100111,100074,1,0,1,1,0
Fuxing Road,Nansun Zhuang,14916.94201,100042,100103,2,0,2,1,1
Meijiang Road,JinZhong Street,14916.77205,100097,100080,63,4,59,44,15
JinZhong Street,Meijiang Road,14916.77205,100080,100097,53,6,47,41,6
University town,Chunhai Road,14915.65077,100143,100017,17,8,9,6,3
Chunhai Road,University town,14915.65077,100017,100143,12,6,6,5,1
Yueya River,Shuanglin,14914.40694,100182,100119,125,35,90,53,37
Shuanglin,Yueya River,14914.40694,100119,100182,124,38,86,61,25
Lilou,Erwei Road,14913.95882,100086,100036,609,103,506,351,155
Erwei Road,Lilou,14913.95882,100036,100086,526,86,440,268,172
Huashan Li,Foreign Languages High School,14913.33639,100060,100040,39,4,35,26,9
Foreign Languages High School,Huashan Li,14913.33639,100040,100060,36,7,29,24,5
Zhanggui Zhuang,Dengzhou Road,14909.59564,100184,100024,34,7,27,12,15
Dengzhou Road,Zhanggui Zhuang,14909.59564,100024,100184,16,5,11,4,7
Foreign Languages High School,Dongting Road,14907.87319,100040,100034,8,3,5,3,2
Dongting Road,Foreign Languages High School,14907.87319,100034,100040,6,1,5,4,1
Dengzhou Road,Hongqi South Road,14904.05928,100024,100057,145,24,121,96,25
Hongqi South Road,Dengzhou Road,14904.05928,100057,100024,132,19,113,72,41
Xuelian South Road,Meijiang Road,14903.90939,100164,100097,1,0,1,0,1
Bei Zhulin,Guoshan Road,14903.53784,100004,100047,9,0,9,9,0
Guoshan Road,Bei Zhulin,14903.53784,100047,100004,8,0,8,8,0
Jiayuan Li,Dongxing Road,14901.30587,100067,100035,47,11,36,34,2
Dongxing Road,Jiayuan Li,14901.30587,100035,100067,46,5,41,24,17
Laoshan Road,Nansun Zhuang,14900.78059,100082,100103,3,1,2,2,0
Nansun Zhuang,Laoshan Road,14900.78059,100103,100082,2,0,2,0,2
Nanzhu Bridge,Guorui Road,14900.6273,100104,100046,19,1,18,16,2
Guorui Road,Nanzhu Bridge,14900.6273,100046,100104,18,2,16,13,3
Jinnan Campus of Nankai University,Second hospital of the Medical University,14899.36789,100075,100115,89,34,55,29,26
Second hospital of the Medical University,Jinnan Campus of Nankai University,14899.36789,100115,100075,69,26,43,17,26
Dongli Sanjing Road,Dengzhou Road,14898.888,100032,100024,16,2,14,12,2
Dengzhou Road,Dongli Sanjing Road,14898.888,100024,100032,12,0,12,9,3
Dengzhou South Road,Yutai,14898.27391,100025,100183,22,2,20,18,2
Yutai,Dengzhou South Road,14898.27391,100183,100025,15,3,12,8,4
Liuyuan,Cao Zhuang,14895.89087,100091,100011,697,292,405,231,174
Cao Zhuang,Liuyuan,14895.89087,100011,100091,597,199,398,182,216
Hongni River East,Shiyijing Road,14894.77255,100056,100117,66,5,61,58,3
Shiyijing Road,Hongni River East,14894.77255,100117,100056,49,2,47,39,8
Jianchang Road,Xueyuan North Road,14894.70574,100063,100165,1,1,0,0,0
Dongli Development Zone,Taichang Road,14892.06727,100030,100128,233,71,162,91,71
Taichang Road,Dongli Development Zone,14892.06727,100128,100030,210,67,143,63,80
Jin Street,Lilou,14891.37531,100070,100086,67,24,43,31,12
Lilou,Jin Street,14891.37531,100086,100070,60,8,52,39,13
Jinshi Bridge,Magangchang,14889.41162,100076,100094,16,8,8,5,3
Magangchang,Jinshi Bridge,14889.41162,100094,100076,11,5,6,2,4
Siyuan Road,Xuelian South Road,14888.24369,100121,100164,1,0,1,1,0
Huashan Li,Tiedong Road,14885.777,100060,100139,160,34,126,83,43
Tiedong Road,Huashan Li,14885.777,100139,100060,148,34,114,50,64
University of Civil Aviation,Cultural centre,14882.78544,100142,100020,245,118,127,44,83
Cultural centre,University of Civil Aviation,14882.78544,100020,100142,206,102,104,36,68
Yuanyang International Centre,Dongli Culture and Sports Centre,14882.32783,100179,100029,14,4,10,4,6
Dongli Culture and Sports Centre,Yuanyang International Centre,14882.32783,100029,100179,12,4,8,4,4
Jingjiang Road,Dongli Development Zone,14880.8532,100072,100030,218,35,183,145,38
Dongli Development Zone,Jingjiang Road,14880.8532,100030,100072,174,25,149,98,51
Longhan Road,Changhong Park,14880.08751,100092,100012,6,1,5,4,1
Changhong Park,Longhan Road,14880.08751,100012,100092,4,2,2,0,2
Nanzhu Bridge,High-Tech Zone,14879.9802,100104,100054,9,3,6,6,0
High-Tech Zone,Nanzhu Bridge,14879.9802,100054,100104,4,2,2,1,1
Liqi Zhuang South,Northwest Corner,14878.77543,100088,100109,52,12,40,30,10
Northwest Corner,Liqi Zhuang South,14878.77543,100109,100088,38,8,30,17,13
Xinli,Fuxing Gate,14876.21457,100161,100041,14,3,11,3,8
Fuxing Gate,Xinli,14876.21457,100041,100161,11,2,9,4,5
Southeast Corner,Binhai International Airport,14875.84291,100123,100010,957,303,654,315,339
Binhai International Airport,Southeast Corner,14875.84291,100010,100123,758,208,550,145,405
Huanyu Road,Yingfeng Road,14875.04538,100059,100173,1,1,0,0,0
Yingfeng Road,Huanyu Road,14875.04538,100173,100059,1,1,0,0,0
Dongjiang Road,Tianjin Station,14874.66446,100028,100135,1,0,1,0,1
Nanhe Zhuang,Cultural centre,14871.65897,100101,100020,94,50,44,19,25
Cultural centre,Nanhe Zhuang,14871.65897,100020,100101,70,30,40,25,15
Dabi Zhuang,Benxi Road,14870.54179,100021,100008,140,39,101,76,25
Benxi Road,Dabi Zhuang,14870.54179,100008,100021,125,24,101,62,39
JinZhong Street,Jiayuan Li,14870.38166,100080,100067,53,8,45,29,16
Jiayuan Li,JinZhong Street,14870.38166,100067,100080,45,6,39,27,12
Gulou,University of Civil Aviation,14870.15564,100045,100142,372,191,181,53,128
University of Civil Aviation,Gulou,14870.15564,100142,100045,365,168,197,99,98
Jianchang Road,Huayuan,14869.50221,100063,100061,139,22,117,103,14
Huayuan,Jianchang Road,14869.50221,100061,100063,132,20,112,75,37
Guangkaisima Road,Professional University,14868.8793,100044,100112,132,36,96,57,39
Professional University,Guangkaisima Road,14868.8793,100112,100044,132,36,96,53,43
Yixingbu North,Nancuiping,14867.3306,100176,100100,34,6,28,21,7
Nancuiping,Yixingbu North,14867.3306,100100,100176,33,3,30,24,6
Gaozhuangzi,Xiaobailou,14866.69112,100043,100154,1380,290,1090,802,288
Xiaobailou,Gaozhuangzi,14866.69112,100154,100043,1153,284,869,501,368
Second hospital of the Medical University,Jiayuan Li,14866.28084,100115,100067,86,24,62,38,24
Jiayuan Li,Second hospital of the Medical University,14866.28084,100067,100115,74,15,59,39,20
Liulin Road,Meijiang Exhibition Centre,14865.34744,100089,100095,2,2,0,0,0
Xingfu Park,Ruijing XinYuan,14863.63197,100159,100114,128,35,93,57,36
Ruijing XinYuan,Xingfu Park,14863.63197,100114,100159,126,30,96,48,48
Lilou,Wujiayao,14863.12696,100086,100150,292,38,254,216,38
Wujiayao,Lilou,14863.12696,100150,100086,237,37,200,141,59
Northwest Corner,Meilin Road,14861.75931,100109,100098,109,23,86,48,38
Meilin Road,Northwest Corner,14861.75931,100098,100109,104,24,80,60,20
Jieyuan West Road,Laoshan Road,14860.73757,100069,100082,76,18,58,32,26
Laoshan Road,Jieyuan West Road,14860.73757,100082,100069,64,14,50,27,23
Hangshuang Road,Jianshan Road,14859.51317,100051,100066,3,0,3,2,1
Jianshan Road,Hangshuang Road,14859.51317,100066,100051,1,0,1,0,1
Hangshuang Road,Xuzhuangzi,14859.15308,100051,100168,2,1,1,1,0
Binhai International Airport,Xiawafang,14858.54489,100010,100157,520,120,400,174,226
Xiawafang,Binhai International Airport,14858.54489,100157,100010,486,115,371,170,201
Jianchang Road,The Financial University,14856.18617,100063,100132,67,20,47,34,13
The Financial University,Jianchang Road,14856.18617,100132,100063,66,15,51,31,20
Meilin Road,Fuxing Road,14855.91422,100098,100042,68,16,52,32,20
Fuxing Road,Meilin Road,14855.91422,100042,100098,45,8,37,23,14
Airport Economic Zone,JinZhong Street,14854.91197,100001,100080,123,31,92,49,43
JinZhong Street,Airport Economic Zone,14854.91197,100080,100001,116,32,84,59,25
Number Two Bridge,Guoshan Road,14852.89737,100110,100047,7,4,3,1,2
Guoshan Road,Number Two Bridge,14852.89737,100047,100110,6,4,2,1,1
Xuzhuangzi,Zuojiang Road,14851.8891,100168,100192,11,1,10,7,3
Zuojiang Road,Xuzhuangzi,14851.8891,100192,100168,6,0,6,2,4
Xuefu Industrial Area,Zhongshan Road,14851.50697,100163,100190,299,27,272,212,60
Zhongshan Road,Xuefu Industrial Area,14851.50697,100190,100163,258,18,240,213,27
Cultural centre,Dongli Culture and Sports Centre,14847.83379,100020,100029,19,9,10,5,5
Dongli Culture and Sports Centre,Cultural centre,14847.83379,100029,100020,15,8,7,4,3
Yudongcheng,Meijiang Exhibition Centre,14847.77316,100180,100095,93,47,46,30,16
Meijiang Exhibition Centre,Yudongcheng,14847.77316,100095,100180,74,39,35,14,21
Jiangwan Erzhi Road,Honghu Li,14845.20642,100065,100055,9,5,4,3,1
Honghu Li,Jiangwan Erzhi Road,14845.20642,100055,100065,6,4,2,0,2
Wanshan Road,Nancuiping,14843.16704,100146,100100,8,2,6,6,0
Nancuiping,Wanshan Road,14843.16704,100100,100146,2,1,1,1,0
Honghu Li,Meijiang Exhibition Centre,14841.51439,100055,100095,189,72,117,84,33
Meijiang Exhibition Centre,Honghu Li,14841.51439,100095,100055,161,64,97,68,29
Beichen Road,People's Hospital,14841.26997,100005,100111,62,11,51,33,18
People's Hospital,Beichen Road,14841.26997,100111,100005,54,14,40,19,21
Dongting Road,Tiantai Road,14840.8835,100034,100137,35,6,29,16,13
Tiantai Road,Dongting Road,14840.8835,100137,100034,27,5,22,15,7
Xuefu Industrial Area,Liuwei Road,14839.24882,100163,100090,28,3,25,21,4
Liuwei Road,Xuefu Industrial Area,14839.24882,100090,100163,20,1,19,17,2
North China Group,Southwest Tower,14836.94511,100107,100125,253,77,176,109,67
Southwest Tower,North China Group,14836.94511,100125,100107,216,58,158,88,70
Lushui Road,Xinkai River,14835.59462,100093,100160,43,16,27,17,10
Xinkai River,Lushui Road,14835.59462,100160,100093,37,17,20,5,15
Yuejin North Road,JinZhong Street,14835.55568,100181,100080,22,9,13,7,6
JinZhong Street,Yuejin North Road,14835.55568,100080,100181,18,5,13,9,4
Cao Zhuang,Yueya River,14834.13737,100011,100182,551,120,431,248,183
Yueya River,Cao Zhuang,14834.13737,100182,100011,534,126,408,256,152
Xuzhuangzi,Nancuiping,14833.63413,100168,100100,27,9,18,10,8
Nancuiping,Xuzhuangzi,14833.63413,100100,100168,22,6,16,15,1
Chunhai Road,Southeast Corner,14831.04456,100017,100123,47,13,34,24,10
Southeast Corner,Chunhai Road,14831.04456,100123,100017,31,10,21,7,14
Jianguo Road,Lushui Road,14828.67606,100064,100093,33,14,19,15,4
Lushui Road,Jianguo Road,14828.67606,100093,100064,24,9,15,8,7
People's Hospital,Number Two Bridge,14827.8674,100111,100110,54,8,46,29,17
Number Two Bridge,People's Hospital,14827.8674,100110,100111,48,8,40,29,11
Xinli,Gulou,14824.51044,100161,100045,374,151,223,127,96
Gulou,Xinli,14824.51044,100045,100161,339,132,207,78,129
Ruijing XinYuan,Zhigu,14823.85641,100114,100188,152,38,114,53,61
Zhigu,Ruijing XinYuan,14823.85641,100188,100114,118,36,82,53,29
Xueyuan North Road,Haiguang Temple,14823.4995,100165,100048,2,1,1,0,1
Nancuiping,Fangshan Road,14823.46221,100100,100038,5,2,3,3,0
Fangshan Road,Nancuiping,14823.46221,100038,100100,3,1,2,2,0
Yixingbu,Fuxing Gate,14822.89871,100175,100041,77,21,56,36,20
Fuxing Gate,Yixingbu,14822.89871,100041,100175,75,19,56,30,26
University of Civil Aviation,Xikang Road,14822.35895,100142,100158,138,42,96,53,43
Xikang Road,University of Civil Aviation,14822.35895,100158,100142,135,44,91,49,42
Cuifu New Village,Lilou,14821.94359,100019,100086,19,4,15,7,8
Lilou,Cuifu New Village,14821.94359,100086,100019,16,1,15,8,7
Meilin Road,Guangkaisima Road,14821.30167,100098,100044,45,13,32,25,7
Guangkaisima Road,Meilin Road,14821.30167,100044,100098,40,11,29,15,14
Xuefu Industrial Area,Liqi Zhuang South,14820.06391,100163,100088,4,0,4,0,4
Liqi Zhuang South,Xuefu Industrial Area,14820.06391,100088,100163,3,0,3,2,1
Magangchang,Donggu Road,14819.07463,100094,100026,41,13,28,18,10
Donggu Road,Magangchang,14819.07463,100026,100094,40,15,25,19,6
Shiyijing Road,Jinghe Road,14819.04807,100117,100071,37,1,36,27,9
Jinghe Road,Shiyijing Road,14819.04807,100071,100117,36,2,34,22,12
Longhan Road,JinZhong Street,14816.90337,100092,100080,9,2,7,6,1
JinZhong Street,Longhan Road,14816.90337,100080,100092,7,1,6,6,0
Meijiang Road,Yuejin North Road,14816.82378,100097,100181,8,2,6,4,2
Yuejin North Road,Meijiang Road,14816.82378,100181,100097,3,0,3,2,1
Xunhai Road,Shunchi Bridge,14814.44158,100166,100120,8,2,6,3,3
Shunchi Bridge,Xunhai Road,14814.44158,100120,100166,7,4,3,3,0
Xinli,Tumour Hospital,14813.07958,100161,100141,278,38,240,147,93
Tumour Hospital,Xinli,14813.07958,100141,100161,277,40,237,111,126
Gulou,Liqi Zhuang South,14812.40661,100045,100088,31,11,20,12,8
Liqi Zhuang South,Gulou,14812.40661,100088,100045,29,8,21,21,0
Ruijing XinYuan,Zhou and Deng Memorial Museum,14811.04782,100114,100191,143,58,85,39,46
Zhou and Deng Memorial Museum,Ruijing XinYuan,14811.04782,100191,100114,124,43,81,38,43
Yangwu Zhuang,Meijiang Park,14810.55761,100169,100096,22,10,12,7,5
Meijiang Park,Yangwu Zhuang,14810.55761,100096,100169,15,2,13,7,6
Yangwu Zhuang,Xiawafang,14810.34381,100169,100157,178,31,147,115,32
Xiawafang,Yangwu Zhuang,14810.34381,100157,100169,161,35,126,78,48
North Station,Liqi Zhuang South,14806.34786,100108,100088,4,0,4,2,2
Liqi Zhuang South,North Station,14806.34786,100088,100108,2,0,2,2,0
High-Tech Zone,Qinjian Road,14805.98804,100054,100113,289,51,238,180,58
Qinjian Road,High-Tech Zone,14805.98804,100113,100054,284,31,253,222,31
Number Two Bridge,Fuxing Road,14805.6111,100110,100042,26,8,18,17,1
Fuxing Road,Number Two Bridge,14805.6111,100042,100110,20,7,13,7,6
Bianxing,Liaohe North Road,14805.28223,100009,100084,15,4,11,9,2
Liaohe North Road,Bianxing,14805.28223,100084,100009,11,1,10,3,7
Shaliu South Road,Huaihe Road,14803.1741,100116,100058,47,6,41,33,8
Huaihe Road,Shaliu South Road,14803.1741,100058,100116,45,5,40,24,16
Zhaoyuan Road,Southeast Corner,14802.11977,100186,100123,38,15,23,17,6
Southeast Corner,Zhaoyuan Road,14802.11977,100123,100186,36,15,21,14,7
Jiefang South Road,Tiantai Road,14802.02222,100068,100137,441,126,315,185,130
Tiantai Road,Jiefang South Road,14802.02222,100137,100068,422,103,319,189,130
Liaohe North Road,Second hospital of the Medical University,14801.61623,100084,100115,45,12,33,27,6
Second hospital of the Medical University,Liaohe North Road,14801.61623,100115,100084,37,6,31,25,6
Danhebei Road,Jianguo Road,14801.12877,100022,100064,7,2,5,3,2
Jianguo Road,Danhebei Road,14801.12877,100064,100022,7,0,7,2,5
Leyuan Road,Huaihe Road,14799.62302,100083,100058,29,8,21,10,11
Huaihe Road,Leyuan Road,14799.62302,100058,100083,23,6,17,2,15
Jianchang Road,University of Civil Aviation,14798.83061,100063,100142,22,4,18,15,3
University of Civil Aviation,Jianchang Road,14798.83061,100142,100063,16,5,11,7,4
Professional University,Yibin Road,14797.66678,100112,100171,74,15,59,49,10
Yibin Road,Professional University,14797.66678,100171,100112,71,18,53,36,17
Gaozhuangzi,Xunhai Road,14797.23871,100043,100166,6,0,6,5,1
Xunhai Road,Gaozhuangzi,14797.23871,100166,100043,1,0,1,0,1
Xuzhou Road,Lushui Road,14796.57933,100167,100093,6,1,5,0,5
Lushui Road,Xuzhou Road,14796.57933,100093,100167,1,0,1,1,0
Magangchang,Gulou,14796.13217,100094,100045,74,29,45,21,24
Gulou,Magangchang,14796.13217,100045,100094,66,23,43,9,34
Erwei Road,Professional University,14794.32042,100036,100112,64,18,46,25,21
Professional University,Erwei Road,14794.32042,100112,100036,55,14,41,27,14
Hongqi South Road,Liulin Road,14793.26908,100057,100089,72,17,55,28,27
Liulin Road,Hongqi South Road,14793.26908,100089,100057,46,13,33,9,24
Yutai,Xinkai River,14792.19911,100183,100160,5,1,4,4,0
Xinkai River,Yutai,14792.19911,100160,100183,2,0,2,2,0
Huaihe Road,Tucheng,14791.69484,100058,100140,210,33,177,136,41
Tucheng,Huaihe Road,14791.69484,100140,100058,192,30,162,127,35
Jiangwan Erzhi Road,Number Two Bridge,14789.18717,100065,100110,1,0,1,1,0
Changling Road,Cao Zhuang,14789.04002,100013,100011,223,68,155,109,46
Cao Zhuang,Changling Road,14789.04002,100011,100013,208,64,144,92,52
Yangwu Zhuang,Erwei Road,14786.05003,100169,100036,191,34,157,110,47
Erwei Road,Yangwu Zhuang,14786.05003,100036,100169,173,29,144,70,74
Liaohe North Road,Hongqi South Road,14785.58991,100084,100057,116,20,96,73,23
Hongqi South Road,Liaohe North Road,14785.58991,100057,100084,110,19,91,66,25
JinZhong Street,Jieyuan West Road,14785.49267,100080,100069,78,18,60,40,20
Jieyuan West Road,JinZhong Street,14785.49267,100069,100080,67,14,53,28,25
Xinxing Village,Shuanglin,14785.43901,100162,100119,2,0,2,0,2
Shuanglin,Xinxing Village,14785.43901,100119,100162,1,0,1,0,1
Tiantai Road,Liqi Zhuang South,14785.32776,100137,100088,25,2,23,22,1
Liqi Zhuang South,Tiantai Road,14785.32776,100088,100137,18,0,18,14,4
Shunchi Bridge,Lushui Road,14783.87351,100120,100093,20,6,14,6,8
Lushui Road,Shunchi Bridge,14783.87351,100093,100120,18,4,14,9,5
Wangdingdi,Number Two Bridge,14782.76824,100145,100110,34,6,28,17,11
Number Two Bridge,Wangdingdi,14782.76824,100110,100145,30,3,27,24,3
Huashan Li,Huayuan,14777.34133,100060,100061,652,58,594,515,79
Huayuan,Huashan Li,14777.34133,100061,100060,637,48,589,424,165
Wangdingdi,The Financial University,14776.09256,100145,100132,87,43,44,27,17
The Financial University,Wangdingdi,14776.09256,100132,100145,72,41,31,14,17
Jiefang South Road,Yueya River,14775.19344,100068,100182,285,57,228,149,79
Yueya River,Jiefang South Road,14775.19344,100182,100068,255,58,197,126,71
Youyi South Road,Jianguo Road,14774.74378,100178,100064,23,5,18,12,6
Jianguo Road,Youyi South Road,14774.74378,100064,100178,11,3,8,3,5
Fuxing Road,The Financial University,14774.6811,100042,100132,48,20,28,16,12
The Financial University,Fuxing Road,14774.6811,100132,100042,46,13,33,20,13
Minquan Gate,Xueyuan North Road,14774.11695,100099,100165,15,5,10,10,0
Xueyuan North Road,Minquan Gate,14774.11695,100165,100099,7,2,5,5,0
North China Group,Nanlou,14773.82227,100107,100102,205,54,151,104,47
Nanlou,North China Group,14773.82227,100102,100107,188,38,150,92,58
Ruijing XinYuan,Water Park Road East,14773.80188,100114,100147,291,100,191,107,84
Water Park Road East,Ruijing XinYuan,14773.80188,100147,100114,242,68,174,109,65
Haihe Education Zone,Cultural centre,14772.92805,100050,100020,79,24,55,32,23
Cultural centre,Haihe Education Zone,14772.92805,100020,100050,59,23,36,16,20
Erwei Road,Hangshuang Road,14771.68711,100036,100051,18,0,18,11,7
Hangshuang Road,Erwei Road,14771.68711,100051,100036,10,0,10,6,4
Changling Road,Zhicheng Road,14770.88127,100013,100187,104,23,81,54,27
Zhicheng Road,Changling Road,14770.88127,100187,100013,103,28,75,41,34
Anshan West Road,The Financial University,14769.70485,100003,100132,168,48,120,84,36
The Financial University,Anshan West Road,14769.70485,100132,100003,140,41,99,66,33
Liuwei Road,Liuyuan,14768.89597,100090,100091,80,25,55,23,32
Liuyuan,Liuwei Road,14768.89597,100091,100090,67,26,41,31,10
Beining Park,Huashan Li,14768.40941,100006,100060,60,12,48,23,25
Huashan Li,Beining Park,14768.40941,100060,100006,39,12,27,16,11
Gaozhuangzi,Lijiang Road,14765.96294,100043,100085,43,6,37,19,18
Lijiang Road,Gaozhuangzi,14765.96294,100085,100043,30,10,20,13,7
Nanzhu Bridge,Guangkaisima Road,14763.28226,100104,100044,4,2,2,1,1
Guangkaisima Road,Nanzhu Bridge,14763.28226,100044,100104,4,3,1,0,1
Siyuan Road,Zhanggui Zhuang,14763.10394,100121,100184,23,7,16,11,5
Zhanggui Zhuang,Siyuan Road,14763.10394,100184,100121,16,3,13,10,3
Jintang Road,Cao Zhuang,14762.08986,100077,100011,213,64,149,94,55
Cao Zhuang,Jintang Road,14762.08986,100011,100077,206,59,147,80,67
Shuanglin,Zhou and Deng Memorial Museum,14761.99469,100119,100191,127,43,84,54,30
Zhou and Deng Memorial Museum,Shuanglin,14761.99469,100191,100119,79,14,65,48,17
JinZhong River Street,Lijiang Road,14761.62679,100079,100085,67,34,33,24,9
Lijiang Road,JinZhong River Street,14761.62679,100085,100079,37,7,30,22,8
Changhong Park,Chunhai Road,14760.15814,100012,100017,7,0,7,1,6
Chunhai Road,Changhong Park,14760.15814,100017,100012,4,0,4,2,2
Dongli Yijing Road,Jingjiang Road,14756.29876,100033,100072,9,1,8,4,4
Jingjiang Road,Dongli Yijing Road,14756.29876,100072,100033,7,2,5,5,0
Meijiang Road,Lilou,14755.35609,100097,100086,3,0,3,2,1
Cultural centre,Airport Economic Zone,14753.86415,100020,100001,496,155,341,192,149
Airport Economic Zone,Cultural centre,14753.86415,100001,100020,494,172,322,213,109
Xinli,Haiguang Temple,14753.16101,100161,100048,262,54,208,145,63
Haiguang Temple,Xinli,14753.16101,100048,100161,231,51,180,117,63
Dongli Sanjing Road,Lijiang Road,14751.54669,100032,100085,21,2,19,16,3
Lijiang Road,Dongli Sanjing Road,14751.54669,100085,100032,20,1,19,16,3
Bianxing,Meijiang Park,14751.40423,100009,100096,17,6,11,4,7
Meijiang Park,Bianxing,14751.40423,100096,100009,10,4,6,3,3
Yudongcheng,Bianxing,14749.64569,100180,100009,323,58,265,181,84
Bianxing,Yudongcheng,14749.64569,100009,100180,251,56,195,127,68
Professional University,Liuwei Road,14748.96738,100112,100090,73,31,42,21,21
Liuwei Road,Professional University,14748.96738,100090,100112,66,24,42,19,23
Yaohuan Road,Qinjian Road,14748.48048,100170,100113,32,8,24,16,8
Qinjian Road,Yaohuan Road,14748.48048,100113,100170,30,6,24,12,12
Youyi South Road,Shunchi Bridge,14747.2895,100178,100120,36,9,27,23,4
Shunchi Bridge,Youyi South Road,14747.2895,100120,100178,31,3,28,21,7
Chunhai Road,Airport Economic Zone,14744.89512,100017,100001,88,14,74,51,23
Airport Economic Zone,Chunhai Road,14744.89512,100001,100017,82,10,72,55,17
National Exhibition Centre,Tucheng,14744.87908,100105,100140,27,5,22,14,8
Tucheng,National Exhibition Centre,14744.87908,100140,100105,10,5,5,2,3
Zhongshan Road,Huanyu Road,14744.51573,100190,100059,1,1,0,0,0
Huanyu Road,Zhongshan Road,14744.51573,100059,100190,1,0,1,0,1
Xuzhuangzi,Yingfeng Road,14743.97413,100168,100173,44,15,29,14,15
Yingfeng Road,Xuzhuangzi,14743.97413,100173,100168,36,9,27,19,8
Dengzhou South Road,Fuxing Road,14743.86389,100025,100042,12,1,11,7,4
Fuxing Road,Dengzhou South Road,14743.86389,100042,100025,10,1,9,4,5
Tiedong Road,Yaohuan Road,14743.53962,100139,100170,12,3,9,2,7
Yaohuan Road,Tiedong Road,14743.53962,100170,100139,9,3,6,3,3
Yuejin North Road,Hongni River East,14742.41967,100181,100056,3,0,3,3,0
Hongni River East,Yuejin North Road,14742.41967,100056,100181,2,0,2,2,0
Xinxing Village,Yuanyang International Centre,14740.06002,100162,100179,8,2,6,5,1
Yuanyang International Centre,Xinxing Village,14740.06002,100179,100162,5,2,3,3,0
Nanhe Zhuang,Anshan Road,14739.38245,100101,100002,144,29,115,73,42
Anshan Road,Nanhe Zhuang,14739.38245,100002,100101,119,23,96,21,75
Heping Road,Shuanggang,14738.76457,100053,100118,87,26,61,39,22
Shuanggang,Heping Road,14738.76457,100118,100053,55,11,44,29,15
Nancuiping,Ruijing XinYuan,14737.77155,100100,100114,93,46,47,29,18
Ruijing XinYuan,Nancuiping,14737.77155,100114,100100,86,36,50,32,18
Heping Road,Dongli Culture and Sports Centre,14734.04188,100053,100029,61,15,46,27,19
Dongli Culture and Sports Centre,Heping Road,14734.04188,100029,100053,59,26,33,19,14
Shuanggang,Xikang Road,14732.12029,100118,100158,75,9,66,28,38
Xikang Road,Shuanggang,14732.12029,100158,100118,65,8,57,32,25
Dabi Zhuang,Anshan West Road,14731.87662,100021,100003,225,47,178,132,46
Anshan West Road,Dabi Zhuang,14731.87662,100003,100021,223,47,176,94,82
Chinese Medicine First Affiliated Hospital,JinZhong River Street,14731.09694,100016,100079,290,74,216,88,128
JinZhong River Street,Chinese Medicine First Affiliated Hospital,14731.09694,100079,100016,288,78,210,133,77
Siyuan Road,Meijiang Park,14730.58602,100121,100096,9,2,7,5,2
Meijiang Park,Siyuan Road,14730.58602,100096,100121,8,0,8,6,2
Beichen Road,Yingkou Road,14730.17751,100005,100174,955,300,655,369,286
Yingkou Road,Beichen Road,14730.17751,100174,100005,896,290,606,291,315
Number Two Bridge,Anshan West Road,14725.74307,100110,100003,157,31,126,112,14
Anshan West Road,Number Two Bridge,14725.74307,100003,100110,112,26,86,59,27
Shaliu South Road,Yizhongxin Hospital,14723.95162,100116,100177,70,14,56,45,11
Yizhongxin Hospital,Shaliu South Road,14723.95162,100177,100116,58,16,42,28,14
Foreign Languages High School,Jiangwan Erzhi Road,14723.85996,100040,100065,5,2,3,1,2
Jiangwan Erzhi Road,Foreign Languages High School,14723.85996,100065,100040,4,2,2,1,1
Chunhai Road,Yuanyang International Centre,14723.70389,100017,100179,56,15,41,36,5
Yuanyang International Centre,Chunhai Road,14723.70389,100179,100017,40,10,30,23,7
Liuyuan,Yueya River,14721.52771,100091,100182,263,72,191,91,100
Yueya River,Liuyuan,14721.52771,100182,100091,225,57,168,97,71
Nanzhu Bridge,Haiguang Temple,14719.94814,100104,100048,94,20,74,60,14
Haiguang Temple,Nanzhu Bridge,14719.94814,100048,100104,81,21,60,27,33
Jinwan Square,Danhebei Road,14718.64207,100078,100022,12,1,11,11,0
Danhebei Road,Jinwan Square,14718.64207,100022,100078,6,0,6,5,1
Jiangwan Erzhi Road,Beining Park,14715.13321,100065,100006,12,4,8,5,3
Beining Park,Jiangwan Erzhi Road,14715.13321,100006,100065,8,2,6,3,3
Zhongshan Road,Jiefang South Road,14714.8181,100190,100068,127,36,91,44,47
Jiefang South Road,Zhongshan Road,14714.8181,100068,100190,104,27,77,40,37
Wujiayao,Hangshuang Road,14713.30725,100150,100051,35,3,32,29,3
Hangshuang Road,Wujiayao,14713.30725,100051,100150,31,2,29,26,3
Chentang Zhuang,Benxi Road,14713.09249,100015,100008,497,97,400,281,119
Benxi Road,Chentang Zhuang,14713.09249,100008,100015,462,75,387,291,96
Yutai,Jinshi Bridge,14713.00576,100183,100076,13,4,9,6,3
Jinshi Bridge,Yutai,14713.00576,100076,100183,10,2,8,3,5
Tianjin Station,Lilou,14710.32614,100135,100086,940,310,630,251,379
Lilou,Tianjin Station,14710.32614,100086,100135,907,312,595,303,292
Xuzhuangzi,Sports Centre,14710.2156,100168,100126,30,6,24,17,7
Sports Centre,Xuzhuangzi,14710.2156,100126,100168,17,4,13,11,2
Zuojiang Road,Zhangxing Zhuang,14708.83015,100192,100185,21,4,17,9,8
Zhangxing Zhuang,Zuojiang Road,14708.83015,100185,100192,21,4,17,15,2
North Beichen Tech Park,Jinshi Bridge,14708.37842,100106,100076,116,25,91,58,33
Jinshi Bridge,North Beichen Tech Park,14708.37842,100076,100106,94,21,73,48,25
Northwest Corner,Yutai,14707.65877,100109,100183,50,14,36,13,23
Yutai,Northwest Corner,14707.65877,100183,100109,42,12,30,14,16
Dengzhou South Road,People's Hospital,14705.14569,100025,100111,51,8,43,30,13
People's Hospital,Dengzhou South Road,14705.14569,100111,100025,32,9,23,7,16
Liuyuan,Shiyijing Road,14705.00434,100091,100117,390,41,349,298,51
Shiyijing Road,Liuyuan,14705.00434,100117,100091,344,41,303,200,103
Bei Zhulin,Number Two Bridge,14702.03483,100004,100110,6,0,6,2,4
Number Two Bridge,Bei Zhulin,14702.03483,100110,100004,1,1,0,0,0
Jinwan Square,Nanzhu Bridge,14701.95072,100078,100104,16,3,13,4,9
Nanzhu Bridge,Jinwan Square,14701.95072,100104,100078,11,4,7,3,4
Xikang Road,Nanhe Zhuang,14700.23003,100158,100101,76,26,50,30,20
Nanhe Zhuang,Xikang Road,14700.23003,100101,100158,62,28,34,19,15
Fuxing Gate,Jieyuan West Road,14696.54462,100041,100069,162,27,135,86,49
Jieyuan West Road,Fuxing Gate,14696.54462,100069,100041,159,37,122,88,34
Jingli Road,Yingfeng Road,14692.13019,100073,100173,73,11,62,50,12
Yingfeng Road,Jingli Road,14692.13019,100173,100073,64,11,53,40,13
Anshan West Road,Shaliu South Road,14692.03322,100003,100116,99,17,82,57,25
Shaliu South Road,Anshan West Road,14692.03322,100116,100003,95,19,76,65,11
Fuxing Gate,Donggu Road,14691.53252,100041,100026,581,86,495,315,180
Donggu Road,Fuxing Gate,14691.53252,100026,100041,560,89,471,361,110
Jieyuan West Road,Liqi Zhuang South,14691.16498,100069,100088,6,1,5,2,3
Liqi Zhuang South,Jieyuan West Road,14691.16498,100088,100069,3,1,2,0,2
Southeast Corner,Lushui Road,14687.51881,100123,100093,160,59,101,36,65
Lushui Road,Southeast Corner,14687.51881,100093,100123,122,43,79,48,31
Dongli Yijing Road,Liuwei Road,14687.44117,100033,100090,2,0,2,1,1
Liuwei Road,Dongli Yijing Road,14687.44117,100090,100033,1,0,1,0,1
Jiayuan Li,Taichang Road,14684.89136,100067,100128,217,63,154,108,46
Taichang Road,Jiayuan Li,14684.89136,100128,100067,216,64,152,92,60
Zhaoyuan Road,Anshan Road,14684.13339,100186,100002,57,7,50,32,18
Anshan Road,Zhaoyuan Road,14684.13339,100002,100186,44,8,36,17,19
Anshan West Road,Laoshan Road,14683.87886,100003,100082,123,18,105,66,39
Laoshan Road,Anshan West Road,14683.87886,100082,100003,96,17,79,63,16
Honghu Li,Yihao Bridge,14682.16261,100055,100172,111,26,85,68,17
Yihao Bridge,Honghu Li,14682.16261,100172,100055,93,18,75,39,36
Hangshuang Road,Binhai International Airport,14681.44484,100051,100010,6,0,6,4,2
Binhai International Airport,Hangshuang Road,14681.44484,100010,100051,2,0,2,1,1
Meilin Road,Jinshi Bridge,14680.25623,100098,100076,46,4,42,27,15
Jinshi Bridge,Meilin Road,14680.25623,100076,100098,32,4,28,16,12
Zhanggui Zhuang,Xiangshan Road,14679.73735,100184,100151,1,1,0,0,0
Xiangshan Road,Zhanggui Zhuang,14679.73735,100151,100184,1,1,0,0,0
Yixingbu,Airport Economic Zone,14679.20958,100175,100001,135,29,106,85,21
Airport Economic Zone,Yixingbu,14679.20958,100001,100175,122,19,103,70,33
Jin Street,Beichen Road,14678.26488,100070,100005,174,41,133,70,63
Beichen Road,Jin Street,14678.26488,100005,100070,160,23,137,113,24
Minquan Gate,University of Civil Aviation,14678.24183,100099,100142,9,3,6,2,4
University of Civil Aviation,Minquan Gate,14678.24183,100142,100099,6,1,5,3,2
Nanhe Zhuang,Qinjian Road,14677.95258,100101,100113,45,10,35,23,12
Qinjian Road,Nanhe Zhuang,14677.95258,100113,100101,39,10,29,21,8
Zhongshan Road,Meilin Road,14677.60647,100190,100098,35,8,27,12,15
Meilin Road,Zhongshan Road,14677.60647,100098,100190,28,7,21,17,4
Gulou,Meilin Road,14677.01751,100045,100098,124,32,92,44,48
Meilin Road,Gulou,14677.01751,100098,100045,97,29,68,32,36
Liqi Zhuang South,Xiangshan Road,14674.0797,100088,100151,11,5,6,5,1
Xiangshan Road,Liqi Zhuang South,14674.0797,100151,100088,7,1,6,5,1
South Station,Southwest Tower,14673.5776,100122,100125,207,58,149,93,56
Southwest Tower,South Station,14673.5776,100125,100122,194,58,136,93,43
Cao Zhuang,Yixingbu,14671.47456,100011,100175,224,55,169,100,69
Yixingbu,Cao Zhuang,14671.47456,100175,100011,210,55,155,109,46
Bei Zhulin,The Financial University,14671.10482,100004,100132,4,2,2,0,2
The Financial University,Bei Zhulin,14671.10482,100132,100004,1,0,1,1,0
Yaohuan Road,Yuejin North Road,14670.83707,100170,100181,18,5,13,6,7
Yuejin North Road,Yaohuan Road,14670.83707,100181,100170,11,4,7,5,2
Huaihe Road,Tian Tower,14670.03037,100058,100133,180,47,133,90,43
Tian Tower,Huaihe Road,14670.03037,100133,100058,174,42,132,66,66
Professional University,Wandong Road,14669.78061,100112,100144,33,10,23,11,12
Wandong Road,Professional University,14669.78061,100144,100112,26,7,19,17,2
Leyuan Road,Ruijing XinYuan,14667.98937,100083,100114,70,37,33,12,21
Ruijing XinYuan,Leyuan Road,14667.98937,100114,100083,45,21,24,9,15
University of Civil Aviation,Anshan Road,14667.58673,100142,100002,227,74,153,71,82
Anshan Road,University of Civil Aviation,14667.58673,100002,100142,170,45,125,55,70
Nanhe Zhuang,Guoshan Road,14667.22743,100101,100047,6,2,4,1,3
Guoshan Road,Nanhe Zhuang,14667.22743,100047,100101,6,3,3,1,2
Southwest Tower,Beiyangyuan Campus of Tianjin University,14666.36979,100125,100007,12,7,5,2,3
Beiyangyuan Campus of Tianjin University,Southwest Tower,14666.36979,100007,100125,10,4,6,5,1
JinZhong Street,Yizhongxin Hospital,14666.35602,100080,100177,203,45,158,124,34
Yizhongxin Hospital,JinZhong Street,14666.35602,100177,100080,145,26,119,73,46
Beichen Road,Shiyijing Road,14664.38775,100005,100117,139,23,116,91,25
Shiyijing Road,Beichen Road,14664.38775,100117,100005,117,19,98,62,36
Xiawafang,Liuyuan,14664.2294,100157,100091,1984,415,1569,976,593
Liuyuan,Xiawafang,14664.2294,100091,100157,1963,444,1519,990,529
Xuelian South Road,Jinshi Bridge,14663.55695,100164,100076,1,0,1,0,1
Southeast Corner,Youyi South Road,14662.583,100123,100178,28,15,13,7,6
Youyi South Road,Southeast Corner,14662.583,100178,100123,16,4,12,6,6
Airport Economic Zone,Dongjiang Road,14660.11094,100001,100028,19,2,17,15,2
Dongjiang Road,Airport Economic Zone,14660.11094,100028,100001,13,1,12,9,3
Jiayuan Li,Jintang Road,14658.89882,100067,100077,128,30,98,47,51
Jintang Road,Jiayuan Li,14658.89882,100077,100067,121,42,79,29,50
Dongli Sanjing Road,Nanlou,14657.92537,100032,100102,11,1,10,10,0
Nanlou,Dongli Sanjing Road,14657.92537,100102,100032,11,1,10,10,0
University of Civil Aviation,Dongli Yijing Road,14657.30637,100142,100033,8,0,8,3,5
Dongli Yijing Road,University of Civil Aviation,14657.30637,100033,100142,1,0,1,0,1
South Station,Xianyang Road,14652.93563,100122,100153,331,67,264,144,120
Xianyang Road,South Station,14652.93563,100153,100122,276,80,196,136,60
Beiyangyuan Campus of Tianjin University,Tianjin Hotel,14652.25794,100007,100134,54,23,31,20,11
Tianjin Hotel,Beiyangyuan Campus of Tianjin University,14652.25794,100134,100007,45,15,30,9,21
Meijiang Park,Hehui South Road,14650.03329,100096,100052,56,18,38,15,23
Hehui South Road,Meijiang Park,14650.03329,100052,100096,49,13,36,22,14
Yutai,Xuefu Industrial Area,14648.94725,100183,100163,6,2,4,1,3
Xuefu Industrial Area,Yutai,14648.94725,100163,100183,2,0,2,2,0
Yudongcheng,Yizhongxin Hospital,14648.07513,100180,100177,369,52,317,237,80
Yizhongxin Hospital,Yudongcheng,14648.07513,100177,100180,248,33,215,138,77
Chenglin Road,Ruijing XinYuan,14647.12149,100014,100114,150,33,117,69,48
Ruijing XinYuan,Chenglin Road,14647.12149,100114,100014,91,28,63,43,20
Youyi South Road,Xuzhou Road,14646.89775,100178,100167,17,4,13,10,3
Xuzhou Road,Youyi South Road,14646.89775,100167,100178,16,1,15,10,5
Dongting Road,Number Two Bridge,14646.8003,100034,100110,8,0,8,6,2
Number Two Bridge,Dongting Road,14646.8003,100110,100034,5,0,5,3,2
Magangchang,Yueya River,14645.85302,100094,100182,29,7,22,13,9
Yueya River,Magangchang,14645.85302,100182,100094,23,6,17,6,11
Anshan West Road,Shuanggang,14644.8652,100003,100118,238,43,195,117,78
Shuanggang,Anshan West Road,14644.8652,100118,100003,216,34,182,111,71
Honghu Li,Beichen Road,14644.28167,100055,100005,33,13,20,13,7
Beichen Road,Honghu Li,14644.28167,100005,100055,28,3,25,9,16
Binhai International Airport,Jinshi Bridge,14643.42524,100010,100076,273,79,194,92,102
Jinshi Bridge,Binhai International Airport,14643.42524,100076,100010,272,66,206,110,96
Yutai,Laoshan Road,14642.42807,100183,100082,43,13,30,13,17
Laoshan Road,Yutai,14642.42807,100082,100183,33,11,22,6,16
Yutai,Gulou,14641.28995,100183,100045,42,15,27,11,16
Gulou,Yutai,14641.28995,100045,100183,37,16,21,10,11
Bei Zhulin,Dengzhou South Road,14640.28762,100004,100025,6,0,6,5,1
Dengzhou South Road,Bei Zhulin,14640.28762,100025,100004,3,0,3,1,2
Xinxing Village,Xiawafang,14638.27185,100162,100157,3,1,2,1,1
Xiawafang,Xinxing Village,14638.27185,100157,100162,2,1,1,1,0
North China Group,Dengzhou Road,14638.0828,100107,100024,103,33,70,35,35
Dengzhou Road,North China Group,14638.0828,100024,100107,91,23,68,41,27
Lingbin Road,Dongli Culture and Sports Centre,14637.67391,100087,100029,16,5,11,3,8
Dongli Culture and Sports Centre,Lingbin Road,14637.67391,100029,100087,11,3,8,5,3
Cao Zhuang,Zhicheng Road,14637.56739,100011,100187,98,27,71,39,32
Zhicheng Road,Cao Zhuang,14637.56739,100187,100011,94,30,64,34,30
Qinjian Road,Fengchan River,14637.3504,100113,100039,47,2,45,31,14
Fengchan River,Qinjian Road,14637.3504,100039,100113,30,5,25,25,0
Dengzhou South Road,Dabi Zhuang,14635.81098,100025,100021,20,4,16,9,7
Dabi Zhuang,Dengzhou South Road,14635.81098,100021,100025,15,3,12,8,4
North Station,Yutai,14635.2312,100108,100183,7,2,5,0,5
Yutai,North Station,14635.2312,100183,100108,4,1,3,1,2
Guoshan Road,Lijiang Road,14634.89124,100047,100085,24,1,23,18,5
Lijiang Road,Guoshan Road,14634.89124,100085,100047,14,1,13,3,10
People's Hospital,Xiaodian,14634.25828,100111,100155,140,17,123,95,28
Xiaodian,People's Hospital,14634.25828,100155,100111,123,19,104,83,21
Bei Zhulin,Meilin Road,14630.71942,100004,100098,17,8,9,6,3
Meilin Road,Bei Zhulin,14630.71942,100098,100004,16,2,14,9,5
Dongli Culture and Sports Centre,Xinxing Village,14629.37826,100029,100162,3,2,1,1,0
Xinxing Village,Dongli Culture and Sports Centre,14629.37826,100162,100029,1,1,0,0,0
Dongli Yijing Road,Cuifu New Village,14629.16343,100033,100019,6,2,4,1,3
Cuifu New Village,Dongli Yijing Road,14629.16343,100019,100033,3,0,3,2,1
Yangwu Zhuang,Jin Street,14627.1869,100169,100070,38,8,30,21,9
Jin Street,Yangwu Zhuang,14627.1869,100070,100169,35,6,29,20,9
Zhanggui Zhuang,Zhou and Deng Memorial Museum,14627.00053,100184,100191,121,33,88,52,36
Zhou and Deng Memorial Museum,Zhanggui Zhuang,14627.00053,100191,100184,105,22,83,55,28
Honghu Li,Dengzhou Road,14626.6127,100055,100024,153,68,85,60,25
Dengzhou Road,Honghu Li,14626.6127,100024,100055,127,35,92,56,36
North China Group,Wujiayao,14626.06336,100107,100150,658,167,491,336,155
Wujiayao,North China Group,14626.06336,100150,100107,620,118,502,309,193
North China Group,Benxi Road,14624.33077,100107,100008,227,74,153,86,67
Benxi Road,North China Group,14624.33077,100008,100107,194,41,153,85,68
Dawang Zhuang,Zhaoyuan Road,14622.67611,100023,100186,1,0,1,0,1
West Station,Yangwu Zhuang,14622.40426,100149,100169,287,103,184,66,118
Yangwu Zhuang,West Station,14622.40426,100169,100149,198,55,143,91,52
Jiangwan Erzhi Road,University of Civil Aviation,14618.60594,100065,100142,20,6,14,13,1
University of Civil Aviation,Jiangwan Erzhi Road,14618.60594,100142,100065,19,3,16,14,2
Tucheng,University of Civil Aviation,14617.78077,100140,100142,93,19,74,39,35
University of Civil Aviation,Tucheng,14617.78077,100142,100140,82,18,64,34,30
University town,Chentang Zhuang,14616.16424,100143,100015,346,88,258,168,90
Chentang Zhuang,University town,14616.16424,100015,100143,318,85,233,143,90
Chenglin Road,High-Tech Zone,14615.40151,100014,100054,242,14,228,206,22
High-Tech Zone,Chenglin Road,14615.40151,100054,100014,228,21,207,175,32
Yutai,Tiantai Road,14614.2111,100183,100137,26,4,22,14,8
Tiantai Road,Yutai,14614.2111,100137,100183,25,4,21,18,3
Binhai International Airport,Dawang Zhuang,14612.38495,100010,100023,216,62,154,58,96
Dawang Zhuang,Binhai International Airport,14612.38495,100023,100010,175,34,141,63,78
Xuzhuangzi,Ruijing XinYuan,14611.9159,100168,100114,67,19,48,37,11
Ruijing XinYuan,Xuzhuangzi,14611.9159,100114,100168,53,8,45,30,15
Yingfeng Road,Yixingbu North,14611.66858,100173,100176,51,13,38,22,16
Yixingbu North,Yingfeng Road,14611.66858,100176,100173,43,10,33,20,13
West Station,Danhebei Road,14611.07593,100149,100022,20,6,14,6,8
Danhebei Road,West Station,14611.07593,100022,100149,14,1,13,6,7
Dongli Yijing Road,Xiawafang,14610.89178,100033,100157,12,1,11,9,2
Xiawafang,Dongli Yijing Road,14610.89178,100157,100033,9,0,9,6,3
Dongting Road,Zhongshan Road,14608.09193,100034,100190,6,2,4,4,0
Zhongshan Road,Dongting Road,14608.09193,100190,100034,4,0,4,4,0
Taichang Road,Cao Zhuang,14607.63065,100128,100011,752,229,523,280,243
Cao Zhuang,Taichang Road,14607.63065,100011,100128,747,237,510,297,213
Zhaoyuan Road,JinZhong River Street,14606.05713,100186,100079,4,3,1,1,0
Zhicheng Road,Hangshuang Road,14605.15882,100187,100051,14,3,11,11,0
Hangshuang Road,Zhicheng Road,14605.15882,100051,100187,14,0,14,10,4
Huanyu Road,Tian Tower,14604.57207,100059,100133,2,1,1,1,0
Yuejin North Road,Yixingbu,14596.54694,100181,100175,20,5,15,12,3
Yixingbu,Yuejin North Road,14596.54694,100175,100181,12,1,11,5,6
Airport Economic Zone,Xinkai River,14595.76649,100001,100160,39,6,33,24,9
Xinkai River,Airport Economic Zone,14595.76649,100160,100001,38,10,28,18,10
Cuifu New Village,Liqi Zhuang South,14593.84334,100019,100088,13,3,10,10,0
Liqi Zhuang South,Cuifu New Village,14593.84334,100088,100019,12,2,10,10,0
Heping Road,Xinxing Village,14592.28821,100053,100162,61,16,45,10,35
Xinxing Village,Heping Road,14592.28821,100162,100053,61,13,48,28,20
Chentang Zhuang,University of Civil Aviation,14592.08272,100015,100142,68,21,47,23,24
University of Civil Aviation,Chentang Zhuang,14592.08272,100142,100015,61,19,42,23,19
Dongting Road,Xianyang Road,14589.86293,100034,100153,21,1,20,13,7
Xianyang Road,Dongting Road,14589.86293,100153,100034,19,1,18,18,0
Meijiang Exhibition Centre,Shaliu South Road,14588.10731,100095,100116,24,12,12,6,6
Shaliu South Road,Meijiang Exhibition Centre,14588.10731,100116,100095,23,14,9,7,2
Fengchan River,Anshan Road,14585.6253,100039,100002,189,34,155,103,52
Anshan Road,Fengchan River,14585.6253,100002,100039,156,27,129,55,74
Xuzhou Road,Binhai International Airport,14584.01211,100167,100010,148,44,104,39,65
Binhai International Airport,Xuzhou Road,14584.01211,100010,100167,125,32,93,25,68
Hongni River East,Dongxing Road,14583.65424,100056,100035,17,1,16,15,1
Dongxing Road,Hongni River East,14583.65424,100035,100056,14,3,11,4,7
High-Tech Zone,Dongxing Road,14583.6292,100054,100035,108,16,92,72,20
Dongxing Road,High-Tech Zone,14583.6292,100035,100054,106,16,90,77,13
Cuifu New Village,Jiayuan Li,14583.38654,100019,100067,103,19,84,51,33
Jiayuan Li,Cuifu New Village,14583.38654,100067,100019,77,16,61,32,29
Liuwei Road,Liqi Zhuang South,14583.13096,100090,100088,5,0,5,3,2
Liqi Zhuang South,Liuwei Road,14583.13096,100088,100090,2,0,2,0,2
Number Two Bridge,Shuanglin,14578.51713,100110,100119,4,3,1,0,1
Shuanglin,Number Two Bridge,14578.51713,100119,100110,4,2,2,2,0
Zhicheng Road,Huashan Li,14577.76059,100187,100060,93,24,69,44,25
Huashan Li,Zhicheng Road,14577.76059,100060,100187,80,22,58,33,25
Yuanyang International Centre,Liqi Zhuang South,14577.73736,100179,100088,18,4,14,10,4
Liqi Zhuang South,Yuanyang International Centre,14577.73736,100088,100179,14,2,12,7,5
Yingfeng Road,Tianshili,14576.83689,100173,100136,19,1,18,16,2
Tianshili,Yingfeng Road,14576.83689,100136,100173,5,1,4,4,0
Xinkai River,Yuejin North Road,14576.41021,100160,100181,8,1,7,6,1
Yuejin North Road,Xinkai River,14576.41021,100181,100160,8,0,8,4,4
Ruijing XinYuan,Cultural centre,14575.89869,100114,100020,368,130,238,136,102
Cultural centre,Ruijing XinYuan,14575.89869,100020,100114,346,116,230,122,108
Meilin Road,West Station,14575.70699,100098,100149,584,181,403,248,155
West Station,Meilin Road,14575.70699,100149,100098,577,153,424,132,292
People's Hospital,Nanzhu Bridge,14575.34323,100111,100104,6,1,5,3,2
Nanzhu Bridge,People's Hospital,14575.34323,100104,100111,3,0,3,0,3
Xikang Road,Fengchan River,14575.12753,100158,100039,145,34,111,88,23
Fengchan River,Xikang Road,14575.12753,100039,100158,114,24,90,71,19
JinZhong River Street,Yaohuan Road,14574.17601,100079,100170,42,11,31,20,11
Yaohuan Road,JinZhong River Street,14574.17601,100170,100079,41,10,31,19,12
Guoshan Road,Tumour Hospital,14573.62157,100047,100141,83,15,68,43,25
Tumour Hospital,Guoshan Road,14573.62157,100141,100047,80,14,66,31,35
Shuanggang,Liqi Zhuang South,14572.36221,100118,100088,2,1,1,1,0
Liqi Zhuang South,Shuanggang,14572.36221,100088,100118,2,2,0,0,0
Jinmao Industrial Area,Foreign Languages High School,14572.05208,100074,100040,1,0,1,0,1
Heping Road,South Station,14572.03444,100053,100122,4231,1741,2490,1106,1384
South Station,Heping Road,14572.03444,100122,100053,3925,1196,2729,1482,1247
Wanshan Road,Nanhe Zhuang,14570.27145,100146,100101,2,2,0,0,0
Nanhe Zhuang,Wanshan Road,14570.27145,100101,100146,2,1,1,1,0
Zhigu,Fengchan River,14569.9993,100188,100039,29,4,25,14,11
Fengchan River,Zhigu,14569.9993,100039,100188,17,4,13,9,4
Xinli,Jin Street,14569.02159,100161,100070,84,15,69,42,27
Jin Street,Xinli,14569.02159,100070,100161,72,17,55,21,34
Jianchang Road,Liulin Road,14566.86372,100063,100089,27,5,22,12,10
Liulin Road,Jianchang Road,14566.86372,100089,100063,24,6,18,11,7
Liaohe North Road,Tumour Hospital,14566.73449,100084,100141,239,25,214,149,65
Tumour Hospital,Liaohe North Road,14566.73449,100141,100084,229,35,194,95,99
Xunhai Road,Xuzhou Road,14566.006,100166,100167,35,1,34,19,15
Xuzhou Road,Xunhai Road,14566.006,100167,100166,19,1,18,12,6
Guangkaisima Road,Weishan Road,14565.54373,100044,100148,7,5,2,2,0
Weishan Road,Guangkaisima Road,14565.54373,100148,100044,4,2,2,0,2
Zhaoyuan Road,Jin Street,14564.47289,100186,100070,24,7,17,16,1
Jin Street,Zhaoyuan Road,14564.47289,100070,100186,22,7,15,7,8
University town,Taichang Road,14563.65701,100143,100128,419,157,262,160,102
Taichang Road,University town,14563.65701,100128,100143,389,162,227,113,114
Guangkaisima Road,Shuanglin,14563.23247,100044,100119,156,30,126,98,28
Shuanglin,Guangkaisima Road,14563.23247,100119,100044,151,28,123,96,27
Youyi South Road,Southwest corner,14562.60857,100178,100124,4,1,3,0,3
Southwest corner,Youyi South Road,14562.60857,100124,100178,2,0,2,1,1
Lushui Road,Changhong Park,14562.3515,100093,100012,275,72,203,111,92
Changhong Park,Lushui Road,14562.3515,100012,100093,240,55,185,77,108
High-Tech Zone,Xinkai River,14560.26407,100054,100160,21,4,17,14,3
Xinkai River,High-Tech Zone,14560.26407,100160,100054,17,5,12,8,4
Jieyuan West Road,Meijiang Exhibition Centre,14558.43837,100069,100095,166,54,112,84,28
Meijiang Exhibition Centre,Jieyuan West Road,14558.43837,100095,100069,162,52,110,64,46
Xinkai River,Jiangwan Erzhi Road,14557.80492,100160,100065,3,0,3,3,0
Jiangwan Erzhi Road,Xinkai River,14557.80492,100065,100160,2,2,0,0,0
Xinkai River,Longhan Road,14557.7579,100160,100092,1,0,1,0,1
Longhan Road,Xinkai River,14557.7579,100092,100160,1,1,0,0,0
Shunchi Bridge,Liuyuan,14554.63688,100120,100091,323,67,256,163,93
Liuyuan,Shunchi Bridge,14554.63688,100091,100120,269,74,195,121,74
Fuxing Road,Dongting Road,14554.1405,100042,100034,10,5,5,0,5
Dongting Road,Fuxing Road,14554.1405,100034,100042,8,3,5,2,3
Magangchang,Airport Economic Zone,14553.13318,100094,100001,151,20,131,113,18
Airport Economic Zone,Magangchang,14553.13318,100001,100094,139,22,117,86,31
Yudongcheng,Fengchan River,14550.87621,100180,100039,33,3,30,14,16
Fengchan River,Yudongcheng,14550.87621,100039,100180,20,2,18,14,4
Wandong Road,Benxi Road,14547.94197,100144,100008,71,17,54,41,13
Benxi Road,Wandong Road,14547.94197,100008,100144,55,11,44,29,15
Xiaodong Zhuang,Dongxing Road,14545.82837,100156,100035,396,58,338,275,63
Dongxing Road,Xiaodong Zhuang,14545.82837,100035,100156,390,51,339,228,111
Dengzhou Road,Zuojiang Road,14544.49223,100024,100192,6,1,5,5,0
Zuojiang Road,Dengzhou Road,14544.49223,100192,100024,2,0,2,1,1
Xuzhuangzi,Number Two Bridge,14542.76625,100168,100110,43,3,40,36,4
Number Two Bridge,Xuzhuangzi,14542.76625,100110,100168,22,2,20,19,1
Xuefu Industrial Area,Yuanyang International Centre,14541.9412,100163,100179,161,11,150,116,34
Yuanyang International Centre,Xuefu Industrial Area,14541.9412,100179,100163,143,10,133,116,17
Jiefang South Road,JinZhong River Street,14541.87609,100068,100079,183,41,142,86,56
JinZhong River Street,Jiefang South Road,14541.87609,100079,100068,175,53,122,80,42
Dongli Development Zone,Cultural centre,14537.10604,100030,100020,317,80,237,160,77
Cultural centre,Dongli Development Zone,14537.10604,100020,100030,278,71,207,146,61
Huaihe Road,Tiantuo,14536.4488,100058,100138,76,10,66,47,19
Tiantuo,Huaihe Road,14536.4488,100138,100058,52,4,48,33,15
Siyuan Road,Changling Road,14533.62794,100121,100013,40,9,31,13,18
Changling Road,Siyuan Road,14533.62794,100013,100121,25,4,21,9,12
Number Two Bridge,Zhangxing Zhuang,14533.09083,100110,100185,29,10,19,16,3
Zhangxing Zhuang,Number Two Bridge,14533.09083,100185,100110,19,4,15,10,5
Xianyang Road,Dabi Zhuang,14531.88337,100153,100021,86,18,68,43,25
Dabi Zhuang,Xianyang Road,14531.88337,100021,100153,84,18,66,46,20
Xingfu Park,Liqi Zhuang South,14530.96043,100159,100088,51,6,45,35,10
Liqi Zhuang South,Xingfu Park,14530.96043,100088,100159,43,9,34,27,7
Nanlou,Ruijing XinYuan,14530.17336,100102,100114,689,135,554,329,225
Ruijing XinYuan,Nanlou,14530.17336,100114,100102,666,153,513,338,175
Tucheng,Cao Zhuang,14529.54152,100140,100011,695,170,525,335,190
Cao Zhuang,Tucheng,14529.54152,100011,100140,670,149,521,318,203
Hongni River East,Cultural centre,14528.91343,100056,100020,82,23,59,50,9
Cultural centre,Hongni River East,14528.91343,100020,100056,80,23,57,42,15
Yangwu Zhuang,Meijiang Road,14528.52181,100169,100097,71,12,59,55,4
Meijiang Road,Yangwu Zhuang,14528.52181,100097,100169,56,9,47,33,14
Tianshili,Water Park Road East,14526.5594,100136,100147,12,7,5,1,4
Water Park Road East,Tianshili,14526.5594,100147,100136,2,0,2,0,2
Xueyuan North Road,Jianguo Road,14524.26775,100165,100064,4,3,1,0,1
Jianguo Road,Xueyuan North Road,14524.26775,100064,100165,2,0,2,2,0
Heping Road,Binhai International Airport,14523.06405,100053,100010,584,221,363,158,205
Binhai International Airport,Heping Road,14523.06405,100010,100053,431,140,291,100,191
Xuefu Industrial Area,Meijiang Exhibition Centre,14520.66947,100163,100095,52,16,36,29,7
Meijiang Exhibition Centre,Xuefu Industrial Area,14520.66947,100095,100163,43,7,36,26,10
Yutai,Jieyuan West Road,14520.04832,100183,100069,24,4,20,13,7
Jieyuan West Road,Yutai,14520.04832,100069,100183,24,1,23,16,7
Yixingbu North,Sports Centre,14519.40796,100176,100126,259,41,218,166,52
Sports Centre,Yixingbu North,14519.40796,100126,100176,257,47,210,140,70
Zhanggui Zhuang,Foreign Languages High School,14518.87411,100184,100040,8,1,7,3,4
Foreign Languages High School,Zhanggui Zhuang,14518.87411,100040,100184,7,0,7,4,3
JinZhong Street,Chentang Zhuang,14518.49707,100080,100015,180,24,156,119,37
Chentang Zhuang,JinZhong Street,14518.49707,100015,100080,171,18,153,107,46
Leyuan Road,Haihe Education Zone,14518.22467,100083,100050,121,35,86,64,22
Haihe Education Zone,Leyuan Road,14518.22467,100050,100083,109,35,74,50,24
Northwest Corner,Dongting Road,14517.72778,100109,100034,50,10,40,25,15
Dongting Road,Northwest Corner,14517.72778,100034,100109,47,12,35,21,14
Yixingbu,Huayuan,14516.88863,100175,100061,503,47,456,382,74
Huayuan,Yixingbu,14516.88863,100061,100175,475,47,428,297,131
Dongli Liujing Road,Taichang Road,14516.09102,100031,100128,59,9,50,40,10
Taichang Road,Dongli Liujing Road,14516.09102,100128,100031,45,16,29,24,5
Tucheng,Jiayuan Li,14515.96341,100140,100067,802,188,614,354,260
Jiayuan Li,Tucheng,14515.96341,100067,100140,758,149,609,397,212
North Station,The Financial University,14514.93307,100108,100132,208,128,80,45,35
The Financial University,North Station,14514.93307,100132,100108,170,34,136,66,70
Meijiang Park,Fangshan Road,14514.40849,100096,100038,1,0,1,1,0
Xiaobailou,Jingli Road,14513.11708,100154,100073,137,24,113,83,30
Jingli Road,Xiaobailou,14513.11708,100073,100154,134,30,104,83,21
Haiguang Temple,Dabi Zhuang,14512.86012,100048,100021,210,39,171,100,71
Dabi Zhuang,Haiguang Temple,14512.86012,100021,100048,207,32,175,132,43
Zhanggui Zhuang,Tiedong Road,14512.73789,100184,100139,113,25,88,61,27
Tiedong Road,Zhanggui Zhuang,14512.73789,100139,100184,113,31,82,48,34
Xuzhou Road,Xinli,14511.4426,100167,100161,8,1,7,5,2
Xinli,Xuzhou Road,14511.4426,100161,100167,7,1,6,4,2
Meijiang Road,Yixingbu,14511.06568,100097,100175,32,6,26,23,3
Yixingbu,Meijiang Road,14511.06568,100175,100097,29,4,25,22,3
Tucheng,Airport Economic Zone,14508.60733,100140,100001,470,78,392,265,127
Airport Economic Zone,Tucheng,14508.60733,100001,100140,344,56,288,191,97
Shuanggang,Zhou and Deng Memorial Museum,14508.11525,100118,100191,33,12,21,16,5
Zhou and Deng Memorial Museum,Shuanggang,14508.11525,100191,100118,22,4,18,7,11
Jinghe Road,Dongxing Road,14507.92977,100071,100035,8,1,7,6,1
Dongxing Road,Jinghe Road,14507.92977,100035,100071,4,1,3,1,2
Nancuiping,Longhan Road,14507.31063,100100,100092,1,0,1,1,0
Fuxing Gate,Qinjian Road,14507.02823,100041,100113,397,64,333,194,139
Qinjian Road,Fuxing Gate,14507.02823,100113,100041,309,62,247,176,71
Anshan Road,Shuanggang,14505.39223,100002,100118,86,22,64,37,27
Shuanggang,Anshan Road,14505.39223,100118,100002,59,4,55,37,18
Wandong Road,Liqi Zhuang South,14503.94419,100144,100088,3,0,3,1,2
Liqi Zhuang South,Wandong Road,14503.94419,100088,100144,3,2,1,0,1
Xingfu Park,Cao Zhuang,14498.01693,100159,100011,420,144,276,160,116
Cao Zhuang,Xingfu Park,14498.01693,100011,100159,420,129,291,170,121
North China Group,Anshan West Road,14497.76574,100107,100003,335,93,242,176,66
Anshan West Road,North China Group,14497.76574,100003,100107,325,83,242,133,109
University town,Meilin Road,14497.30097,100143,100098,107,28,79,48,31
Meilin Road,University town,14497.30097,100098,100143,101,18,83,56,27
South Station,Anshan Road,14496.5039,100122,100002,1291,292,999,655,344
Anshan Road,South Station,14496.5039,100002,100122,1076,254,822,379,443
University town,Tiedong Road,14496.34786,100143,100139,537,139,398,243,155
Tiedong Road,University town,14496.34786,100139,100143,485,154,331,195,136
Yudongcheng,Tiantuo,14495.46037,100180,100138,444,49,395,320,75
Tiantuo,Yudongcheng,14495.46037,100138,100180,351,40,311,210,101
Xunhai Road,Guoshan Road,14494.96406,100166,100047,2,1,1,1,0
Guoshan Road,Xunhai Road,14494.96406,100047,100166,1,0,1,1,0
Nansun Zhuang,Liuwei Road,14494.4909,100103,100090,2,0,2,1,1
Liuwei Road,Nansun Zhuang,14494.4909,100090,100103,1,0,1,0,1
Jiefang South Road,The Financial University,14493.98869,100068,100132,23,6,17,6,11
The Financial University,Jiefang South Road,14493.98869,100132,100068,7,5,2,0,2
South Station,Guangkaisima Road,14492.89297,100122,100044,357,89,268,181,87
Guangkaisima Road,South Station,14492.89297,100044,100122,332,91,241,147,94
Zhongshan Gate,Airport Economic Zone,14492.79974,100189,100001,352,47,305,229,76
Airport Economic Zone,Zhongshan Gate,14492.79974,100001,100189,292,44,248,129,119
Tianjin Hotel,Hangshuang Road,14490.94454,100134,100051,54,1,53,45,8
Hangshuang Road,Tianjin Hotel,14490.94454,100051,100134,34,3,31,26,5
Xiaobailou,Nanhe Zhuang,14490.22804,100154,100101,95,46,49,25,24
Nanhe Zhuang,Xiaobailou,14490.22804,100101,100154,63,25,38,14,24
Huaihe Road,Cultural centre,14489.1456,100058,100020,273,97,176,131,45
Cultural centre,Huaihe Road,14489.1456,100020,100058,246,75,171,109,62
Jiayuan Li,Tianjin Hotel,14483.11956,100067,100134,181,44,137,109,28
Tianjin Hotel,Jiayuan Li,14483.11956,100134,100067,181,43,138,85,53
Jingjiang Road,Ruijing XinYuan,14482.26852,100072,100114,225,46,179,94,85
Ruijing XinYuan,Jingjiang Road,14482.26852,100114,100072,201,53,148,100,48
Liuyuan,Wujiayao,14482.162,100091,100150,1364,247,1117,861,256
Wujiayao,Liuyuan,14482.162,100150,100091,1070,184,886,588,298
Lilou,Jingjiang Road,14481.33127,100086,100072,140,22,118,88,30
Jingjiang Road,Lilou,14481.33127,100072,100086,129,23,106,64,42
Zhanggui Zhuang,Laoshan Road,14480.9402,100184,100082,4,2,2,1,1
Zhongshan Gate,University of Civil Aviation,14479.51488,100189,100142,27,9,18,5,13
University of Civil Aviation,Zhongshan Gate,14479.51488,100142,100189,14,6,8,5,3
Meilin Road,People's Hospital,14478.77949,100098,100111,274,59,215,139,76
People's Hospital,Meilin Road,14478.77949,100111,100098,254,52,202,92,110
Jinshi Bridge,Jiangwan Erzhi Road,14478.61157,100076,100065,6,3,3,1,2
Jiangwan Erzhi Road,Jinshi Bridge,14478.61157,100065,100076,4,0,4,2,2
Yihao Bridge,Liqi Zhuang South,14478.5444,100172,100088,2,1,1,1,0
Liqi Zhuang South,Yihao Bridge,14478.5444,100088,100172,2,1,1,1,0
Nancuiping,Zhanggui Zhuang,14477.18472,100100,100184,47,15,32,21,11
Zhanggui Zhuang,Nancuiping,14477.18472,100184,100100,46,10,36,21,15
Nanhe Zhuang,Southwest Tower,14475.78112,100101,100125,99,28,71,42,29
Southwest Tower,Nanhe Zhuang,14475.78112,100125,100101,76,21,55,35,20
Tiantai Road,Fangshan Road,14475.05097,100137,100038,9,1,8,1,7
Fangshan Road,Tiantai Road,14475.05097,100038,100137,5,1,4,4,0
Hongqi South Road,Laoshan Road,14474.80204,100057,100082,55,11,44,29,15
Laoshan Road,Hongqi South Road,14474.80204,100082,100057,50,10,40,31,9
Foreign Languages High School,North Beichen Tech Park,14474.26388,100040,100106,5,0,5,4,1
North Beichen Tech Park,Foreign Languages High School,14474.26388,100106,100040,2,0,2,2,0
Honghu Li,Huashan Li,14474.0017,100055,100060,719,252,467,281,186
Huashan Li,Honghu Li,14474.0017,100060,100055,658,194,464,307,157
Jiangwan Erzhi Road,Northwest Corner,14473.26458,100065,100109,43,12,31,20,11
Northwest Corner,Jiangwan Erzhi Road,14473.26458,100109,100065,33,7,26,10,16
Xinxing Village,Chunhai Road,14470.75432,100162,100017,1,0,1,1,0
Chunhai Road,Xinxing Village,14470.75432,100017,100162,1,0,1,1,0
Yixingbu North,Water Park Road East,14470.37003,100176,100147,107,33,74,49,25
Water Park Road East,Yixingbu North,14470.37003,100147,100176,96,34,62,40,22
Jinmao Industrial Area,National Exhibition Centre,14468.49356,100074,100105,5,0,5,5,0
National Exhibition Centre,Jinmao Industrial Area,14468.49356,100105,100074,3,0,3,1,2
Yueya River,Huayuan,14466.30484,100182,100061,422,27,395,342,53
Huayuan,Yueya River,14466.30484,100061,100182,408,26,382,287,95
Zhicheng Road,Huayuan,14465.1065,100187,100061,205,25,180,161,19
Huayuan,Zhicheng Road,14465.1065,100061,100187,203,17,186,141,45
Liuyuan,Hongqi South Road,14464.97606,100091,100057,578,146,432,288,144
Hongqi South Road,Liuyuan,14464.97606,100057,100091,524,108,416,259,157
Tianshili,Chentang Zhuang,14461.19797,100136,100015,27,1,26,21,5
Chentang Zhuang,Tianshili,14461.19797,100015,100136,26,4,22,16,6
Yibin Road,Magangchang,14460.99283,100171,100094,20,1,19,9,10
Magangchang,Yibin Road,14460.99283,100094,100171,16,3,13,7,6
Tian Tower,JinZhong Street,14460.47111,100133,100080,195,53,142,70,72
JinZhong Street,Tian Tower,14460.47111,100080,100133,188,47,141,97,44
Zhanggui Zhuang,Dengzhou South Road,14460.12576,100184,100025,7,2,5,4,1
Dengzhou South Road,Zhanggui Zhuang,14460.12576,100025,100184,2,0,2,0,2
Meilin Road,Xinkai River,14459.44248,100098,100160,42,4,38,35,3
Xinkai River,Meilin Road,14459.44248,100160,100098,30,5,25,18,7
Lushui Road,North Station,14456.85954,100093,100108,59,17,42,30,12
North Station,Lushui Road,14456.85954,100108,100093,55,22,33,13,20
Jiefang South Road,Xinkai River,14450.75908,100068,100160,82,17,65,37,28
Xinkai River,Jiefang South Road,14450.75908,100160,100068,81,13,68,43,25
Jinghe Road,Chinese Medicine First Affiliated Hospital,14450.22675,100071,100016,43,9,34,29,5
Chinese Medicine First Affiliated Hospital,Jinghe Road,14450.22675,100016,100071,41,9,32,9,23
Number Two Bridge,Jiefang South Road,14450.02691,100110,100068,45,11,34,27,7
Jiefang South Road,Number Two Bridge,14450.02691,100068,100110,43,13,30,11,19
Fangshan Road,Liaohe North Road,14448.23055,100038,100084,2,1,1,0,1
Liaohe North Road,Fangshan Road,14448.23055,100084,100038,2,1,1,0,1
Tianjin Hotel,Zhaoyuan Road,14447.56806,100134,100186,1,0,1,0,1
Zhaoyuan Road,Tianjin Hotel,14447.56806,100186,100134,1,0,1,0,1
Minquan Gate,Liulin Road,14446.27493,100099,100089,17,3,14,4,10
Liulin Road,Minquan Gate,14446.27493,100089,100099,15,3,12,4,8
Xingfu Park,Nanzhu Bridge,14441.08739,100159,100104,24,6,18,12,6
Nanzhu Bridge,Xingfu Park,14441.08739,100104,100159,22,9,13,1,12
South Station,Leyuan Road,14440.08843,100122,100083,615,198,417,221,196
Leyuan Road,South Station,14440.08843,100083,100122,510,205,305,149,156
Honghu Li,Xiaodian,14437.26998,100055,100155,52,12,40,30,10
Xiaodian,Honghu Li,14437.26998,100155,100055,51,12,39,33,6
Jianchang Road,Meijiang Park,14435.26939,100063,100096,15,7,8,7,1
Meijiang Park,Jianchang Road,14435.26939,100096,100063,9,2,7,3,4
Xikang Road,Airport Economic Zone,14434.60623,100158,100001,916,131,785,561,224
Airport Economic Zone,Xikang Road,14434.60623,100001,100158,880,163,717,537,180
Jianchang Road,Binhai International Airport,14434.551,100063,100010,97,37,60,25,35
Binhai International Airport,Jianchang Road,14434.551,100010,100063,71,22,49,17,32
Yingfeng Road,Liulin Road,14432.1009,100173,100089,35,5,30,14,16
Liulin Road,Yingfeng Road,14432.1009,100089,100173,28,5,23,13,10
Xiaodian,Gulou,14431.98378,100155,100045,190,62,128,91,37
Gulou,Xiaodian,14431.98378,100045,100155,164,49,115,63,52
Laoshan Road,Hongni River East,14431.48377,100082,100056,3,1,2,0,2
Hongni River East,Laoshan Road,14431.48377,100056,100082,3,1,2,0,2
Tianjin Station,Zhaoyuan Road,14430.38507,100135,100186,16,4,12,2,10
Zhaoyuan Road,Tianjin Station,14430.38507,100186,100135,16,4,12,11,1
Dongting Road,Guangkaisima Road,14429.82027,100034,100044,16,5,11,7,4
Guangkaisima Road,Dongting Road,14429.82027,100044,100034,13,3,10,6,4
Chunhai Road,Erwei Road,14428.40605,100017,100036,31,3,28,21,7
Erwei Road,Chunhai Road,14428.40605,100036,100017,14,4,10,7,3
University of Civil Aviation,Jianguo Road,14428.39262,100142,100064,50,17,33,13,20
Jianguo Road,University of Civil Aviation,14428.39262,100064,100142,47,14,33,25,8
Xiangshan Road,Huaihe Road,14427.09288,100151,100058,37,5,32,23,9
Huaihe Road,Xiangshan Road,14427.09288,100058,100151,29,6,23,18,5
Magangchang,Jiefang South Road,14426.251,100094,100068,2,2,0,0,0
Jiefang South Road,Magangchang,14426.251,100068,100094,1,1,0,0,0
Chunhai Road,Jin Street,14425.49633,100017,100070,47,8,39,23,16
Jin Street,Chunhai Road,14425.49633,100070,100017,23,3,20,9,11
Northwest Corner,Xuefu Industrial Area,14425.19232,100109,100163,198,23,175,105,70
Xuefu Industrial Area,Northwest Corner,14425.19232,100163,100109,192,24,168,134,34
Yixingbu,Liuyuan,14424.47357,100175,100091,156,37,119,62,57
Liuyuan,Yixingbu,14424.47357,100091,100175,137,50,87,46,41
Bianxing,Chentang Zhuang,14424.06221,100009,100015,183,23,160,121,39
Chentang Zhuang,Bianxing,14424.06221,100015,100009,147,20,127,83,44
Wanshan Road,Yibin Road,14421.41636,100146,100171,8,1,7,6,1
Yibin Road,Wanshan Road,14421.41636,100171,100146,8,1,7,2,5
Chenglin Road,Shuanggang,14421.08065,100014,100118,72,13,59,47,12
Shuanggang,Chenglin Road,14421.08065,100118,100014,66,15,51,40,11
Jianshan Road,Nanhe Zhuang,14420.18653,100066,100101,25,8,17,13,4
Nanhe Zhuang,Jianshan Road,14420.18653,100101,100066,19,4,15,9,6
Liaohe North Road,Tianjin Hotel,14420.10139,100084,100134,147,27,120,77,43
Tianjin Hotel,Liaohe North Road,14420.10139,100134,100084,129,21,108,61,47
Cuifu New Village,Cao Zhuang,14415.77754,100019,100011,533,127,406,296,110
Cao Zhuang,Cuifu New Village,14415.77754,100011,100019,446,115,331,187,144
Changling Road,Dengzhou Road,14414.825,100013,100024,75,17,58,44,14
Dengzhou Road,Changling Road,14414.825,100024,100013,67,20,47,25,22
Xuefu Industrial Area,Jiangwan Erzhi Road,14414.55306,100163,100065,5,0,5,4,1
Jiangwan Erzhi Road,Xuefu Industrial Area,14414.55306,100065,100163,3,0,3,2,1
Nansun Zhuang,Jianguo Road,14411.52352,100103,100064,10,0,10,8,2
Jianguo Road,Nansun Zhuang,14411.52352,100064,100103,7,0,7,1,6
Gaozhuangzi,Wanshan Road,14411.14944,100043,100146,9,4,5,3,2
Wanshan Road,Gaozhuangzi,14411.14944,100146,100043,3,2,1,0,1
Zhou and Deng Memorial Museum,Liulin Road,14410.70247,100191,100089,22,2,20,13,7
Liulin Road,Zhou and Deng Memorial Museum,14410.70247,100089,100191,22,12,10,2,8
Zhanggui Zhuang,The Financial University,14410.57276,100184,100132,11,3,8,1,7
The Financial University,Zhanggui Zhuang,14410.57276,100132,100184,9,4,5,3,2
Nanhe Zhuang,Changhong Park,14409.94203,100101,100012,66,22,44,24,20
Changhong Park,Nanhe Zhuang,14409.94203,100012,100101,66,14,52,31,21
Tianjin Station,Yangwu Zhuang,14408.81893,100135,100169,700,208,492,213,279
Yangwu Zhuang,Tianjin Station,14408.81893,100169,100135,662,178,484,277,207
Lijiang Road,Jinghe Road,14408.75583,100085,100071,4,2,2,2,0
Bianxing,Xuzhuangzi,14407.50001,100009,100168,23,1,22,21,1
Xuzhuangzi,Bianxing,14407.50001,100168,100009,20,0,20,15,5
Xiangshan Road,Yibin Road,14406.92404,100151,100171,38,7,31,16,15
Yibin Road,Xiangshan Road,14406.92404,100171,100151,37,13,24,14,10
Jiangwan Erzhi Road,Gulou,14406.89576,100065,100045,64,23,41,24,17
Gulou,Jiangwan Erzhi Road,14406.89576,100045,100065,55,21,34,17,17
Xuzhuangzi,Fuxing Gate,14403.80425,100168,100041,16,4,12,11,1
Fuxing Gate,Xuzhuangzi,14403.80425,100041,100168,6,3,3,2,1
Fengchan River,Nanhe Zhuang,14403.71661,100039,100101,5,0,5,4,1
Nanhe Zhuang,Fengchan River,14403.71661,100101,100039,2,1,1,0,1
Xueyuan North Road,Water Park Road East,14402.05866,100165,100147,1,0,1,0,1
Fangshan Road,Yibin Road,14401.71154,100038,100171,14,0,14,9,5
Yibin Road,Fangshan Road,14401.71154,100171,100038,11,0,11,5,6
Shuanggang,Yutai,14401.24555,100118,100183,5,2,3,1,2
Yutai,Shuanggang,14401.24555,100183,100118,3,1,2,2,0
Weishan Road,Northwest Corner,14400.97671,100148,100109,17,3,14,12,2
Northwest Corner,Weishan Road,14400.97671,100109,100148,13,3,10,4,6
Xuzhou Road,Fengchan River,14400.96454,100167,100039,8,1,7,5,2
Fengchan River,Xuzhou Road,14400.96454,100039,100167,3,0,3,3,0
North Station,Jiangwan Erzhi Road,14400.83701,100108,100065,7,3,4,4,0
Jiangwan Erzhi Road,North Station,14400.83701,100065,100108,2,0,2,2,0
Wujiayao,Chunhai Road,14397.24798,100150,100017,10,2,8,6,2
Chunhai Road,Wujiayao,14397.24798,100017,100150,5,1,4,4,0
Bei Zhulin,Dongting Road,14395.62727,100004,100034,1,0,1,0,1
South Station,Changling Road,14394.96189,100122,100013,219,69,150,78,72
Changling Road,South Station,14394.96189,100013,100122,174,50,124,70,54
South Station,People's Hospital,14393.64809,100122,100111,787,193,594,330,264
People's Hospital,South Station,14393.64809,100111,100122,571,139,432,213,219
Yixingbu North,Jinmao Industrial Area,14392.81202,100176,100074,11,0,11,10,1
Jinmao Industrial Area,Yixingbu North,14392.81202,100074,100176,11,1,10,9,1
Liuyuan,Zhicheng Road,14390.56639,100091,100187,85,27,58,37,21
Zhicheng Road,Liuyuan,14390.56639,100187,100091,60,13,47,24,23
Tiantuo,The Financial University,14389.71462,100138,100132,89,14,75,44,31
The Financial University,Tiantuo,14389.71462,100132,100138,75,17,58,40,18
Qinjian Road,Professional University,14386.58378,100113,100112,54,13,41,20,21
Professional University,Qinjian Road,14386.58378,100112,100113,47,10,37,17,20
Professional University,Xiawafang,14386.4565,100112,100157,595,108,487,341,146
Xiawafang,Professional University,14386.4565,100157,100112,537,111,426,258,168
Beiyangyuan Campus of Tianjin University,Tumour Hospital,14386.17393,100007,100141,84,35,49,24,25
Tumour Hospital,Beiyangyuan Campus of Tianjin University,14386.17393,100141,100007,80,36,44,16,28
Gulou,Xuelian South Road,14385.41,100045,100164,24,14,10,3,7
Xuelian South Road,Gulou,14385.41,100164,100045,23,13,10,6,4
Chinese Medicine First Affiliated Hospital,Yangwu Zhuang,14383.69917,100016,100169,67,8,59,25,34
Yangwu Zhuang,Chinese Medicine First Affiliated Hospital,14383.69917,100169,100016,60,10,50,33,17
Weishan Road,Airport Economic Zone,14383.51621,100148,100001,345,47,298,247,51
Airport Economic Zone,Weishan Road,14383.51621,100001,100148,267,41,226,168,58
Xianyang Road,Wanshan Road,14381.66645,100153,100146,28,9,19,16,3
Wanshan Road,Xianyang Road,14381.66645,100146,100153,25,5,20,6,14
Longhan Road,Guorui Road,14380.39965,100092,100046,20,5,15,5,10
Guorui Road,Longhan Road,14380.39965,100046,100092,7,1,6,3,3
Jiangwan Erzhi Road,Tiantai Road,14379.81691,100065,100137,11,2,9,6,3
Tiantai Road,Jiangwan Erzhi Road,14379.81691,100137,100065,8,1,7,4,3
Shuanglin,Northwest Corner,14379.75403,100119,100109,1234,340,894,589,305
Northwest Corner,Shuanglin,14379.75403,100109,100119,1151,293,858,406,452
Foreign Languages High School,High-Tech Zone,14378.93348,100040,100054,44,7,37,37,0
High-Tech Zone,Foreign Languages High School,14378.93348,100054,100040,37,6,31,28,3
Xuzhou Road,Liqi Zhuang South,14377.26689,100167,100088,2,1,1,0,1
Liqi Zhuang South,Xuzhou Road,14377.26689,100088,100167,1,0,1,1,0
Yixingbu,Yihao Bridge,14377.24975,100175,100172,57,8,49,33,16
Yihao Bridge,Yixingbu,14377.24975,100172,100175,56,13,43,16,27
Hongqi South Road,Wanshan Road,14376.8345,100057,100146,5,4,1,0,1
Wanshan Road,Hongqi South Road,14376.8345,100146,100057,3,1,2,2,0
Beining Park,Zhanggui Zhuang,14373.94713,100006,100184,44,13,31,18,13
Zhanggui Zhuang,Beining Park,14373.94713,100184,100006,32,10,22,15,7
Xiangshan Road,Sports Centre,14372.91747,100151,100126,48,12,36,18,18
Sports Centre,Xiangshan Road,14372.91747,100126,100151,43,5,38,15,23
Huanyu Road,Zhicheng Road,14372.49318,100059,100187,2,0,2,1,1
Zhicheng Road,Huanyu Road,14372.49318,100187,100059,1,0,1,0,1
Xinkai River,Dongting Road,14371.28029,100160,100034,7,2,5,5,0
Dongting Road,Xinkai River,14371.28029,100034,100160,4,0,4,1,3
Nansun Zhuang,Zhigu,14371.0613,100103,100188,7,1,6,2,4
Zhigu,Nansun Zhuang,14371.0613,100188,100103,7,1,6,4,2
Liqi Zhuang South,Jianguo Road,14369.44489,100088,100064,21,6,15,11,4
Jianguo Road,Liqi Zhuang South,14369.44489,100064,100088,19,4,15,12,3
Nansun Zhuang,Jinwan Square,14364.36054,100103,100078,8,4,4,1,3
Jinwan Square,Nansun Zhuang,14364.36054,100078,100103,5,2,3,3,0
Shunchi Bridge,Liqi Zhuang South,14363.63818,100120,100088,18,3,15,10,5
Liqi Zhuang South,Shunchi Bridge,14363.63818,100088,100120,15,3,12,9,3
Xianyang Road,Xiangshan Road,14363.26812,100153,100151,127,24,103,76,27
Xiangshan Road,Xianyang Road,14363.26812,100151,100153,116,23,93,60,33
Yangwu Zhuang,Fuxing Road,14363.15272,100169,100042,41,5,36,29,7
Fuxing Road,Yangwu Zhuang,14363.15272,100042,100169,30,6,24,17,7
Professional University,Anshan Road,14362.17208,100112,100002,299,51,248,160,88
Anshan Road,Professional University,14362.17208,100002,100112,275,47,228,115,113
Fangshan Road,Xianyang Road,14361.96162,100038,100153,67,10,57,39,18
Xianyang Road,Fangshan Road,14361.96162,100153,100038,48,8,40,28,12
Zhigu,Jingli Road,14361.70559,100188,100073,59,6,53,37,16
Jingli Road,Zhigu,14361.70559,100073,100188,56,10,46,33,13
Xiangshan Road,Water Park Road East,14360.94964,100151,100147,12,5,7,4,3
Water Park Road East,Xiangshan Road,14360.94964,100147,100151,11,2,9,4,5
Hongqi South Road,Fangshan Road,14357.12968,100057,100038,19,4,15,8,7
Fangshan Road,Hongqi South Road,14357.12968,100038,100057,14,2,12,10,2
Bianxing,Chinese Medicine First Affiliated Hospital,14355.90647,100009,100016,88,19,69,39,30
Chinese Medicine First Affiliated Hospital,Bianxing,14355.90647,100016,100009,75,16,59,22,37
Dongxing Road,North China Group,14355.41658,100035,100107,124,23,101,72,29
North China Group,Dongxing Road,14355.41658,100107,100035,120,24,96,65,31
Xiaodian,Dabi Zhuang,14355.37956,100155,100021,24,5,19,17,2
Dabi Zhuang,Xiaodian,14355.37956,100021,100155,21,4,17,15,2
Yueya River,Weishan Road,14351.95492,100182,100148,9,4,5,4,1
Weishan Road,Yueya River,14351.95492,100148,100182,8,2,6,5,1
Wangdingdi,Yixingbu North,14350.75889,100145,100176,38,5,33,15,18
Yixingbu North,Wangdingdi,14350.75889,100176,100145,35,5,30,21,9
Yihao Bridge,Yibin Road,14348.26778,100172,100171,67,10,57,34,23
Yibin Road,Yihao Bridge,14348.26778,100171,100172,58,12,46,40,6
Leyuan Road,Hangshuang Road,14347.95563,100083,100051,5,5,0,0,0
Lingbin Road,Dengzhou South Road,14345.96889,100087,100025,29,3,26,18,8
Dengzhou South Road,Lingbin Road,14345.96889,100025,100087,27,6,21,16,5
Number Two Bridge,Tiantuo,14345.75284,100110,100138,67,8,59,42,17
Tiantuo,Number Two Bridge,14345.75284,100138,100110,58,9,49,33,16
Jintang Road,High-Tech Zone,14345.21249,100077,100054,144,17,127,108,19
High-Tech Zone,Jintang Road,14345.21249,100054,100077,119,6,113,90,23
Benxi Road,Lingbin Road,14344.98498,100008,100087,105,43,62,41,21
Lingbin Road,Benxi Road,14344.98498,100087,100008,90,24,66,34,32
Beichen Road,Dabi Zhuang,14344.65533,100005,100021,106,22,84,51,33
Dabi Zhuang,Beichen Road,14344.65533,100021,100005,72,21,51,38,13
High-Tech Zone,Shiyijing Road,14344.13415,100054,100117,170,11,159,133,26
Shiyijing Road,High-Tech Zone,14344.13415,100117,100054,159,11,148,107,41
Yuejin North Road,Tumour Hospital,14344.11012,100181,100141,170,18,152,110,42
Tumour Hospital,Yuejin North Road,14344.11012,100141,100181,147,19,128,58,70
Xiaodian,Yingkou Road,14344.07679,100155,100174,717,251,466,300,166
Yingkou Road,Xiaodian,14344.07679,100174,100155,674,237,437,184,253
Lijiang Road,Yangwu Zhuang,14342.22825,100085,100169,13,3,10,4,6
Yangwu Zhuang,Lijiang Road,14342.22825,100169,100085,13,2,11,10,1
Magangchang,Yuanyang International Centre,14342.00468,100094,100179,85,12,73,58,15
Yuanyang International Centre,Magangchang,14342.00468,100179,100094,58,14,44,33,11
Hongni River East,Jintang Road,14341.2472,100056,100077,22,1,21,12,9
Jintang Road,Hongni River East,14341.2472,100077,100056,18,5,13,6,7
Number Two Bridge,Yuejin North Road,14339.50301,100110,100181,1,1,0,0,0
Yuejin North Road,Number Two Bridge,14339.50301,100181,100110,1,0,1,0,1
Jinshi Bridge,Dongting Road,14336.2247,100076,100034,11,1,10,8,2
Dongting Road,Jinshi Bridge,14336.2247,100034,100076,4,2,2,2,0
Sports Centre,Dengzhou Road,14335.84794,100126,100024,146,29,117,66,51
Dengzhou Road,Sports Centre,14335.84794,100024,100126,142,24,118,93,25
Xuefu Industrial Area,Jianguo Road,14333.64872,100163,100064,64,3,61,54,7
Jianguo Road,Xuefu Industrial Area,14333.64872,100064,100163,52,8,44,36,8
Dawang Zhuang,Shuanggang,14333.58875,100023,100118,27,7,20,9,11
Shuanggang,Dawang Zhuang,14333.58875,100118,100023,22,2,20,12,8
Tianshili,Tumour Hospital,14333.43783,100136,100141,40,11,29,22,7
Tumour Hospital,Tianshili,14333.43783,100141,100136,32,9,23,11,12
Gulou,Dongting Road,14332.98599,100045,100034,40,11,29,23,6
Dongting Road,Gulou,14332.98599,100034,100045,38,4,34,30,4
Foreign Languages High School,Dengzhou South Road,14332.20895,100040,100025,17,1,16,16,0
Dengzhou South Road,Foreign Languages High School,14332.20895,100025,100040,9,1,8,7,1
Binhai International Airport,Huanyu Road,14331.31991,100010,100059,33,7,26,8,18
Huanyu Road,Binhai International Airport,14331.31991,100059,100010,25,6,19,8,11
Dongli Development Zone,Tucheng,14331.08069,100030,100140,131,18,113,83,30
Tucheng,Dongli Development Zone,14331.08069,100140,100030,121,20,101,55,46
Beining Park,North Beichen Tech Park,14329.3369,100006,100106,27,6,21,17,4
North Beichen Tech Park,Beining Park,14329.3369,100106,100006,23,3,20,17,3
Nancuiping,Siyuan Road,14327.97505,100100,100121,12,2,10,9,1
Siyuan Road,Nancuiping,14327.97505,100121,100100,8,0,8,5,3
Jiefang South Road,Fuxing Road,14327.69857,100068,100042,152,52,100,66,34
Fuxing Road,Jiefang South Road,14327.69857,100042,100068,145,42,103,70,33
Zhanggui Zhuang,Jianchang Road,14327.40032,100184,100063,57,10,47,33,14
Jianchang Road,Zhanggui Zhuang,14327.40032,100063,100184,54,8,46,34,12
Youyi South Road,Dongli Liujing Road,14325.92792,100178,100031,42,8,34,28,6
Dongli Liujing Road,Youyi South Road,14325.92792,100031,100178,29,3,26,21,5
Meijiang Park,Shuanglin,14324.68751,100096,100119,6,5,1,0,1
Tucheng,High-Tech Zone,14322.86304,100140,100054,287,56,231,178,53
High-Tech Zone,Tucheng,14322.86304,100054,100140,268,50,218,148,70
Professional University,Xikang Road,14321.40307,100112,100158,337,75,262,182,80
Xikang Road,Professional University,14321.40307,100158,100112,306,63,243,134,109
Wangdingdi,Siyuan Road,14321.28969,100145,100121,17,2,15,11,4
Siyuan Road,Wangdingdi,14321.28969,100121,100145,15,2,13,12,1
Minquan Gate,Zhanggui Zhuang,14321.25144,100099,100184,50,13,37,16,21
Zhanggui Zhuang,Minquan Gate,14321.25144,100184,100099,36,8,28,10,18
Dongjiang Road,Yingkou Road,14321.08492,100028,100174,3,2,1,0,1
Jiefang South Road,Northwest Corner,14320.9544,100068,100109,323,75,248,169,79
Northwest Corner,Jiefang South Road,14320.9544,100109,100068,318,84,234,106,128
Anshan Road,Airport Economic Zone,14319.83789,100002,100001,1182,266,916,423,493
Airport Economic Zone,Anshan Road,14319.83789,100001,100002,1078,281,797,516,281
Hangshuang Road,Southwest corner,14319.16054,100051,100124,60,6,54,47,7
Southwest corner,Hangshuang Road,14319.16054,100124,100051,36,3,33,30,3
Jinghe Road,Hongqi South Road,14318.51582,100071,100057,83,23,60,45,15
Hongqi South Road,Jinghe Road,14318.51582,100057,100071,78,14,64,33,31
Tian Tower,Magangchang,14315.70886,100133,100094,24,10,14,11,3
Magangchang,Tian Tower,14315.70886,100094,100133,8,2,6,3,3
Lijiang Road,Bianxing,14314.43555,100085,100009,8,3,5,3,2
Bianxing,Lijiang Road,14314.43555,100009,100085,6,0,6,6,0
Yangwu Zhuang,Zuojiang Road,14310.46683,100169,100192,18,4,14,5,9
Zuojiang Road,Yangwu Zhuang,14310.46683,100192,100169,14,2,12,6,6
Binhai International Airport,Minquan Gate,14309.92725,100010,100099,100,23,77,29,48
Minquan Gate,Binhai International Airport,14309.92725,100099,100010,81,22,59,24,35
Tianjin Station,Dongli Development Zone,14309.65863,100135,100030,2532,707,1825,785,1040
Dongli Development Zone,Tianjin Station,14309.65863,100030,100135,2334,666,1668,904,764
Xianyang Road,Yihao Bridge,14308.96833,100153,100172,149,32,117,93,24
Yihao Bridge,Xianyang Road,14308.96833,100172,100153,140,36,104,80,24
Lijiang Road,Minquan Gate,14308.41748,100085,100099,26,7,19,8,11
Minquan Gate,Lijiang Road,14308.41748,100099,100085,20,14,6,5,1
West Station,Dongting Road,14308.38223,100149,100034,212,69,143,45,98
Dongting Road,West Station,14308.38223,100034,100149,201,61,140,75,65
Second hospital of the Medical University,Dabi Zhuang,14308.24326,100115,100021,81,13,68,40,28
Dabi Zhuang,Second hospital of the Medical University,14308.24326,100021,100115,68,11,57,30,27
Dengzhou Road,Water Park Road East,14306.92503,100024,100147,75,33,42,25,17
Water Park Road East,Dengzhou Road,14306.92503,100147,100024,63,16,47,28,19
Jianchang Road,Changling Road,14306.51328,100063,100013,160,41,119,66,53
Changling Road,Jianchang Road,14306.51328,100013,100063,140,35,105,52,53
Lushui Road,Erwei Road,14305.01385,100093,100036,23,8,15,9,6
Erwei Road,Lushui Road,14305.01385,100036,100093,18,4,14,2,12
Leyuan Road,Zhaoyuan Road,14304.57915,100083,100186,1,0,1,0,1
Dengzhou Road,Lilou,14304.06229,100024,100086,34,9,25,17,8
Lilou,Dengzhou Road,14304.06229,100086,100024,21,2,19,9,10
Nanlou,Jingli Road,14301.30252,100102,100073,17,1,16,9,7
Jingli Road,Nanlou,14301.30252,100073,100102,5,1,4,1,3
Xiangshan Road,Yutai,14298.32153,100151,100183,90,25,65,40,25
Yutai,Xiangshan Road,14298.32153,100183,100151,76,16,60,50,10
Zhongshan Gate,Dabi Zhuang,14298.20972,100189,100021,93,22,71,40,31
Dabi Zhuang,Zhongshan Gate,14298.20972,100021,100189,73,15,58,41,17
Yibin Road,Huashan Li,14296.16594,100171,100060,66,19,47,24,23
Huashan Li,Yibin Road,14296.16594,100060,100171,62,12,50,36,14
Tian Tower,Lushui Road,14295.62025,100133,100093,134,55,79,27,52
Lushui Road,Tian Tower,14295.62025,100093,100133,99,38,61,33,28
Jiayuan Li,Jianshan Road,14293.76996,100067,100066,29,3,26,16,10
Jianshan Road,Jiayuan Li,14293.76996,100066,100067,25,8,17,6,11
Yingfeng Road,Shaliu South Road,14293.04914,100173,100116,57,7,50,38,12
Shaliu South Road,Yingfeng Road,14293.04914,100116,100173,55,7,48,36,12
Huayuan,Weishan Road,14290.49157,100061,100148,3,0,3,3,0
Weishan Road,Huayuan,14290.49157,100148,100061,3,1,2,2,0
JinZhong River Street,Meijiang Exhibition Centre,14290.06253,100079,100095,133,80,53,25,28
Meijiang Exhibition Centre,JinZhong River Street,14290.06253,100095,100079,102,51,51,23,28
Changhong Park,Fengchan River,14286.16511,100012,100039,35,3,32,25,7
Fengchan River,Changhong Park,14286.16511,100039,100012,28,2,26,17,9
Magangchang,Southwest corner,14286.16187,100094,100124,33,9,24,9,15
Southwest corner,Magangchang,14286.16187,100124,100094,26,6,20,18,2
Jiangwan Erzhi Road,Jieyuan West Road,14285.65413,100065,100069,17,4,13,5,8
Jieyuan West Road,Jiangwan Erzhi Road,14285.65413,100069,100065,14,2,12,6,6
Jin Street,Lushui Road,14281.97058,100070,100093,51,17,34,15,19
Lushui Road,Jin Street,14281.97058,100093,100070,32,9,23,17,6
University town,Beining Park,14281.95878,100143,100006,192,61,131,67,64
Beining Park,University town,14281.95878,100006,100143,150,48,102,59,43
Zhongshan Gate,Nanzhu Bridge,14281.22989,100189,100104,13,3,10,9,1
Nanzhu Bridge,Zhongshan Gate,14281.22989,100104,100189,10,3,7,3,4
Yuejin North Road,Dongli Liujing Road,14280.66246,100181,100031,14,0,14,14,0
Dongli Liujing Road,Yuejin North Road,14280.66246,100031,100181,10,0,10,9,1
Weishan Road,Jinshi Bridge,14280.50993,100148,100076,8,1,7,4,3
Jinshi Bridge,Weishan Road,14280.50993,100076,100148,3,0,3,2,1
Youyi South Road,Erwei Road,14280.07804,100178,100036,13,3,10,4,6
Erwei Road,Youyi South Road,14280.07804,100036,100178,10,1,9,7,2
High-Tech Zone,Jiefang South Road,14279.30882,100054,100068,215,29,186,142,44
Jiefang South Road,High-Tech Zone,14279.30882,100068,100054,188,31,157,105,52
Nanlou,Nanhe Zhuang,14278.41348,100102,100101,34,6,28,21,7
Nanhe Zhuang,Nanlou,14278.41348,100101,100102,22,9,13,11,2
Tianshili,Ruijing XinYuan,14278.32364,100136,100114,22,3,19,11,8
Ruijing XinYuan,Tianshili,14278.32364,100114,100136,19,9,10,3,7
Shuanggang,Chentang Zhuang,14278.21869,100118,100015,12,2,10,3,7
Chentang Zhuang,Shuanggang,14278.21869,100015,100118,10,2,8,6,2
Xuzhou Road,Xuefu Industrial Area,14275.08182,100167,100163,1,0,1,0,1
Haiguang Temple,Xuelian South Road,14274.8121,100048,100164,78,19,59,39,20
Xuelian South Road,Haiguang Temple,14274.8121,100164,100048,75,20,55,46,9
Tianjin Station,Chunhai Road,14274.44236,100135,100017,115,36,79,28,51
Chunhai Road,Tianjin Station,14274.44236,100017,100135,99,48,51,38,13
Dongjiang Road,Yueya River,14274.15851,100028,100182,1,0,1,1,0
Yingfeng Road,Siyuan Road,14274.07441,100173,100121,7,1,6,2,4
Siyuan Road,Yingfeng Road,14274.07441,100121,100173,5,0,5,1,4
Nanhe Zhuang,Shaliu South Road,14273.66819,100101,100116,9,2,7,2,5
Shaliu South Road,Nanhe Zhuang,14273.66819,100116,100101,9,3,6,3,3
Gulou,Nansun Zhuang,14272.62206,100045,100103,14,2,12,2,10
Nansun Zhuang,Gulou,14272.62206,100103,100045,8,3,5,3,2
Northwest Corner,Beichen Road,14272.33984,100109,100005,135,26,109,59,50
Beichen Road,Northwest Corner,14272.33984,100005,100109,127,22,105,62,43
Nanhe Zhuang,Southwest corner,14271.96455,100101,100124,53,21,32,18,14
Southwest corner,Nanhe Zhuang,14271.96455,100124,100101,46,17,29,13,16
Jintang Road,Jinghe Road,14269.51306,100077,100071,31,10,21,14,7
Jinghe Road,Jintang Road,14269.51306,100071,100077,28,4,24,15,9
West Station,Guoshan Road,14269.45648,100149,100047,104,26,78,29,49
Guoshan Road,West Station,14269.45648,100047,100149,56,13,43,24,19
Southeast Corner,Liqi Zhuang South,14268.20637,100123,100088,24,8,16,3,13
Liqi Zhuang South,Southeast Corner,14268.20637,100088,100123,20,5,15,8,7
Shuanglin,Jinshi Bridge,14267.94153,100119,100076,290,74,216,152,64
Jinshi Bridge,Shuanglin,14267.94153,100076,100119,247,62,185,115,70
Bei Zhulin,Jiefang South Road,14267.52311,100004,100068,57,11,46,32,14
Jiefang South Road,Bei Zhulin,14267.52311,100068,100004,43,15,28,18,10
Yangwu Zhuang,Southwest corner,14267.32471,100169,100124,144,31,113,94,19
Southwest corner,Yangwu Zhuang,14267.32471,100124,100169,128,31,97,65,32
Guoshan Road,Tian Tower,14266.98847,100047,100133,70,16,54,42,12
Tian Tower,Guoshan Road,14266.98847,100133,100047,64,17,47,23,24
Yutai,Cuifu New Village,14264.39736,100183,100019,12,2,10,9,1
Cuifu New Village,Yutai,14264.39736,100019,100183,1,0,1,0,1
Beining Park,Hangshuang Road,14263.39558,100006,100051,19,1,18,10,8
Hangshuang Road,Beining Park,14263.39558,100051,100006,19,1,18,14,4
Yuanyang International Centre,Yutai,14261.97743,100179,100183,35,5,30,16,14
Yutai,Yuanyang International Centre,14261.97743,100183,100179,32,10,22,13,9
Wangdingdi,Ruijing XinYuan,14261.64433,100145,100114,70,32,38,21,17
Ruijing XinYuan,Wangdingdi,14261.64433,100114,100145,63,26,37,16,21
Changling Road,Jingli Road,14260.61522,100013,100073,36,8,28,13,15
Jingli Road,Changling Road,14260.61522,100073,100013,36,6,30,14,16
Yutai,Liuwei Road,14260.06829,100183,100090,10,3,7,4,3
Liuwei Road,Yutai,14260.06829,100090,100183,8,1,7,3,4
Jin Street,Youyi South Road,14257.03477,100070,100178,56,8,48,35,13
Youyi South Road,Jin Street,14257.03477,100178,100070,51,6,45,28,17
Huashan Li,Xianyang Road,14256.58177,100060,100153,316,78,238,177,61
Xianyang Road,Huashan Li,14256.58177,100153,100060,310,83,227,163,64
Yudongcheng,Professional University,14256.06518,100180,100112,127,30,97,56,41
Professional University,Yudongcheng,14256.06518,100112,100180,106,29,77,54,23
Leyuan Road,Nanhe Zhuang,14255.07352,100083,100101,23,15,8,3,5
Nanhe Zhuang,Leyuan Road,14255.07352,100101,100083,12,8,4,1,3
Foreign Languages High School,Meijiang Exhibition Centre,14255.02509,100040,100095,79,29,50,35,15
Meijiang Exhibition Centre,Foreign Languages High School,14255.02509,100095,100040,71,20,51,35,16
Dengzhou South Road,Tianshili,14254.32129,100025,100136,14,2,12,8,4
Tianshili,Dengzhou South Road,14254.32129,100136,100025,12,1,11,10,1
Wujiayao,Lushui Road,14253.72223,100150,100093,69,12,57,33,24
Lushui Road,Wujiayao,14253.72223,100093,100150,67,11,56,43,13
Nancuiping,Shuanglin,14249.02044,100100,100119,33,7,26,16,10
Shuanglin,Nancuiping,14249.02044,100119,100100,20,6,14,12,2
Lilou,Jinwan Square,14247.43,100086,100078,300,50,250,196,54
Jinwan Square,Lilou,14247.43,100078,100086,278,65,213,133,80
Tucheng,Jinghe Road,14247.1636,100140,100071,6,3,3,1,2
Jinghe Road,Tucheng,14247.1636,100071,100140,2,0,2,1,1
Xuzhuangzi,Hongqi South Road,14246.34653,100168,100057,115,12,103,77,26
Hongqi South Road,Xuzhuangzi,14246.34653,100057,100168,99,11,88,59,29
Wangdingdi,Tianshili,14245.76317,100145,100136,38,8,30,23,7
Tianshili,Wangdingdi,14245.76317,100136,100145,29,4,25,22,3
Southwest corner,Airport Economic Zone,14242.23901,100124,100001,1433,309,1124,736,388
Airport Economic Zone,Southwest corner,14242.23901,100001,100124,1349,285,1064,689,375
Bei Zhulin,Xuefu Industrial Area,14242.16872,100004,100163,40,3,37,36,1
Xuefu Industrial Area,Bei Zhulin,14242.16872,100163,100004,26,0,26,25,1
Liulin Road,Number Two Bridge,14240.35366,100089,100110,2,0,2,2,0
Zuojiang Road,Dengzhou South Road,14237.2285,100192,100025,4,2,2,1,1
Dengzhou South Road,Zuojiang Road,14237.2285,100025,100192,3,3,0,0,0
Zhangxing Zhuang,Lingbin Road,14236.50201,100185,100087,69,14,55,34,21
Lingbin Road,Zhangxing Zhuang,14236.50201,100087,100185,62,18,44,30,14
Ruijing XinYuan,Tian Tower,14235.04438,100114,100133,408,127,281,160,121
Tian Tower,Ruijing XinYuan,14235.04438,100133,100114,404,120,284,154,130
Jiefang South Road,Xianyang Road,14233.62116,100068,100153,273,69,204,131,73
Xianyang Road,Jiefang South Road,14233.62116,100153,100068,270,72,198,131,67
Liqi Zhuang South,Wanshan Road,14232.74168,100088,100146,1,0,1,1,0
Southwest corner,Fengchan River,14231.36237,100124,100039,40,12,28,20,8
Fengchan River,Southwest corner,14231.36237,100039,100124,37,10,27,15,12
Jianguo Road,Magangchang,14230.09082,100064,100094,68,12,56,34,22
Magangchang,Jianguo Road,14230.09082,100094,100064,67,20,47,30,17
Shaliu South Road,Wangdingdi,14229.48425,100116,100145,18,1,17,12,5
Wangdingdi,Shaliu South Road,14229.48425,100145,100116,15,1,14,13,1
Yuanyang International Centre,Meilin Road,14229.2279,100179,100098,79,15,64,46,18
Meilin Road,Yuanyang International Centre,14229.2279,100098,100179,64,12,52,41,11
Lilou,Haiguang Temple,14228.47079,100086,100048,1372,198,1174,925,249
Haiguang Temple,Lilou,14228.47079,100048,100086,1198,181,1017,628,389
Jinshi Bridge,Xuefu Industrial Area,14227.66695,100076,100163,534,30,504,461,43
Xuefu Industrial Area,Jinshi Bridge,14227.66695,100163,100076,474,25,449,350,99
Dengzhou South Road,Sports Centre,14225.50257,100025,100126,81,13,68,50,18
Sports Centre,Dengzhou South Road,14225.50257,100126,100025,71,13,58,34,24
Minquan Gate,Chinese Medicine First Affiliated Hospital,14225.41721,100099,100016,70,20,50,35,15
Chinese Medicine First Affiliated Hospital,Minquan Gate,14225.41721,100016,100099,63,18,45,24,21
Liaohe North Road,Zhou and Deng Memorial Museum,14224.64079,100084,100191,28,7,21,13,8
Zhou and Deng Memorial Museum,Liaohe North Road,14224.64079,100191,100084,24,1,23,17,6
Ruijing XinYuan,Yixingbu North,14222.13427,100114,100176,29,8,21,7,14
Yixingbu North,Ruijing XinYuan,14222.13427,100176,100114,19,10,9,5,4
Yixingbu North,Chentang Zhuang,14222.1084,100176,100015,150,29,121,90,31
Chentang Zhuang,Yixingbu North,14222.1084,100015,100176,129,27,102,67,35
Yaohuan Road,Jinghe Road,14221.30505,100170,100071,7,1,6,3,3
Jinghe Road,Yaohuan Road,14221.30505,100071,100170,5,2,3,3,0
Jinmao Industrial Area,West Station,14218.64303,100074,100149,19,3,16,9,7
West Station,Jinmao Industrial Area,14218.64303,100149,100074,9,0,9,1,8
Sports Centre,Yixingbu,14217.35628,100126,100175,111,33,78,40,38
Yixingbu,Sports Centre,14217.35628,100175,100126,101,29,72,48,24
Yudongcheng,Yingfeng Road,14217.17265,100180,100173,163,25,138,100,38
Yingfeng Road,Yudongcheng,14217.17265,100173,100180,158,32,126,88,38
Zhaoyuan Road,Airport Economic Zone,14215.83155,100186,100001,22,4,18,13,5
Airport Economic Zone,Zhaoyuan Road,14215.83155,100001,100186,19,4,15,12,3
Liqi Zhuang South,Lilou,14215.12801,100088,100086,7,2,5,5,0
Lilou,Liqi Zhuang South,14215.12801,100086,100088,6,2,4,1,3
Guangkaisima Road,Liulin Road,14214.81187,100044,100089,82,17,65,46,19
Liulin Road,Guangkaisima Road,14214.81187,100089,100044,81,14,67,39,28
Huayuan,Jiayuan Li,14214.42762,100061,100067,254,24,230,177,53
Jiayuan Li,Huayuan,14214.42762,100067,100061,222,23,199,184,15
Xuzhuangzi,Water Park Road East,14214.27199,100168,100147,52,28,24,9,15
Water Park Road East,Xuzhuangzi,14214.27199,100147,100168,29,15,14,5,9
Xuzhou Road,Liuyuan,14214.06253,100167,100091,17,6,11,6,5
Liuyuan,Xuzhou Road,14214.06253,100091,100167,7,0,7,5,2
Qinjian Road,Zuojiang Road,14213.93723,100113,100192,48,14,34,19,15
Zuojiang Road,Qinjian Road,14213.93723,100192,100113,46,13,33,15,18
Dongting Road,JinZhong River Street,14211.70969,100034,100079,9,0,9,5,4
JinZhong River Street,Dongting Road,14211.70969,100079,100034,6,0,6,3,3
Professional University,Xuzhou Road,14210.50047,100112,100167,220,28,192,162,30
Xuzhou Road,Professional University,14210.50047,100167,100112,183,23,160,105,55
Weishan Road,Donggu Road,14210.17294,100148,100026,9,5,4,0,4
Donggu Road,Weishan Road,14210.17294,100026,100148,4,0,4,1,3
North China Group,Laoshan Road,14209.42736,100107,100082,100,54,46,28,18
Laoshan Road,North China Group,14209.42736,100082,100107,77,20,57,18,39
Shunchi Bridge,High-Tech Zone,14208.22058,100120,100054,325,31,294,266,28
High-Tech Zone,Shunchi Bridge,14208.22058,100054,100120,273,31,242,197,45
Yangwu Zhuang,Haiguang Temple,14208.013,100169,100048,350,45,305,236,69
Haiguang Temple,Yangwu Zhuang,14208.013,100048,100169,305,34,271,179,92
Cuifu New Village,Meilin Road,14206.33804,100019,100098,19,5,14,7,7
Meilin Road,Cuifu New Village,14206.33804,100098,100019,17,5,12,7,5
Zuojiang Road,Zhicheng Road,14204.73185,100192,100187,30,7,23,12,11
Zhicheng Road,Zuojiang Road,14204.73185,100187,100192,28,8,20,12,8
Honghu Li,Laoshan Road,14204.53635,100055,100082,62,29,33,20,13
Laoshan Road,Honghu Li,14204.53635,100082,100055,42,17,25,14,11
JinZhong River Street,Lushui Road,14204.27315,100079,100093,66,21,45,20,25
Lushui Road,JinZhong River Street,14204.27315,100093,100079,52,16,36,18,18
Xingfu Park,Yutai,14204.25654,100159,100183,69,14,55,28,27
Yutai,Xingfu Park,14204.25654,100183,100159,59,8,51,34,17
Xuefu Industrial Area,Gulou,14203.79626,100163,100045,98,25,73,57,16
Gulou,Xuefu Industrial Area,14203.79626,100045,100163,80,27,53,30,23
Liuwei Road,Meilin Road,14202.64676,100090,100098,7,3,4,3,1
Meilin Road,Liuwei Road,14202.64676,100098,100090,4,2,2,0,2
Youyi South Road,West Station,14201.23817,100178,100149,9,4,5,0,5
West Station,Youyi South Road,14201.23817,100149,100178,4,1,3,2,1
Yudongcheng,Qinjian Road,14198.68048,100180,100113,457,73,384,306,78
Qinjian Road,Yudongcheng,14198.68048,100113,100180,328,55,273,172,101
Shaliu South Road,Honghu Li,14196.66238,100116,100055,46,11,35,23,12
Honghu Li,Shaliu South Road,14196.66238,100055,100116,39,17,22,15,7
West Station,Nansun Zhuang,14195.37792,100149,100103,57,14,43,9,34
Nansun Zhuang,West Station,14195.37792,100103,100149,41,14,27,15,12
Haiguang Temple,Hangshuang Road,14193.65008,100048,100051,46,11,35,32,3
Hangshuang Road,Haiguang Temple,14193.65008,100051,100048,37,5,32,23,9
Dengzhou South Road,Tiedong Road,14193.50784,100025,100139,20,1,19,14,5
Tiedong Road,Dengzhou South Road,14193.50784,100139,100025,16,4,12,11,1
University town,Jingjiang Road,14192.94628,100143,100072,351,88,263,163,100
Jingjiang Road,University town,14192.94628,100072,100143,338,98,240,125,115
Siyuan Road,Ruijing XinYuan,14192.66507,100121,100114,8,4,4,2,2
JinZhong Street,Tiantuo,14192.18878,100080,100138,164,33,131,105,26
Tiantuo,JinZhong Street,14192.18878,100138,100080,147,29,118,77,41
Liaohe North Road,Zhongshan Gate,14190.92876,100084,100189,70,19,51,38,13
Zhongshan Gate,Liaohe North Road,14190.92876,100189,100084,54,11,43,23,20
Dongli Yijing Road,Hongni River East,14188.06477,100033,100056,1,0,1,1,0
Gulou,Shuanglin,14187.79084,100045,100119,471,224,247,88,159
Shuanglin,Gulou,14187.79084,100119,100045,415,154,261,141,120
Jiefang South Road,Minquan Gate,14187.23938,100068,100099,142,29,113,64,49
Minquan Gate,Jiefang South Road,14187.23938,100099,100068,130,32,98,55,43
Gulou,Weishan Road,14187.23048,100045,100148,15,9,6,4,2
Weishan Road,Gulou,14187.23048,100148,100045,11,7,4,0,4
Tucheng,Dabi Zhuang,14186.00175,100140,100021,110,28,82,44,38
Dabi Zhuang,Tucheng,14186.00175,100021,100140,108,28,80,64,16
Zhanggui Zhuang,Northwest Corner,14183.7365,100184,100109,385,86,299,225,74
Northwest Corner,Zhanggui Zhuang,14183.7365,100109,100184,349,77,272,164,108
Xianyang Road,North China Group,14183.73214,100153,100107,217,58,159,97,62
North China Group,Xianyang Road,14183.73214,100107,100153,207,51,156,87,69
Yutai,Wandong Road,14180.88152,100183,100144,10,5,5,3,2
Wandong Road,Yutai,14180.88152,100144,100183,7,3,4,3,1
Zhou and Deng Memorial Museum,Jinmao Industrial Area,14179.86519,100191,100074,4,2,2,1,1
Jinmao Industrial Area,Zhou and Deng Memorial Museum,14179.86519,100074,100191,2,0,2,1,1
Hehui South Road,Meijiang Exhibition Centre,14178.62266,100052,100095,155,54,101,67,34
Meijiang Exhibition Centre,Hehui South Road,14178.62266,100095,100052,124,40,84,40,44
Jin Street,Xiaodian,14176.49494,100070,100155,32,5,27,12,15
Xiaodian,Jin Street,14176.49494,100155,100070,31,3,28,20,8
Liqi Zhuang South,Zhaoyuan Road,14173.7006,100088,100186,8,2,6,6,0
Zhaoyuan Road,Liqi Zhuang South,14173.7006,100186,100088,6,1,5,5,0
North Beichen Tech Park,Minquan Gate,14173.25156,100106,100099,40,13,27,18,9
Minquan Gate,North Beichen Tech Park,14173.25156,100099,100106,39,10,29,14,15
Tiedong Road,Meijiang Park,14171.645,100139,100096,15,4,11,4,7
Meijiang Park,Tiedong Road,14171.645,100096,100139,6,1,5,1,4
Siyuan Road,Huashan Li,14168.34735,100121,100060,31,8,23,11,12
Huashan Li,Siyuan Road,14168.34735,100060,100121,28,11,17,12,5
Yueya River,Lijiang Road,14167.42745,100182,100085,41,9,32,24,8
Lijiang Road,Yueya River,14167.42745,100085,100182,34,4,30,19,11
Jiangwan Erzhi Road,Shuanggang,14166.85136,100065,100118,1,0,1,1,0
Southeast Corner,Xuefu Industrial Area,14166.0213,100123,100163,136,28,108,90,18
Xuefu Industrial Area,Southeast Corner,14166.0213,100163,100123,121,25,96,72,24
Yingfeng Road,Ruijing XinYuan,14165.88162,100173,100114,175,44,131,83,48
Ruijing XinYuan,Yingfeng Road,14165.88162,100114,100173,112,32,80,42,38
Meilin Road,Xingfu Park,14165.76065,100098,100159,85,13,72,52,20
Xingfu Park,Meilin Road,14165.76065,100159,100098,77,16,61,35,26
Zhongshan Road,Meijiang Exhibition Centre,14165.35252,100190,100095,98,37,61,38,23
Meijiang Exhibition Centre,Zhongshan Road,14165.35252,100095,100190,82,28,54,30,24
North Station,Airport Economic Zone,14163.74436,100108,100001,275,53,222,156,66
Airport Economic Zone,North Station,14163.74436,100001,100108,268,45,223,148,75
Fuxing Road,Xiangshan Road,14163.09198,100042,100151,33,10,23,16,7
Xiangshan Road,Fuxing Road,14163.09198,100151,100042,30,12,18,13,5
Yutai,Yihao Bridge,14162.78448,100183,100172,2,2,0,0,0
Xiaodian,Shiyijing Road,14162.6178,100155,100117,57,11,46,42,4
Shiyijing Road,Xiaodian,14162.6178,100117,100155,53,11,42,25,17
Wanshan Road,Fuxing Road,14161.55598,100146,100042,7,2,5,0,5
Fuxing Road,Wanshan Road,14161.55598,100042,100146,2,2,0,0,0
Xiangshan Road,Zhou and Deng Memorial Museum,14159.63366,100151,100191,41,14,27,19,8
Zhou and Deng Memorial Museum,Xiangshan Road,14159.63366,100191,100151,29,6,23,15,8
Weishan Road,Anshan West Road,14154.91102,100148,100003,27,6,21,13,8
Anshan West Road,Weishan Road,14154.91102,100003,100148,23,4,19,14,5
Yangwu Zhuang,Yaohuan Road,14154.77747,100169,100170,11,1,10,9,1
Yaohuan Road,Yangwu Zhuang,14154.77747,100170,100169,6,0,6,2,4
The Financial University,Yizhongxin Hospital,14154.76449,100132,100177,109,26,83,56,27
Yizhongxin Hospital,The Financial University,14154.76449,100177,100132,106,25,81,52,29
Laoshan Road,Lingbin Road,14154.12609,100082,100087,17,4,13,10,3
Lingbin Road,Laoshan Road,14154.12609,100087,100082,16,2,14,7,7
North China Group,Haiguang Temple,14153.07349,100107,100048,566,162,404,295,109
Haiguang Temple,North China Group,14153.07349,100048,100107,561,134,427,246,181
Dengzhou South Road,Yixingbu North,14152.9689,100025,100176,31,5,26,18,8
Yixingbu North,Dengzhou South Road,14152.9689,100176,100025,25,7,18,11,7
Meilin Road,Southwest corner,14151.07643,100098,100124,77,10,67,49,18
Southwest corner,Meilin Road,14151.07643,100124,100098,68,9,59,32,27
North Station,High-Tech Zone,14147.86291,100108,100054,344,104,240,183,57
High-Tech Zone,North Station,14147.86291,100054,100108,324,57,267,186,81
Yuejin North Road,North Station,14146.29036,100181,100108,14,2,12,7,5
North Station,Yuejin North Road,14146.29036,100108,100181,6,2,4,3,1
Jiefang South Road,North Station,14143.7658,100068,100108,190,52,138,72,66
North Station,Jiefang South Road,14143.7658,100108,100068,171,60,111,56,55
Hongni River East,Changling Road,14142.9743,100056,100013,32,4,28,23,5
Changling Road,Hongni River East,14142.9743,100013,100056,28,8,20,12,8
Changhong Park,The Financial University,14142.55635,100012,100132,170,44,126,79,47
The Financial University,Changhong Park,14142.55635,100132,100012,168,42,126,77,49
Fuxing Road,Fangshan Road,14141.85115,100042,100038,5,0,5,5,0
Fangshan Road,Fuxing Road,14141.85115,100038,100042,3,0,3,2,1
Water Park Road East,Dengzhou South Road,14141.33805,100147,100025,39,17,22,12,10
Dengzhou South Road,Water Park Road East,14141.33805,100025,100147,37,17,20,17,3
Southeast Corner,Beichen Road,14140.19491,100123,100005,245,79,166,86,80
Beichen Road,Southeast Corner,14140.19491,100005,100123,241,76,165,122,43
Nanzhu Bridge,Shunchi Bridge,14139.65049,100104,100120,38,12,26,18,8
Shunchi Bridge,Nanzhu Bridge,14139.65049,100120,100104,37,11,26,12,14
Jiefang South Road,Jinshi Bridge,14139.45131,100068,100076,223,50,173,108,65
Jinshi Bridge,Jiefang South Road,14139.45131,100076,100068,192,45,147,84,63
Liaohe North Road,Jianshan Road,14139.03659,100084,100066,17,2,15,7,8
Jianshan Road,Liaohe North Road,14139.03659,100066,100084,14,2,12,6,6
Lijiang Road,Hangshuang Road,14137.21528,100085,100051,12,0,12,12,0
Hangshuang Road,Lijiang Road,14137.21528,100051,100085,12,0,12,10,2
Xueyuan North Road,Southeast Corner,14136.85805,100165,100123,13,7,6,6,0
Southeast Corner,Xueyuan North Road,14136.85805,100123,100165,12,3,9,7,2
Yudongcheng,Nancuiping,14136.32674,100180,100100,86,24,62,43,19
Nancuiping,Yudongcheng,14136.32674,100100,100180,71,29,42,24,18
Jiefang South Road,Gulou,14136.2126,100068,100045,356,112,244,125,119
Gulou,Jiefang South Road,14136.2126,100045,100068,345,120,225,114,111
Chenglin Road,Dongli Sanjing Road,14133.94971,100014,100032,39,1,38,35,3
Dongli Sanjing Road,Chenglin Road,14133.94971,100032,100014,34,0,34,32,2
West Station,Jiefang South Road,14133.77797,100149,100068,1537,475,1062,344,718
Jiefang South Road,West Station,14133.77797,100068,100149,1452,437,1015,614,401
North Beichen Tech Park,Yueya River,14131.97937,100106,100182,147,30,117,87,30
Yueya River,North Beichen Tech Park,14131.97937,100182,100106,138,21,117,85,32
Yuejin North Road,Tian Tower,14131.39187,100181,100133,58,11,47,28,19
Tian Tower,Yuejin North Road,14131.39187,100133,100181,50,10,40,25,15
Second hospital of the Medical University,Cao Zhuang,14130.89117,100115,100011,230,44,186,121,65
Cao Zhuang,Second hospital of the Medical University,14130.89117,100011,100115,213,48,165,112,53
Yihao Bridge,Meilin Road,14130.03494,100172,100098,5,1,4,4,0
Meilin Road,Yihao Bridge,14130.03494,100098,100172,5,2,3,2,1
Longhan Road,North Station,14127.63805,100092,100108,6,3,3,1,2
North Station,Longhan Road,14127.63805,100108,100092,4,1,3,2,1
Bianxing,Yaohuan Road,14126.98477,100009,100170,13,3,10,8,2
Yaohuan Road,Bianxing,14126.98477,100170,100009,10,0,10,8,2
Tiantuo,Shuanggang,14125.10097,100138,100118,120,19,101,67,34
Shuanggang,Tiantuo,14125.10097,100118,100138,95,16,79,57,22
Tumour Hospital,Lilou,14124.87395,100141,100086,212,26,186,81,105
Lilou,Tumour Hospital,14124.87395,100086,100141,201,22,179,115,64
Xinli,Xikang Road,14123.99518,100161,100158,276,53,223,177,46
Xikang Road,Xinli,14123.99518,100158,100161,269,64,205,136,69
Meilin Road,Wandong Road,14123.45999,100098,100144,14,7,7,2,5
Wandong Road,Meilin Road,14123.45999,100144,100098,13,5,8,2,6
Wanshan Road,People's Hospital,14122.83778,100146,100111,5,1,4,3,1
People's Hospital,Wanshan Road,14122.83778,100111,100146,2,1,1,1,0
Minquan Gate,Yaohuan Road,14120.9667,100099,100170,29,8,21,9,12
Yaohuan Road,Minquan Gate,14120.9667,100170,100099,29,8,21,9,12
Yueya River,Chinese Medicine First Affiliated Hospital,14120.34053,100182,100016,384,93,291,166,125
Chinese Medicine First Affiliated Hospital,Yueya River,14120.34053,100016,100182,372,87,285,129,156
Liaohe North Road,Guoshan Road,14120.00247,100084,100047,22,1,21,10,11
Guoshan Road,Liaohe North Road,14120.00247,100047,100084,15,0,15,13,2
Dongting Road,People's Hospital,14117.968,100034,100111,52,9,43,24,19
People's Hospital,Dongting Road,14117.968,100111,100034,42,11,31,12,19
Fuxing Gate,Zhangxing Zhuang,14117.94291,100041,100185,49,7,42,19,23
Zhangxing Zhuang,Fuxing Gate,14117.94291,100185,100041,42,12,30,26,4
Fengchan River,Jintang Road,14116.53928,100039,100077,27,3,24,22,2
Jintang Road,Fengchan River,14116.53928,100077,100039,19,4,15,13,2
The Financial University,Airport Economic Zone,14116.11404,100132,100001,504,101,403,295,108
Airport Economic Zone,The Financial University,14116.11404,100001,100132,423,95,328,215,113
Laoshan Road,Zuojiang Road,14115.83679,100082,100192,1,1,0,0,0
Zuojiang Road,Laoshan Road,14115.83679,100192,100082,1,0,1,0,1
JinZhong River Street,Meilin Road,14112.99113,100079,100098,58,12,46,17,29
Meilin Road,JinZhong River Street,14112.99113,100098,100079,34,6,28,13,15
Zhanggui Zhuang,Meijiang Park,14112.78137,100184,100096,20,4,16,10,6
Meijiang Park,Zhanggui Zhuang,14112.78137,100096,100184,13,4,9,8,1
Second hospital of the Medical University,Guoshan Road,14112.0075,100115,100047,20,3,17,15,2
Guoshan Road,Second hospital of the Medical University,14112.0075,100047,100115,8,2,6,4,2
Yudongcheng,Wangdingdi,14111.33284,100180,100145,133,32,101,76,25
Wangdingdi,Yudongcheng,14111.33284,100145,100180,127,31,96,69,27
Dengzhou Road,Dongli Yijing Road,14111.28213,100024,100033,6,0,6,5,1
Dongli Yijing Road,Dengzhou Road,14111.28213,100033,100024,3,1,2,1,1
Yizhongxin Hospital,Number Two Bridge,14110.80272,100177,100110,121,14,107,73,34
Number Two Bridge,Yizhongxin Hospital,14110.80272,100110,100177,121,10,111,92,19
Xingfu Park,Xinli,14109.55896,100159,100161,116,29,87,51,36
Xinli,Xingfu Park,14109.55896,100161,100159,98,27,71,38,33
People's Hospital,Xiangshan Road,14108.34545,100111,100151,43,10,33,11,22
Xiangshan Road,People's Hospital,14108.34545,100151,100111,32,4,28,12,16
Xinli,Second hospital of the Medical University,14107.03968,100161,100115,27,7,20,15,5
Second hospital of the Medical University,Xinli,14107.03968,100115,100161,24,4,20,13,7
North Station,Meilin Road,14106.55417,100108,100098,71,13,58,31,27
Meilin Road,North Station,14106.55417,100098,100108,60,12,48,28,20
JinZhong River Street,The Financial University,14105.15725,100079,100132,165,51,114,76,38
The Financial University,JinZhong River Street,14105.15725,100132,100079,124,25,99,58,41
People's Hospital,Fangshan Road,14103.13295,100111,100038,14,2,12,4,8
Fangshan Road,People's Hospital,14103.13295,100038,100111,11,1,10,7,3
Changling Road,Zhanggui Zhuang,14099.84018,100013,100184,80,15,65,35,30
Zhanggui Zhuang,Changling Road,14099.84018,100184,100013,70,16,54,27,27
Nanzhu Bridge,Heping Road,14097.42658,100104,100053,95,16,79,59,20
Heping Road,Nanzhu Bridge,14097.42658,100053,100104,77,15,62,38,24
Nanzhu Bridge,Xikang Road,14090.58607,100104,100158,25,7,18,9,9
Xikang Road,Nanzhu Bridge,14090.58607,100158,100104,15,5,10,9,1
Magangchang,Xinxing Village,14089.05511,100094,100162,3,2,1,1,0
Xinxing Village,Magangchang,14089.05511,100162,100094,2,1,1,1,0
Jieyuan West Road,Zhongshan Gate,14085.48379,100069,100189,271,74,197,144,53
Zhongshan Gate,Jieyuan West Road,14085.48379,100189,100069,256,64,192,120,72
Yudongcheng,Chinese Medicine First Affiliated Hospital,14084.6737,100180,100016,299,69,230,144,86
Chinese Medicine First Affiliated Hospital,Yudongcheng,14084.6737,100016,100180,262,60,202,78,124
Tumour Hospital,Zhaoyuan Road,14083.44654,100141,100186,11,3,8,6,2
Zhaoyuan Road,Tumour Hospital,14083.44654,100186,100141,9,1,8,2,6
Xuefu Industrial Area,Jieyuan West Road,14082.55463,100163,100069,62,6,56,48,8
Jieyuan West Road,Xuefu Industrial Area,14082.55463,100069,100163,56,8,48,45,3
Professional University,Nanhe Zhuang,14081.45425,100112,100101,45,23,22,11,11
Nanhe Zhuang,Professional University,14081.45425,100101,100112,43,21,22,10,12
Gulou,Nanhe Zhuang,14079.36541,100045,100101,126,68,58,33,25
Nanhe Zhuang,Gulou,14079.36541,100101,100045,109,55,54,25,29
Changling Road,Xunhai Road,14078.64337,100013,100166,18,7,11,9,2
Xunhai Road,Changling Road,14078.64337,100166,100013,10,3,7,5,2
Zhongshan Road,Chinese Medicine First Affiliated Hospital,14077.76678,100190,100016,125,36,89,51,38
Chinese Medicine First Affiliated Hospital,Zhongshan Road,14077.76678,100016,100190,112,29,83,39,44
Qinjian Road,Zhongshan Gate,14077.53497,100113,100189,188,29,159,99,60
Zhongshan Gate,Qinjian Road,14077.53497,100189,100113,178,32,146,122,24
Nancuiping,Yixingbu,14077.04332,100100,100175,34,20,14,12,2
Yixingbu,Nancuiping,14077.04332,100175,100100,10,6,4,1,3
National Exhibition Centre,Nanzhu Bridge,14074.57904,100105,100104,16,0,16,15,1
Nanzhu Bridge,National Exhibition Centre,14074.57904,100104,100105,3,1,2,2,0
Taichang Road,Fengchan River,14074.09888,100128,100039,49,20,29,15,14
Fengchan River,Taichang Road,14074.09888,100039,100128,37,17,20,19,1
Longhan Road,Tian Tower,14073.6186,100092,100133,4,3,1,1,0
Tian Tower,Longhan Road,14073.6186,100133,100092,2,1,1,1,0
Jiefang South Road,Guangkaisima Road,14073.5785,100068,100044,173,41,132,90,42
Guangkaisima Road,Jiefang South Road,14073.5785,100044,100068,171,54,117,75,42
University of Civil Aviation,Southeast Corner,14072.9163,100142,100123,907,526,381,171,210
Southeast Corner,University of Civil Aviation,14072.9163,100123,100142,871,487,384,177,207
Dongli Culture and Sports Centre,Chinese Medicine First Affiliated Hospital,14072.03505,100029,100016,10,2,8,3,5
Chinese Medicine First Affiliated Hospital,Dongli Culture and Sports Centre,14072.03505,100016,100029,6,3,3,2,1
West Station,Number Two Bridge,14067.95346,100149,100110,174,59,115,38,77
Number Two Bridge,West Station,14067.95346,100110,100149,136,43,93,51,42
Northwest Corner,Xiaodian,14065.32815,100109,100155,142,43,99,52,47
Xiaodian,Northwest Corner,14065.32815,100155,100109,132,30,102,67,35
Tiantai Road,Meijiang Exhibition Centre,14065.30143,100137,100095,386,153,233,159,74
Meijiang Exhibition Centre,Tiantai Road,14065.30143,100095,100137,338,125,213,128,85
Chentang Zhuang,Guorui Road,14065.20783,100015,100046,33,0,33,25,8
Guorui Road,Chentang Zhuang,14065.20783,100046,100015,28,3,25,16,9
Xinli,Cuifu New Village,14063.43576,100161,100019,22,4,18,11,7
Cuifu New Village,Xinli,14063.43576,100019,100161,15,5,10,7,3
Guoshan Road,Tiantai Road,14063.21162,100047,100137,36,5,31,22,9
Tiantai Road,Guoshan Road,14063.21162,100137,100047,33,5,28,23,5
Bei Zhulin,Xiangshan Road,14059.51571,100004,100151,5,1,4,3,1
Xiangshan Road,Bei Zhulin,14059.51571,100151,100004,1,0,1,1,0
Wanshan Road,Bei Zhulin,14057.9797,100146,100004,1,0,1,0,1
Southwest corner,Huanyu Road,14057.43985,100124,100059,11,5,6,1,5
Huanyu Road,Southwest corner,14057.43985,100059,100124,7,4,3,3,0
Dabi Zhuang,Cultural centre,14057.42723,100021,100020,160,50,110,65,45
Cultural centre,Dabi Zhuang,14057.42723,100020,100021,122,40,82,46,36
Jianguo Road,Yutai,14053.68496,100064,100183,29,6,23,14,9
Yutai,Jianguo Road,14053.68496,100183,100064,22,5,17,6,11
Jiayuan Li,Liaohe North Road,14052.47087,100067,100084,10,3,7,6,1
Liaohe North Road,Jiayuan Li,14052.47087,100084,100067,7,4,3,2,1
Yutai,Xuzhou Road,14050.5847,100183,100167,15,0,15,15,0
Xuzhou Road,Yutai,14050.5847,100167,100183,10,0,10,9,1
Liulin Road,Northwest Corner,14050.24485,100089,100109,442,151,291,184,107
Northwest Corner,Liulin Road,14050.24485,100109,100089,385,110,275,172,103
Yihao Bridge,People's Hospital,14049.68919,100172,100111,68,10,58,35,23
People's Hospital,Yihao Bridge,14049.68919,100111,100172,53,10,43,25,18
Zhanggui Zhuang,Guangkaisima Road,14049.55005,100184,100044,213,42,171,129,42
Guangkaisima Road,Zhanggui Zhuang,14049.55005,100044,100184,208,41,167,128,39
Huaihe Road,Wujiayao,14049.25702,100058,100150,249,28,221,174,47
Wujiayao,Huaihe Road,14049.25702,100150,100058,235,21,214,146,68
Huaihe Road,Benxi Road,14048.83517,100058,100008,17,2,15,10,5
Benxi Road,Huaihe Road,14048.83517,100008,100058,9,0,9,7,2
Xunhai Road,Jintang Road,14048.40391,100166,100077,2,0,2,2,0
Nancuiping,Zhicheng Road,14043.13614,100100,100187,44,15,29,24,5
Zhicheng Road,Nancuiping,14043.13614,100187,100100,33,14,19,13,6
Zhigu,Professional University,14042.66856,100188,100112,178,31,147,102,45
Professional University,Zhigu,14042.66856,100112,100188,177,41,136,99,37
Tianjin Station,Lushui Road,14040.87588,100135,100093,227,67,160,54,106
Lushui Road,Tianjin Station,14040.87588,100093,100135,173,59,114,48,66
Guangkaisima Road,Dabi Zhuang,14038.49131,100044,100021,66,8,58,36,22
Dabi Zhuang,Guangkaisima Road,14038.49131,100021,100044,62,18,44,33,11
Fangshan Road,Bei Zhulin,14038.27488,100038,100004,2,2,0,0,0
Huaihe Road,Dengzhou Road,14037.25689,100058,100024,100,27,73,53,20
Dengzhou Road,Huaihe Road,14037.25689,100024,100058,93,22,71,48,23
North Station,Dongting Road,14037.03964,100108,100034,24,4,20,11,9
Dongting Road,North Station,14037.03964,100034,100108,21,7,14,13,1
West Station,The Financial University,14037.02345,100149,100132,1554,679,875,210,665
The Financial University,West Station,14037.02345,100132,100149,1390,478,912,410,502
Lijiang Road,Zhongshan Road,14036.29586,100085,100190,13,1,12,6,6
Zhongshan Road,Lijiang Road,14036.29586,100190,100085,11,1,10,8,2
Professional University,Changhong Park,14035.39849,100112,100012,104,23,81,52,29
Changhong Park,Professional University,14035.39849,100012,100112,100,28,72,49,23
Dabi Zhuang,Yibin Road,14035.26628,100021,100171,101,26,75,51,24
Yibin Road,Dabi Zhuang,14035.26628,100171,100021,89,23,66,52,14
Shunchi Bridge,Yutai,14034.1922,100120,100183,17,3,14,11,3
Yutai,Shunchi Bridge,14034.1922,100183,100120,10,1,9,7,2
Dongli Liujing Road,Laoshan Road,14033.12968,100031,100082,36,4,32,24,8
Laoshan Road,Dongli Liujing Road,14033.12968,100082,100031,33,5,28,24,4
Southeast Corner,Xinli,14030.95162,100123,100161,349,117,232,119,113
Xinli,Southeast Corner,14030.95162,100161,100123,322,104,218,164,54
Beining Park,Huanyu Road,14030.72994,100006,100059,1,0,1,1,0
Jiangwan Erzhi Road,Yuanyang International Centre,14027.58325,100065,100179,49,8,41,30,11
Yuanyang International Centre,Jiangwan Erzhi Road,14027.58325,100179,100065,43,8,35,15,20
Jiangwan Erzhi Road,Liuwei Road,14025.6741,100065,100090,25,2,23,16,7
Liuwei Road,Jiangwan Erzhi Road,14025.6741,100090,100065,24,6,18,8,10
Wandong Road,Bianxing,14023.98522,100144,100009,48,11,37,31,6
Bianxing,Wandong Road,14023.98522,100009,100144,30,7,23,15,8
Haihe East Road,Gulou,14023.38022,100049,100045,1,0,1,1,0
Gulou,Haihe East Road,14023.38022,100045,100049,1,0,1,1,0
Jianguo Road,Meilin Road,14020.93543,100064,100098,65,13,52,32,20
Meilin Road,Jianguo Road,14020.93543,100098,100064,53,10,43,30,13
Lushui Road,Minquan Gate,14018.99917,100093,100099,42,14,28,18,10
Minquan Gate,Lushui Road,14018.99917,100099,100093,38,11,27,6,21
Xueyuan North Road,Anshan Road,14018.87168,100165,100002,1,0,1,0,1
Nancuiping,Shaliu South Road,14018.33765,100100,100116,46,14,32,26,6
Shaliu South Road,Nancuiping,14018.33765,100116,100100,41,9,32,29,3
Dongli Liujing Road,Lilou,14015.10301,100031,100086,6,0,6,5,1
Lilou,Dongli Liujing Road,14015.10301,100086,100031,1,0,1,0,1
Zuojiang Road,Bianxing,14014.61816,100192,100009,45,10,35,20,15
Bianxing,Zuojiang Road,14014.61816,100009,100192,40,10,30,22,8
Yangwu Zhuang,Xiaobailou,14013.91334,100169,100154,494,94,400,319,81
Xiaobailou,Yangwu Zhuang,14013.91334,100154,100169,425,65,360,199,161
Danhebei Road,Tianjin Station,14013.32858,100022,100135,33,9,24,10,14
Tianjin Station,Danhebei Road,14013.32858,100135,100022,32,12,20,6,14
JinZhong River Street,Cao Zhuang,14012.90424,100079,100011,280,96,184,103,81
Cao Zhuang,JinZhong River Street,14012.90424,100011,100079,247,70,177,95,82
Liqi Zhuang South,Southwest corner,14012.66642,100088,100124,29,8,21,13,8
Southwest corner,Liqi Zhuang South,14012.66642,100124,100088,28,11,17,10,7
Yangwu Zhuang,Second hospital of the Medical University,14012.14892,100169,100115,86,13,73,56,17
Second hospital of the Medical University,Yangwu Zhuang,14012.14892,100115,100169,68,14,54,44,10
Ruijing XinYuan,Jianchang Road,14011.07542,100114,100063,37,5,32,13,19
Jianchang Road,Ruijing XinYuan,14011.07542,100063,100114,29,5,24,11,13
Hongni River East,Wandong Road,14010.06505,100056,100144,20,4,16,15,1
Wandong Road,Hongni River East,14010.06505,100144,100056,13,1,12,11,1
Yueya River,Meijiang Exhibition Centre,14009.50264,100182,100095,292,117,175,123,52
Meijiang Exhibition Centre,Yueya River,14009.50264,100095,100182,269,113,156,98,58
Dongli Culture and Sports Centre,Xingfu Park,14006.77348,100029,100159,16,4,12,7,5
Xingfu Park,Dongli Culture and Sports Centre,14006.77348,100159,100029,7,5,2,0,2
West Station,Dengzhou South Road,14006.20625,100149,100025,183,64,119,30,89
Dengzhou South Road,West Station,14006.20625,100025,100149,118,35,83,46,37
Dengzhou Road,Yibin Road,14005.60514,100024,100171,128,22,106,85,21
Yibin Road,Dengzhou Road,14005.60514,100171,100024,114,20,94,69,25
Taichang Road,Lushui Road,14004.53271,100128,100093,82,25,57,26,31
Lushui Road,Taichang Road,14004.53271,100093,100128,61,18,43,26,17
Honghu Li,Meijiang Park,14001.28269,100055,100096,71,22,49,39,10
Meijiang Park,Honghu Li,14001.28269,100096,100055,46,14,32,21,11
Southeast Corner,Magangchang,13998.89283,100123,100094,77,25,52,24,28
Magangchang,Southeast Corner,13998.89283,100094,100123,63,24,39,25,14
Donggu Road,Huashan Li,13997.74029,100026,100060,464,107,357,230,127
Huashan Li,Donggu Road,13997.74029,100060,100026,441,111,330,197,133
Huashan Li,People's Hospital,13997.58735,100060,100111,122,22,100,49,51
People's Hospital,Huashan Li,13997.58735,100111,100060,106,22,84,34,50
Dengzhou Road,Zhou and Deng Memorial Museum,13996.63983,100024,100191,86,29,57,32,25
Zhou and Deng Memorial Museum,Dengzhou Road,13996.63983,100191,100024,78,16,62,40,22
Yuejin North Road,Northwest Corner,13995.35329,100181,100109,161,28,133,103,30
Northwest Corner,Yuejin North Road,13995.35329,100109,100181,140,30,110,64,46
Guoshan Road,Fuxing Gate,13993.82708,100047,100041,10,1,9,7,2
Fuxing Gate,Guoshan Road,13993.82708,100041,100047,8,2,6,5,1
Hongqi South Road,Number Two Bridge,13993.47339,100057,100110,77,26,51,19,32
Number Two Bridge,Hongqi South Road,13993.47339,100110,100057,71,18,53,27,26
Siyuan Road,Hangshuang Road,13993.18374,100121,100051,4,3,1,1,0
Hangshuang Road,Siyuan Road,13993.18374,100051,100121,4,0,4,3,1
Guoshan Road,Yihao Bridge,13992.10048,100047,100172,5,4,1,0,1
Yihao Bridge,Guoshan Road,13992.10048,100172,100047,4,4,0,0,0
Binhai International Airport,Liuwei Road,13990.10784,100010,100090,40,9,31,12,19
Liuwei Road,Binhai International Airport,13990.10784,100090,100010,38,18,20,6,14
The Financial University,Zhongshan Road,13990.10109,100132,100190,237,50,187,112,75
Zhongshan Road,The Financial University,13990.10109,100190,100132,232,60,172,93,79
Tianjin Hotel,JinZhong Street,13989.2958,100134,100080,134,25,109,74,35
JinZhong Street,Tianjin Hotel,13989.2958,100080,100134,98,19,79,56,23
Xuzhou Road,Meilin Road,13988.83869,100167,100098,2,1,1,0,1
Meilin Road,Xuzhou Road,13988.83869,100098,100167,1,1,0,0,0
Danhebei Road,Jingjiang Road,13987.28466,100022,100072,49,7,42,19,23
Jingjiang Road,Danhebei Road,13987.28466,100072,100022,33,5,28,19,9
Jinwan Square,Zhaoyuan Road,13987.07815,100078,100186,2,0,2,0,2
Zhangxing Zhuang,Cao Zhuang,13986.9945,100185,100011,106,38,68,45,23
Cao Zhuang,Zhangxing Zhuang,13986.9945,100011,100185,92,27,65,32,33
Tianjin Station,Youyi South Road,13986.94359,100135,100178,64,11,53,32,21
Youyi South Road,Tianjin Station,13986.94359,100178,100135,52,13,39,24,15
The Financial University,Hongqi South Road,13986.79772,100132,100057,193,46,147,66,81
Hongqi South Road,The Financial University,13986.79772,100057,100132,186,51,135,72,63
Beining Park,Lushui Road,13986.79429,100006,100093,66,20,46,18,28
Lushui Road,Beining Park,13986.79429,100093,100006,62,13,49,21,28
Liulin Road,Meijiang Park,13986.52405,100089,100096,2,2,0,0,0
Tianjin Hotel,Tianshili,13985.26431,100134,100136,49,8,41,24,17
Tianshili,Tianjin Hotel,13985.26431,100136,100134,30,7,23,12,11
Dengzhou South Road,Zhou and Deng Memorial Museum,13983.95089,100025,100191,31,9,22,18,4
Zhou and Deng Memorial Museum,Dengzhou South Road,13983.95089,100191,100025,28,3,25,19,6
Meilin Road,Huashan Li,13983.81118,100098,100060,3,1,2,0,2
Nancuiping,Huanyu Road,13982.37625,100100,100059,2,2,0,0,0
Huanyu Road,Nancuiping,13982.37625,100059,100100,1,0,1,1,0
Bianxing,Tianshili,13982.32455,100009,100136,25,9,16,12,4
Tianshili,Bianxing,13982.32455,100136,100009,14,3,11,5,6
Jianguo Road,Binhai International Airport,13982.15944,100064,100010,712,247,465,185,280
Binhai International Airport,Jianguo Road,13982.15944,100010,100064,620,155,465,162,303
Professional University,Southwest corner,13980.59575,100112,100124,202,60,142,86,56
Southwest corner,Professional University,13980.59575,100124,100112,200,56,144,62,82
Yaohuan Road,Yueya River,13979.97667,100170,100182,43,18,25,10,15
Yueya River,Yaohuan Road,13979.97667,100182,100170,41,13,28,14,14
Second hospital of the Medical University,Tianshili,13978.65855,100115,100136,11,1,10,5,5
Tianshili,Second hospital of the Medical University,13978.65855,100136,100115,3,0,3,2,1
University town,Cao Zhuang,13977.57371,100143,100011,803,336,467,213,254
Cao Zhuang,University town,13977.57371,100011,100143,791,371,420,210,210
Meilin Road,Shunchi Bridge,13976.13288,100098,100120,14,5,9,9,0
Shunchi Bridge,Meilin Road,13976.13288,100120,100098,14,5,9,7,2
Changhong Park,Guoshan Road,13976.0398,100012,100047,118,27,91,60,31
Guoshan Road,Changhong Park,13976.0398,100047,100012,74,18,56,29,27
Xuelian South Road,Jianguo Road,13975.58035,100164,100064,11,2,9,6,3
Jianguo Road,Xuelian South Road,13975.58035,100064,100164,4,0,4,4,0
Zhangxing Zhuang,Airport Economic Zone,13974.25378,100185,100001,143,30,113,92,21
Airport Economic Zone,Zhangxing Zhuang,13974.25378,100001,100185,123,15,108,80,28
Dongjiang Road,Yuanyang International Centre,13970.31017,100028,100179,3,0,3,1,2
Yuanyang International Centre,Dongjiang Road,13970.31017,100179,100028,3,2,1,1,0
Jiangwan Erzhi Road,Xingfu Park,13969.86236,100065,100159,47,7,40,27,13
Xingfu Park,Jiangwan Erzhi Road,13969.86236,100159,100065,23,2,21,11,10
Yudongcheng,Meijiang Park,13968.94976,100180,100096,16,4,12,11,1
Meijiang Park,Yudongcheng,13968.94976,100096,100180,15,3,12,7,5
Tiantai Road,Wanshan Road,13966.52966,100137,100146,4,0,4,3,1
Dongli Yijing Road,Lijiang Road,13963.94082,100033,100085,24,1,23,21,2
Lijiang Road,Dongli Yijing Road,13963.94082,100085,100033,20,1,19,18,1
Dabi Zhuang,Erwei Road,13963.93242,100021,100036,172,28,144,117,27
Erwei Road,Dabi Zhuang,13963.93242,100036,100021,142,16,126,70,56
Xianyang Road,Dengzhou Road,13959.90956,100153,100024,441,72,369,260,109
Dengzhou Road,Xianyang Road,13959.90956,100024,100153,404,83,321,249,72
North China Group,Xiaobailou,13958.97384,100107,100154,701,208,493,337,156
Xiaobailou,North China Group,13958.97384,100154,100107,619,189,430,203,227
Wangdingdi,Shuanggang,13958.71176,100145,100118,10,4,6,4,2
Shuanggang,Wangdingdi,13958.71176,100118,100145,7,0,7,5,2
Xueyuan North Road,Dawang Zhuang,13957.41439,100165,100023,1,0,1,1,0
Jiefang South Road,Beining Park,13952.28331,100068,100006,132,36,96,49,47
Beining Park,Jiefang South Road,13952.28331,100006,100068,126,31,95,45,50
Changhong Park,Jinmao Industrial Area,13951.93705,100012,100074,17,4,13,10,3
Jinmao Industrial Area,Changhong Park,13951.93705,100074,100012,15,6,9,8,1
Honghu Li,Chinese Medicine First Affiliated Hospital,13951.08389,100055,100016,220,80,140,92,48
Chinese Medicine First Affiliated Hospital,Honghu Li,13951.08389,100016,100055,192,61,131,66,65
Longhan Road,Northwest Corner,13948.17824,100092,100109,25,3,22,12,10
Northwest Corner,Longhan Road,13948.17824,100109,100092,19,3,16,7,9
Meijiang Park,Xuefu Industrial Area,13947.28896,100096,100163,31,0,31,29,2
Xuefu Industrial Area,Meijiang Park,13947.28896,100163,100096,19,0,19,13,6
Xiawafang,Xuefu Industrial Area,13947.07517,100157,100163,301,20,281,258,23
Xuefu Industrial Area,Xiawafang,13947.07517,100163,100157,277,18,259,191,68
Zhicheng Road,Number Two Bridge,13945.46609,100187,100110,33,6,27,22,5
Number Two Bridge,Zhicheng Road,13945.46609,100110,100187,24,4,20,17,3
Yihao Bridge,Fuxing Road,13944.81422,100172,100042,19,5,14,8,6
Fuxing Road,Yihao Bridge,13944.81422,100042,100172,16,4,12,9,3
Cao Zhuang,Lingbin Road,13944.76993,100011,100087,144,48,96,73,23
Lingbin Road,Cao Zhuang,13944.76993,100087,100011,125,38,87,55,32
Yutai,Southeast Corner,13941.52418,100183,100123,53,19,34,21,13
Southeast Corner,Yutai,13941.52418,100123,100183,40,20,20,6,14
Binhai International Airport,Zhigu,13939.89673,100010,100188,258,56,202,78,124
Zhigu,Binhai International Airport,13939.89673,100188,100010,250,67,183,96,87
Liqi Zhuang South,Bei Zhulin,13939.59826,100088,100004,5,3,2,1,1
Bei Zhulin,Liqi Zhuang South,13939.59826,100004,100088,2,1,1,0,1
Guoshan Road,Jiangwan Erzhi Road,13938.59969,100047,100065,2,1,1,1,0
Jiangwan Erzhi Road,Guoshan Road,13938.59969,100065,100047,1,0,1,0,1
Meijiang Road,Dengzhou Road,13937.4416,100097,100024,13,0,13,11,2
Dengzhou Road,Meijiang Road,13937.4416,100024,100097,11,2,9,8,1
Liulin Road,Jinshi Bridge,13929.77806,100089,100076,84,15,69,33,36
Jinshi Bridge,Liulin Road,13929.77806,100076,100089,79,11,68,49,19
Xinkai River,Huashan Li,13926.19014,100160,100060,32,8,24,10,14
Huashan Li,Xinkai River,13926.19014,100060,100160,21,5,16,8,8
Yixingbu North,Bianxing,13926.13518,100176,100009,19,8,11,4,7
Bianxing,Yixingbu North,13926.13518,100009,100176,18,2,16,10,6
Foreign Languages High School,Fuxing Gate,13923.01607,100040,100041,43,3,40,36,4
Fuxing Gate,Foreign Languages High School,13923.01607,100041,100040,30,3,27,20,7
Yixingbu North,Second hospital of the Medical University,13922.46918,100176,100115,122,25,97,63,34
Second hospital of the Medical University,Yixingbu North,13922.46918,100115,100176,120,24,96,58,38
Huaihe Road,Anshan West Road,13922.27014,100058,100003,154,23,131,93,38
Anshan West Road,Huaihe Road,13922.27014,100003,100058,131,19,112,69,43
Wangdingdi,Yihao Bridge,13921.97136,100145,100172,34,4,30,26,4
Yihao Bridge,Wangdingdi,13921.97136,100172,100145,15,8,7,6,1
Erwei Road,Xuefu Industrial Area,13918.69551,100036,100163,209,20,189,163,26
Xuefu Industrial Area,Erwei Road,13918.69551,100163,100036,200,18,182,161,21
University of Civil Aviation,Southwest Tower,13918.65021,100142,100125,183,58,125,63,62
Southwest Tower,University of Civil Aviation,13918.65021,100125,100142,178,37,141,81,60
Xinli,Liuwei Road,13917.53833,100161,100090,6,1,5,5,0
Liuwei Road,Xinli,13917.53833,100090,100161,2,0,2,0,2
Tiedong Road,Fuxing Gate,13916.87986,100139,100041,102,26,76,51,25
Fuxing Gate,Tiedong Road,13916.87986,100041,100139,94,19,75,34,41
Jinwan Square,Binhai International Airport,13916.79855,100078,100010,273,108,165,57,108
Binhai International Airport,Jinwan Square,13916.79855,100010,100078,242,48,194,48,146
Lilou,Zhongshan Gate,13915.75117,100086,100189,57,11,46,34,12
Zhongshan Gate,Lilou,13915.75117,100189,100086,44,12,32,16,16
Yangwu Zhuang,Jianshan Road,13914.06063,100169,100066,67,30,37,27,10
Jianshan Road,Yangwu Zhuang,13914.06063,100066,100169,45,16,29,23,6
Lilou,Sports Centre,13913.96579,100086,100126,155,30,125,73,52
Sports Centre,Lilou,13913.96579,100126,100086,123,22,101,58,43
Tiantai Road,Fuxing Gate,13913.7809,100137,100041,104,19,85,59,26
Fuxing Gate,Tiantai Road,13913.7809,100041,100137,94,16,78,51,27
Minquan Gate,Dongting Road,13912.64734,100099,100034,7,1,6,2,4
Dongting Road,Minquan Gate,13912.64734,100034,100099,7,0,7,4,3
Dongting Road,University town,13910.12954,100034,100143,33,4,29,19,10
University town,Dongting Road,13910.12954,100143,100034,25,3,22,17,5
Lijiang Road,Honghu Li,13909.61297,100085,100055,27,11,16,14,2
Honghu Li,Lijiang Road,13909.61297,100055,100085,25,10,15,9,6
Sports Centre,Laoshan Road,13907.1925,100126,100082,60,19,41,33,8
Laoshan Road,Sports Centre,13907.1925,100082,100126,53,12,41,26,15
Hongqi South Road,Yixingbu North,13906.44286,100057,100176,132,38,94,56,38
Yixingbu North,Hongqi South Road,13906.44286,100176,100057,122,37,85,36,49
Xiaobailou,University of Civil Aviation,13904.41889,100154,100142,34,23,11,2,9
University of Civil Aviation,Xiaobailou,13904.41889,100142,100154,14,4,10,2,8
Liuyuan,Dawang Zhuang,13903.81036,100091,100023,300,65,235,181,54
Dawang Zhuang,Liuyuan,13903.81036,100023,100091,285,55,230,157,73
Nanhe Zhuang,People's Hospital,13903.67159,100101,100111,163,51,112,47,65
People's Hospital,Nanhe Zhuang,13903.67159,100111,100101,148,39,109,42,67
Ruijing XinYuan,Cao Zhuang,13903.26429,100114,100011,348,146,202,104,98
Cao Zhuang,Ruijing XinYuan,13903.26429,100011,100114,299,105,194,85,109
Nansun Zhuang,Yudongcheng,13902.10718,100103,100180,3,0,3,2,1
Yudongcheng,Nansun Zhuang,13902.10718,100180,100103,1,0,1,0,1
JinZhong River Street,Liuyuan,13900.29457,100079,100091,434,116,318,226,92
Liuyuan,JinZhong River Street,13900.29457,100091,100079,378,97,281,163,118
Jin Street,Xueyuan North Road,13899.21118,100070,100165,4,3,1,1,0
Xueyuan North Road,Jin Street,13899.21118,100165,100070,3,2,1,0,1
Xinli,Anshan Road,13897.26712,100161,100002,340,80,260,192,68
Anshan Road,Xinli,13897.26712,100002,100161,330,76,254,129,125
Bianxing,Siyuan Road,13896.66598,100009,100121,3,0,3,2,1
Siyuan Road,Bianxing,13896.66598,100121,100009,3,0,3,1,2
Tumour Hospital,Jiayuan Li,13896.65823,100141,100067,400,60,340,135,205
Jiayuan Li,Tumour Hospital,13896.65823,100067,100141,355,45,310,194,116
Zhanggui Zhuang,Lingbin Road,13895.59391,100184,100087,86,12,74,54,20
Lingbin Road,Zhanggui Zhuang,13895.59391,100087,100184,83,15,68,38,30
Youyi South Road,Liuwei Road,13893.71471,100178,100090,24,7,17,8,9
Liuwei Road,Youyi South Road,13893.71471,100090,100178,21,5,16,9,7
Zhangxing Zhuang,Yuejin North Road,13891.59114,100185,100181,19,2,17,7,10
Yuejin North Road,Zhangxing Zhuang,13891.59114,100181,100185,15,2,13,8,5
Xuzhou Road,Nanzhu Bridge,13891.21491,100167,100104,34,7,27,25,2
Nanzhu Bridge,Xuzhou Road,13891.21491,100104,100167,28,3,25,21,4
Southwest Tower,Dongli Culture and Sports Centre,13890.96239,100125,100029,10,1,9,5,4
Dongli Culture and Sports Centre,Southwest Tower,13890.96239,100029,100125,1,1,0,0,0
Jiayuan Li,Southwest Tower,13889.69366,100067,100125,254,47,207,159,48
Southwest Tower,Jiayuan Li,13889.69366,100125,100067,242,40,202,113,89
Liaohe North Road,Yizhongxin Hospital,13888.95639,100084,100177,33,6,27,17,10
Yizhongxin Hospital,Liaohe North Road,13888.95639,100177,100084,26,11,15,10,5
Jinmao Industrial Area,JinZhong Street,13888.75291,100074,100080,1,0,1,0,1
JinZhong Street,Jinmao Industrial Area,13888.75291,100080,100074,1,0,1,0,1
Tiantai Road,Number Two Bridge,13887.5896,100137,100110,37,11,26,24,2
Number Two Bridge,Tiantai Road,13887.5896,100110,100137,30,10,20,16,4
Minquan Gate,Huashan Li,13887.49636,100099,100060,59,14,45,29,16
Huashan Li,Minquan Gate,13887.49636,100060,100099,58,13,45,37,8
Jianshan Road,Guoshan Road,13886.29017,100066,100047,5,4,1,1,0
Guoshan Road,Jianshan Road,13886.29017,100047,100066,3,0,3,1,2
Erwei Road,Liqi Zhuang South,13885.70142,100036,100088,49,8,41,17,24
Liqi Zhuang South,Erwei Road,13885.70142,100088,100036,39,4,35,26,9
Yuanyang International Centre,Dongting Road,13885.19637,100179,100034,11,1,10,8,2
Dongting Road,Yuanyang International Centre,13885.19637,100034,100179,10,0,10,9,1
Erwei Road,Huanyu Road,13885.11753,100036,100059,12,3,9,7,2
Huanyu Road,Erwei Road,13885.11753,100059,100036,12,2,10,9,1
Zhou and Deng Memorial Museum,Xuzhuangzi,13882.55856,100191,100168,13,0,13,13,0
Xuzhuangzi,Zhou and Deng Memorial Museum,13882.55856,100168,100191,12,1,11,8,3
Jingjiang Road,Xunhai Road,13881.68054,100072,100166,4,1,3,3,0
Xunhai Road,Jingjiang Road,13881.68054,100166,100072,2,0,2,2,0
Xinli,Jianshan Road,13881.32235,100161,100066,44,3,41,34,7
Jianshan Road,Xinli,13881.32235,100066,100161,35,5,30,21,9
Yixingbu North,Tumour Hospital,13879.92791,100176,100141,502,70,432,271,161
Tumour Hospital,Yixingbu North,13879.92791,100141,100176,469,72,397,162,235
Meilin Road,Southeast Corner,13879.77817,100098,100123,148,40,108,89,19
Southeast Corner,Meilin Road,13879.77817,100123,100098,102,35,67,44,23
Cao Zhuang,Zhigu,13878.95737,100011,100188,335,76,259,176,83
Zhigu,Cao Zhuang,13878.95737,100188,100011,307,64,243,150,93
Zuojiang Road,Siyuan Road,13878.79963,100192,100121,11,2,9,3,6
Siyuan Road,Zuojiang Road,13878.79963,100121,100192,11,4,7,6,1
Water Park Road East,Laoshan Road,13878.26959,100147,100082,20,7,13,11,2
Laoshan Road,Water Park Road East,13878.26959,100082,100147,19,11,8,3,5
Zhaoyuan Road,Yingkou Road,13876.80553,100186,100174,51,16,35,24,11
Yingkou Road,Zhaoyuan Road,13876.80553,100174,100186,42,14,28,12,16
Yutai,Wanshan Road,13876.75263,100183,100146,15,6,9,5,4
Wanshan Road,Yutai,13876.75263,100146,100183,13,5,8,7,1
Qinjian Road,Changling Road,13874.90907,100113,100013,170,52,118,79,39
Changling Road,Qinjian Road,13874.90907,100013,100113,148,44,104,65,39
Zhangxing Zhuang,Longhan Road,13872.93883,100185,100092,4,0,4,4,0
Longhan Road,Zhangxing Zhuang,13872.93883,100092,100185,3,1,2,2,0
Yangwu Zhuang,Jinwan Square,13872.7091,100169,100078,384,83,301,227,74
Jinwan Square,Yangwu Zhuang,13872.7091,100078,100169,354,75,279,170,109
Sports Centre,Zhaoyuan Road,13872.53838,100126,100186,11,1,10,8,2
Zhaoyuan Road,Sports Centre,13872.53838,100186,100126,9,4,5,4,1
Dongli Yijing Road,Nanlou,13870.3195,100033,100102,7,2,5,4,1
Nanlou,Dongli Yijing Road,13870.3195,100102,100033,7,1,6,6,0
Tiedong Road,Changling Road,13869.9682,100139,100013,53,14,39,17,22
Changling Road,Tiedong Road,13869.9682,100013,100139,51,20,31,20,11
Jianchang Road,Wangdingdi,13867.90848,100063,100145,19,6,13,8,5
Wangdingdi,Jianchang Road,13867.90848,100145,100063,19,7,12,7,5
Number Two Bridge,Yingfeng Road,13866.95979,100110,100173,44,14,30,28,2
Yingfeng Road,Number Two Bridge,13866.95979,100173,100110,42,8,34,29,5
Huaihe Road,Nanlou,13866.5184,100058,100102,107,20,87,76,11
Nanlou,Huaihe Road,13866.5184,100102,100058,99,12,87,52,35
Yihao Bridge,Anshan West Road,13864.94618,100172,100003,103,20,83,60,23
Anshan West Road,Yihao Bridge,13864.94618,100003,100172,94,20,74,50,24
Xingfu Park,Xinxing Village,13864.50567,100159,100162,6,2,4,4,0
Xinxing Village,Xingfu Park,13864.50567,100162,100159,6,1,5,4,1
Nanzhu Bridge,Anshan Road,13864.05425,100104,100002,76,18,58,39,19
Anshan Road,Nanzhu Bridge,13864.05425,100002,100104,63,6,57,32,25
Xinkai River,Meijiang Exhibition Centre,13863.81119,100160,100095,63,18,45,31,14
Meijiang Exhibition Centre,Xinkai River,13863.81119,100095,100160,56,14,42,33,9
University of Civil Aviation,Youyi South Road,13863.5799,100142,100178,90,19,71,43,28
Youyi South Road,University of Civil Aviation,13863.5799,100178,100142,64,15,49,30,19
Haihe East Road,Minquan Gate,13863.39978,100049,100099,2,0,2,0,2
Benxi Road,Sports Centre,13863.30407,100008,100126,62,18,44,24,20
Sports Centre,Benxi Road,13863.30407,100126,100008,58,15,43,30,13
Beichen Road,Dawang Zhuang,13863.19377,100005,100023,98,17,81,57,24
Dawang Zhuang,Beichen Road,13863.19377,100023,100005,92,16,76,44,32
Jin Street,Liqi Zhuang South,13862.65814,100070,100088,20,6,14,11,3
Liqi Zhuang South,Jin Street,13862.65814,100088,100070,16,2,14,9,5
Yuejin North Road,Guangkaisima Road,13862.49905,100181,100044,64,15,49,27,22
Guangkaisima Road,Yuejin North Road,13862.49905,100044,100181,56,10,46,21,25
Dongting Road,Cuifu New Village,13862.30651,100034,100019,11,1,10,10,0
Cuifu New Village,Dongting Road,13862.30651,100019,100034,8,1,7,6,1
Number Two Bridge,Changhong Park,13862.22197,100110,100012,111,38,73,43,30
Changhong Park,Number Two Bridge,13862.22197,100012,100110,100,24,76,43,33
Yudongcheng,Jieyuan West Road,13862.06415,100180,100069,634,114,520,375,145
Jieyuan West Road,Yudongcheng,13862.06415,100069,100180,533,108,425,298,127
University of Civil Aviation,Dawang Zhuang,13861.53927,100142,100023,55,22,33,13,20
Dawang Zhuang,University of Civil Aviation,13861.53927,100023,100142,51,19,32,8,24
Minquan Gate,Meijiang Exhibition Centre,13861.18521,100099,100095,89,38,51,30,21
Meijiang Exhibition Centre,Minquan Gate,13861.18521,100095,100099,82,40,42,30,12
Liulin Road,Donggu Road,13859.44108,100089,100026,125,43,82,36,46
Donggu Road,Liulin Road,13859.44108,100026,100089,91,33,58,36,22
Dongting Road,Liuwei Road,13858.61523,100034,100090,5,0,5,5,0
Minquan Gate,Meilin Road,13857.54057,100099,100098,26,13,13,10,3
Meilin Road,Minquan Gate,13857.54057,100098,100099,24,4,20,12,8
Changling Road,Yuejin North Road,13856.23855,100013,100181,23,6,17,9,8
Yuejin North Road,Changling Road,13856.23855,100181,100013,23,5,18,15,3
Huanyu Road,Wujiayao,13853.95947,100059,100150,13,1,12,11,1
Wujiayao,Huanyu Road,13853.95947,100150,100059,12,1,11,6,5
University town,Nanzhu Bridge,13853.88488,100143,100104,11,3,8,4,4
Nanzhu Bridge,University town,13853.88488,100104,100143,8,3,5,4,1
Jingjiang Road,Lushui Road,13851.11248,100072,100093,112,33,79,39,40
Lushui Road,Jingjiang Road,13851.11248,100093,100072,82,20,62,43,19
Meijiang Road,Xiangshan Road,13849.78947,100097,100151,2,2,0,0,0
Zhongshan Road,Yaohuan Road,13848.84508,100190,100170,17,2,15,4,11
Yaohuan Road,Zhongshan Road,13848.84508,100170,100190,5,1,4,2,2
Xingfu Park,Chunhai Road,13848.14954,100159,100017,38,12,26,22,4
Chunhai Road,Xingfu Park,13848.14954,100017,100159,22,5,17,9,8
University of Civil Aviation,JinZhong River Street,13844.92029,100142,100079,40,20,20,7,13
JinZhong River Street,University of Civil Aviation,13844.92029,100079,100142,34,14,20,7,13
University of Civil Aviation,Jin Street,13842.03606,100142,100070,945,343,602,337,265
Jin Street,University of Civil Aviation,13842.03606,100070,100142,925,337,588,285,303
Yutai,Southwest corner,13841.54976,100183,100124,39,3,36,20,16
Southwest corner,Yutai,13841.54976,100124,100183,30,4,26,15,11
Yihao Bridge,Bei Zhulin,13841.23795,100172,100004,3,3,0,0,0
Liaohe North Road,Jieyuan West Road,13840.90736,100084,100069,40,10,30,22,8
Jieyuan West Road,Liaohe North Road,13840.90736,100069,100084,32,6,26,18,8
Dongli Culture and Sports Centre,Yaohuan Road,13840.64494,100029,100170,40,11,29,13,16
Yaohuan Road,Dongli Culture and Sports Centre,13840.64494,100170,100029,34,10,24,7,17
Wandong Road,Xinli,13838.35156,100144,100161,14,3,11,7,4
Xinli,Wandong Road,13838.35156,100161,100144,10,0,10,6,4
Weishan Road,Zhou and Deng Memorial Museum,13838.30133,100148,100191,3,1,2,1,1
Liulin Road,Gulou,13836.49862,100089,100045,169,78,91,30,61
Gulou,Liulin Road,13836.49862,100045,100089,158,65,93,34,59
Tianshili,Hongqi South Road,13835.79287,100136,100057,122,21,101,72,29
Hongqi South Road,Tianshili,13835.79287,100057,100136,112,25,87,63,24
Youyi South Road,Xianyang Road,13834.46365,100178,100153,1,1,0,0,0
Xiaobailou,Dongli Culture and Sports Centre,13834.43857,100154,100029,40,18,22,13,9
Dongli Culture and Sports Centre,Xiaobailou,13834.43857,100029,100154,39,9,30,20,10
Southwest Tower,Huaihe Road,13833.35141,100125,100058,394,74,320,218,102
Huaihe Road,Southwest Tower,13833.35141,100058,100125,378,82,296,209,87
Shunchi Bridge,Xinli,13833.2306,100120,100161,90,16,74,51,23
Xinli,Shunchi Bridge,13833.2306,100161,100120,84,20,64,45,19
Zhaoyuan Road,Yueya River,13829.87913,100186,100182,7,2,5,3,2
Yueya River,Zhaoyuan Road,13829.87913,100182,100186,5,1,4,2,2
Foreign Languages High School,Chinese Medicine First Affiliated Hospital,13829.73743,100040,100016,46,9,37,21,16
Chinese Medicine First Affiliated Hospital,Foreign Languages High School,13829.73743,100016,100040,41,13,28,16,12
Weishan Road,Yuanyang International Centre,13829.4816,100148,100179,158,32,126,100,26
Yuanyang International Centre,Weishan Road,13829.4816,100179,100148,108,26,82,62,20
Wujiayao,JinZhong Street,13828.74151,100150,100080,216,36,180,96,84
JinZhong Street,Wujiayao,13828.74151,100080,100150,212,30,182,140,42
Zhicheng Road,Lingbin Road,13827.86907,100187,100087,71,28,43,32,11
Lingbin Road,Zhicheng Road,13827.86907,100087,100187,57,13,44,27,17
Zhangxing Zhuang,Meijiang Road,13826.58561,100185,100097,72,8,64,51,13
Meijiang Road,Zhangxing Zhuang,13826.58561,100097,100185,55,8,47,30,17
Jinnan Campus of Nankai University,Meijiang Road,13826.12097,100075,100097,40,6,34,27,7
Meijiang Road,Jinnan Campus of Nankai University,13826.12097,100097,100075,31,8,23,13,10
Nanhe Zhuang,Jin Street,13823.87657,100101,100070,31,14,17,6,11
Jin Street,Nanhe Zhuang,13823.87657,100070,100101,30,18,12,6,6
Nanhe Zhuang,Yingkou Road,13823.37169,100101,100174,688,326,362,132,230
Yingkou Road,Nanhe Zhuang,13823.37169,100174,100101,677,355,322,124,198
Heping Road,Dongjiang Road,13822.02422,100053,100028,1,0,1,1,0
Xingfu Park,Dongting Road,13821.72912,100159,100034,17,3,14,11,3
Dongting Road,Xingfu Park,13821.72912,100034,100159,12,4,8,3,5
Yingfeng Road,Yixingbu,13821.38129,100173,100175,29,9,20,11,9
Yixingbu,Yingfeng Road,13821.38129,100175,100173,21,7,14,10,4
Haihe Education Zone,Jianshan Road,13820.87965,100050,100066,54,8,46,27,19
Jianshan Road,Haihe Education Zone,13820.87965,100066,100050,48,8,40,28,12
Jinghe Road,Yingfeng Road,13820.24588,100071,100173,34,10,24,19,5
Yingfeng Road,Jinghe Road,13820.24588,100173,100071,32,10,22,8,14
Shiyijing Road,Zhaoyuan Road,13819.794,100117,100186,1,0,1,1,0
Jiangwan Erzhi Road,Jianguo Road,13819.29077,100065,100064,21,4,17,9,8
Jianguo Road,Jiangwan Erzhi Road,13819.29077,100064,100065,19,1,18,8,10
Shuanglin,Yuanyang International Centre,13816.9132,100119,100179,163,46,117,85,32
Yuanyang International Centre,Shuanglin,13816.9132,100179,100119,155,49,106,62,44
Jiangwan Erzhi Road,Xuzhou Road,13816.19052,100065,100167,16,1,15,14,1
Xuzhou Road,Jiangwan Erzhi Road,13816.19052,100167,100065,6,2,4,1,3
Tiantai Road,High-Tech Zone,13816.06833,100137,100054,381,39,342,308,34
High-Tech Zone,Tiantai Road,13816.06833,100054,100137,349,32,317,255,62
Guangkaisima Road,Longhan Road,13815.324,100044,100092,12,1,11,8,3
Longhan Road,Guangkaisima Road,13815.324,100092,100044,8,1,7,5,2
Southwest Tower,Airport Economic Zone,13815.22226,100125,100001,878,108,770,588,182
Airport Economic Zone,Southwest Tower,13815.22226,100001,100125,760,109,651,443,208
Youyi South Road,Jingjiang Road,13814.92497,100178,100072,24,2,22,9,13
Jingjiang Road,Youyi South Road,13814.92497,100072,100178,11,1,10,8,2
Jiayuan Li,Xingfu Park,13814.82153,100067,100159,106,29,77,46,31
Xingfu Park,Jiayuan Li,13814.82153,100159,100067,95,24,71,42,29
Zhangxing Zhuang,Huayuan,13814.5336,100185,100061,336,30,306,268,38
Huayuan,Zhangxing Zhuang,13814.5336,100061,100185,323,30,293,194,99
Chunhai Road,Guorui Road,13814.18215,100017,100046,4,0,4,2,2
Guorui Road,Chunhai Road,13814.18215,100046,100017,3,1,2,2,0
Xunhai Road,Liuwei Road,13812.82295,100166,100090,4,1,3,3,0
Liuwei Road,Xunhai Road,13812.82295,100090,100166,1,0,1,0,1
Gulou,Fengchan River,13811.20297,100045,100039,121,43,78,36,42
Fengchan River,Gulou,13811.20297,100039,100045,115,29,86,67,19
Shaliu South Road,Liqi Zhuang South,13811.19654,100116,100088,9,1,8,8,0
Liqi Zhuang South,Shaliu South Road,13811.19654,100088,100116,8,0,8,7,1
Jiefang South Road,Xianshuigu West,13810.33325,100068,100152,1020,319,701,318,383
Xianshuigu West,Jiefang South Road,13810.33325,100152,100068,936,298,638,350,288
Nanhe Zhuang,Shiyijing Road,13809.99943,100101,100117,27,1,26,21,5
Shiyijing Road,Nanhe Zhuang,13809.99943,100117,100101,26,2,24,9,15
Yutai,Zhaoyuan Road,13809.01174,100183,100186,11,4,7,5,2
Zhaoyuan Road,Yutai,13809.01174,100186,100183,11,5,6,2,4
Fengchan River,People's Hospital,13808.02041,100039,100111,57,13,44,31,13
People's Hospital,Fengchan River,13808.02041,100111,100039,54,11,43,23,20
Southwest corner,Dongting Road,13807.0449,100124,100034,38,9,29,14,15
Dongting Road,Southwest corner,13807.0449,100034,100124,28,5,23,23,0
Xiangshan Road,Nanhe Zhuang,13806.49304,100151,100101,12,2,10,4,6
Nanhe Zhuang,Xiangshan Road,13806.49304,100101,100151,8,2,6,4,2
Xuzhuangzi,Tumour Hospital,13805.9487,100168,100141,189,17,172,119,53
Tumour Hospital,Xuzhuangzi,13805.9487,100141,100168,167,13,154,71,83
Jianchang Road,Huashan Li,13805.20374,100063,100060,100,19,81,60,21
Huashan Li,Jianchang Road,13805.20374,100060,100063,77,17,60,40,20
Jiefang South Road,People's Hospital,13805.02965,100068,100111,774,178,596,357,239
People's Hospital,Jiefang South Road,13805.02965,100111,100068,709,140,569,310,259
Siyuan Road,Hongqi South Road,13801.76728,100121,100057,16,6,10,6,4
Hongqi South Road,Siyuan Road,13801.76728,100057,100121,13,2,11,9,2
Shunchi Bridge,Jiangwan Erzhi Road,13799.79801,100120,100065,18,4,14,9,5
Jiangwan Erzhi Road,Shunchi Bridge,13799.79801,100065,100120,15,1,14,9,5
Xiaobailou,Airport Economic Zone,13795.24544,100154,100001,591,179,412,220,192
Airport Economic Zone,Xiaobailou,13795.24544,100001,100154,530,128,402,245,157
Xinxing Village,Weishan Road,13795.15701,100162,100148,1,0,1,0,1
Chinese Medicine First Affiliated Hospital,Beining Park,13793.69796,100016,100006,95,13,82,44,38
Beining Park,Chinese Medicine First Affiliated Hospital,13793.69796,100006,100016,92,16,76,49,27
North China Group,Guangkaisima Road,13792.28028,100107,100044,248,70,178,122,56
Guangkaisima Road,North China Group,13792.28028,100044,100107,219,42,177,108,69
Foreign Languages High School,Lijiang Road,13788.26651,100040,100085,9,1,8,8,0
Lijiang Road,Foreign Languages High School,13788.26651,100085,100040,6,1,5,3,2
Yingfeng Road,Zhicheng Road,13787.47412,100173,100187,47,10,37,23,14
Zhicheng Road,Yingfeng Road,13787.47412,100187,100173,22,4,18,10,8
Jieyuan West Road,Meijiang Park,13787.02936,100069,100096,35,6,29,19,10
Meijiang Park,Jieyuan West Road,13787.02936,100096,100069,26,5,21,11,10
Yihao Bridge,Dongting Road,13786.00341,100172,100034,5,1,4,3,1
Jinshi Bridge,Xinli,13784.99077,100076,100161,184,31,153,117,36
Xinli,Jinshi Bridge,13784.99077,100161,100076,180,31,149,112,37
Xunhai Road,University of Civil Aviation,13782.68815,100166,100142,7,2,5,1,4
University of Civil Aviation,Xunhai Road,13782.68815,100142,100166,5,2,3,2,1
Xueyuan North Road,Tianjin Hotel,13782.30634,100165,100134,3,0,3,0,3
Lingbin Road,Xiangshan Road,13781.75595,100087,100151,23,9,14,5,9
Xiangshan Road,Lingbin Road,13781.75595,100151,100087,22,4,18,16,2
Chunhai Road,Jinwan Square,13781.55102,100017,100078,13,5,8,6,2
Jinwan Square,Chunhai Road,13781.55102,100078,100017,9,3,6,5,1
Chinese Medicine First Affiliated Hospital,Dengzhou South Road,13780.33003,100016,100025,77,17,60,26,34
Dengzhou South Road,Chinese Medicine First Affiliated Hospital,13780.33003,100025,100016,69,15,54,35,19
University town,Qinjian Road,13779.89272,100143,100113,434,141,293,211,82
Qinjian Road,University town,13779.89272,100113,100143,414,118,296,170,126
Honghu Li,High-Tech Zone,13779.66975,100055,100054,346,61,285,240,45
High-Tech Zone,Honghu Li,13779.66975,100054,100055,301,36,265,211,54
Beining Park,Lijiang Road,13779.53976,100006,100085,20,4,16,15,1
Lijiang Road,Beining Park,13779.53976,100085,100006,19,5,14,12,2
Wandong Road,Dongting Road,13779.42846,100144,100034,3,0,3,0,3
Dongting Road,Wandong Road,13779.42846,100034,100144,3,1,2,1,1
Fuxing Gate,Lushui Road,13779.07624,100041,100093,4,0,4,3,1
Beichen Road,Fuxing Road,13778.66613,100005,100042,25,8,17,12,5
Fuxing Road,Beichen Road,13778.66613,100042,100005,23,7,16,11,5
Beining Park,Fuxing Gate,13778.08909,100006,100041,51,14,37,27,10
Fuxing Gate,Beining Park,13778.08909,100041,100006,47,17,30,21,9
Zhigu,Jiayuan Li,13775.76632,100188,100067,181,48,133,88,45
Jiayuan Li,Zhigu,13775.76632,100067,100188,155,47,108,65,43
Huashan Li,Wangdingdi,13775.7476,100060,100145,112,18,94,81,13
Wangdingdi,Huashan Li,13775.7476,100145,100060,107,13,94,80,14
Xiawafang,Gaozhuangzi,13768.96321,100157,100043,569,87,482,297,185
Gaozhuangzi,Xiawafang,13768.96321,100043,100157,523,95,428,289,139
Jinshi Bridge,Hangshuang Road,13768.49701,100076,100051,28,8,20,17,3
Hangshuang Road,Jinshi Bridge,13768.49701,100051,100076,24,8,16,13,3
Yutai,Bei Zhulin,13768.48159,100183,100004,4,3,1,0,1
Bei Zhulin,Yutai,13768.48159,100004,100183,3,2,1,0,1
Ruijing XinYuan,Liuwei Road,13767.67383,100114,100090,74,26,48,32,16
Liuwei Road,Ruijing XinYuan,13767.67383,100090,100114,66,20,46,30,16
Meijiang Road,Xuzhuangzi,13767.09394,100097,100168,24,3,21,19,2
Xuzhuangzi,Meijiang Road,13767.09394,100168,100097,22,6,16,9,7
Dengzhou Road,Fuxing Road,13766.67691,100024,100042,45,10,35,32,3
Fuxing Road,Dengzhou Road,13766.67691,100042,100024,39,6,33,28,5
JinZhong River Street,Huayuan,13766.09479,100079,100061,434,54,380,346,34
Huayuan,JinZhong River Street,13766.09479,100061,100079,422,50,372,261,111
Xueyuan North Road,Tianjin Station,13765.12336,100165,100135,14,7,7,1,6
Tianjin Station,Xueyuan North Road,13765.12336,100135,100165,10,0,10,2,8
Fuxing Gate,Huayuan,13764.86575,100041,100061,323,39,284,230,54
Huayuan,Fuxing Gate,13764.86575,100061,100041,241,24,217,149,68
Jiayuan Li,Zhou and Deng Memorial Museum,13762.23737,100067,100191,108,38,70,43,27
Zhou and Deng Memorial Museum,Jiayuan Li,13762.23737,100191,100067,107,29,78,43,35
Xuefu Industrial Area,Jin Street,13760.47307,100163,100070,51,4,47,43,4
Jin Street,Xuefu Industrial Area,13760.47307,100070,100163,47,5,42,29,13
West Station,Xuefu Industrial Area,13759.13562,100149,100163,204,55,149,72,77
Xuefu Industrial Area,West Station,13759.13562,100163,100149,155,29,126,79,47
Fangshan Road,Foreign Languages High School,13757.60255,100038,100040,2,0,2,2,0
Changhong Park,Meilin Road,13756.41166,100012,100098,151,42,109,65,44
Meilin Road,Changhong Park,13756.41166,100098,100012,142,44,98,67,31
Xuelian South Road,Xikang Road,13754.81967,100164,100158,13,0,13,12,1
Xikang Road,Xuelian South Road,13754.81967,100158,100164,11,0,11,5,6
Chenglin Road,Xiaodian,13754.63452,100014,100155,74,10,64,57,7
Xiaodian,Chenglin Road,13754.63452,100155,100014,73,14,59,42,17
Cuifu New Village,Xunhai Road,13754.54521,100019,100166,11,1,10,9,1
Xunhai Road,Cuifu New Village,13754.54521,100166,100019,9,2,7,6,1
Jiangwan Erzhi Road,Gaozhuangzi,13751.6063,100065,100043,51,9,42,24,18
Gaozhuangzi,Jiangwan Erzhi Road,13751.6063,100043,100065,41,8,33,28,5
Yingkou Road,University of Civil Aviation,13751.57597,100174,100142,738,394,344,75,269
University of Civil Aviation,Yingkou Road,13751.57597,100142,100174,695,316,379,189,190
Jiangwan Erzhi Road,Dongli Sanjing Road,13750.27084,100065,100032,27,2,25,24,1
Dongli Sanjing Road,Jiangwan Erzhi Road,13750.27084,100032,100065,25,1,24,21,3
Beining Park,Dongting Road,13746.33905,100006,100034,10,3,7,4,3
Dongting Road,Beining Park,13746.33905,100034,100006,5,0,5,2,3
Shuanglin,Xingfu Park,13745.10408,100119,100159,242,50,192,136,56
Xingfu Park,Shuanglin,13745.10408,100159,100119,217,46,171,90,81
North China Group,Xiawafang,13744.32372,100107,100157,309,67,242,147,95
Xiawafang,North China Group,13744.32372,100157,100107,308,81,227,147,80
Beining Park,Meilin Road,13743.62084,100006,100098,45,12,33,19,14
Meilin Road,Beining Park,13743.62084,100098,100006,42,15,27,19,8
Taichang Road,Professional University,13743.11269,100128,100112,423,163,260,117,143
Professional University,Taichang Road,13743.11269,100112,100128,386,155,231,129,102
Second hospital of the Medical University,Yuejin North Road,13740.81929,100115,100181,22,4,18,12,6
Yuejin North Road,Second hospital of the Medical University,13740.81929,100181,100115,22,4,18,14,4
Zhangxing Zhuang,Liuyuan,13739.9935,100185,100091,47,9,38,26,12
Liuyuan,Zhangxing Zhuang,13739.9935,100091,100185,45,21,24,9,15
Dengzhou South Road,Changhong Park,13739.50026,100025,100012,105,17,88,56,32
Changhong Park,Dengzhou South Road,13739.50026,100012,100025,83,14,69,46,23
Zhigu,Dongli Culture and Sports Centre,13739.4332,100188,100029,1,1,0,0,0
Xunhai Road,Xiawafang,13736.27356,100166,100157,17,4,13,5,8
Xiawafang,Xunhai Road,13736.27356,100157,100166,10,0,10,5,5
Huashan Li,Fuxing Road,13735.9197,100060,100042,60,13,47,37,10
Fuxing Road,Huashan Li,13735.9197,100042,100060,57,17,40,25,15
Jinnan Campus of Nankai University,Zuojiang Road,13733.30464,100075,100192,112,38,74,50,24
Zuojiang Road,Jinnan Campus of Nankai University,13733.30464,100192,100075,109,33,76,30,46
Heping Road,Beichen Road,13731.43845,100053,100005,917,249,668,299,369
Beichen Road,Heping Road,13731.43845,100005,100053,780,184,596,383,213
Ruijing XinYuan,Yueya River,13728.90113,100114,100182,180,54,126,78,48
Yueya River,Ruijing XinYuan,13728.90113,100182,100114,163,46,117,68,49
The Financial University,Meijiang Exhibition Centre,13728.29789,100132,100095,7,2,5,1,4
Meijiang Exhibition Centre,The Financial University,13728.29789,100095,100132,6,3,3,0,3
Beichen Road,Chenglin Road,13727.99379,100005,100014,259,51,208,153,55
Chenglin Road,Beichen Road,13727.99379,100014,100005,249,36,213,146,67
Water Park Road East,Jinmao Industrial Area,13727.01725,100147,100074,3,2,1,0,1
Jinmao Industrial Area,Water Park Road East,13727.01725,100074,100147,2,2,0,0,0
Yizhongxin Hospital,Shuanggang,13725.80867,100177,100118,118,29,89,51,38
Shuanggang,Yizhongxin Hospital,13725.80867,100118,100177,100,30,70,44,26
Jiayuan Li,Water Park Road East,13724.99143,100067,100147,332,95,237,176,61
Water Park Road East,Jiayuan Li,13724.99143,100147,100067,262,64,198,121,77
Lilou,Yutai,13722.30771,100086,100183,27,8,19,10,9
Yutai,Lilou,13722.30771,100183,100086,17,5,12,5,7
Yaohuan Road,Honghu Li,13722.16219,100170,100055,26,9,17,13,4
Honghu Li,Yaohuan Road,13722.16219,100055,100170,25,8,17,8,9
Zhanggui Zhuang,Junliangcheng,13721.55381,100184,100081,1848,408,1440,1023,417
Junliangcheng,Zhanggui Zhuang,13721.55381,100081,100184,1786,367,1419,966,453
North China Group,Yibin Road,13721.06776,100107,100171,261,81,180,129,51
Yibin Road,North China Group,13721.06776,100171,100107,242,57,185,120,65
Nansun Zhuang,Jintang Road,13719.5704,100103,100077,4,1,3,1,2
Jintang Road,Nansun Zhuang,13719.5704,100077,100103,4,1,3,1,2
Benxi Road,Dongxing Road,13719.13847,100008,100035,87,11,76,61,15
Dongxing Road,Benxi Road,13719.13847,100035,100008,82,13,69,44,25
Huashan Li,Anshan West Road,13718.72242,100060,100003,111,15,96,67,29
Anshan West Road,Huashan Li,13718.72242,100003,100060,106,15,91,58,33
Erwei Road,North China Group,13717.7214,100036,100107,266,70,196,86,110
North China Group,Erwei Road,13717.7214,100107,100036,265,72,193,127,66
Yihao Bridge,Shuanglin,13717.72025,100172,100119,2,0,2,0,2
Xinxing Village,Dongjiang Road,13717.3606,100162,100028,6,0,6,4,2
Chinese Medicine First Affiliated Hospital,Number Two Bridge,13714.51176,100016,100110,128,34,94,47,47
Number Two Bridge,Chinese Medicine First Affiliated Hospital,13714.51176,100110,100016,112,24,88,59,29
Liaohe North Road,Tucheng,13709.60444,100084,100140,142,20,122,91,31
Tucheng,Liaohe North Road,13709.60444,100140,100084,123,24,99,63,36
Shaliu South Road,Meijiang Park,13709.28392,100116,100096,5,3,2,0,2
Meijiang Park,Shaliu South Road,13709.28392,100096,100116,3,2,1,0,1
Shuanglin,Tian Tower,13707.36752,100119,100133,341,100,241,170,71
Tian Tower,Shuanglin,13707.36752,100133,100119,339,105,234,107,127
Jiangwan Erzhi Road,Southeast Corner,13707.13,100065,100123,70,24,46,24,22
Southeast Corner,Jiangwan Erzhi Road,13707.13,100123,100065,61,24,37,16,21
People's Hospital,Dengzhou Road,13707.02656,100111,100024,136,25,111,49,62
Dengzhou Road,People's Hospital,13707.02656,100024,100111,125,24,101,67,34
Tian Tower,Weishan Road,13706.80717,100133,100148,9,4,5,0,5
Weishan Road,Tian Tower,13706.80717,100148,100133,4,1,3,3,0
Dongli Culture and Sports Centre,Shunchi Bridge,13705.33658,100029,100120,16,4,12,2,10
Shunchi Bridge,Dongli Culture and Sports Centre,13705.33658,100120,100029,5,0,5,2,3
Ruijing XinYuan,Shiyijing Road,13703.78221,100114,100117,237,27,210,165,45
Shiyijing Road,Ruijing XinYuan,13703.78221,100117,100114,231,21,210,133,77
South Station,Cultural centre,13703.43443,100122,100020,749,259,490,316,174
Cultural centre,South Station,13703.43443,100020,100122,658,245,413,284,129
Lushui Road,Yibin Road,13702.39205,100093,100171,292,63,229,146,83
Yibin Road,Lushui Road,13702.39205,100171,100093,233,37,196,100,96
JinZhong River Street,Changling Road,13700.60459,100079,100013,229,77,152,106,46
Changling Road,JinZhong River Street,13700.60459,100013,100079,198,51,147,76,71
Yudongcheng,Yaohuan Road,13699.61541,100180,100170,257,55,202,128,74
Yaohuan Road,Yudongcheng,13699.61541,100170,100180,235,45,190,140,50
Changhong Park,Nanzhu Bridge,13698.39225,100012,100104,7,0,7,5,2
Nanzhu Bridge,Changhong Park,13698.39225,100104,100012,6,1,5,2,3
Cultural centre,Beiyangyuan Campus of Tianjin University,13696.22662,100020,100007,190,83,107,34,73
Beiyangyuan Campus of Tianjin University,Cultural centre,13696.22662,100007,100020,184,80,104,68,36
Benxi Road,JinZhong Street,13692.77329,100008,100080,119,31,88,52,36
JinZhong Street,Benxi Road,13692.77329,100080,100008,110,31,79,51,28
University of Civil Aviation,Nanlou,13692.60433,100142,100102,70,24,46,27,19
Nanlou,University of Civil Aviation,13692.60433,100102,100142,63,18,45,27,18
Jintang Road,Professional University,13692.55895,100077,100112,127,28,99,59,40
Professional University,Jintang Road,13692.55895,100112,100077,118,25,93,71,22
Chunhai Road,Haiguang Temple,13690.37503,100017,100048,43,6,37,19,18
Haiguang Temple,Chunhai Road,13690.37503,100048,100017,32,7,25,15,10
Nancuiping,Jiayuan Li,13688.96111,100100,100067,52,14,38,19,19
Jiayuan Li,Nancuiping,13688.96111,100067,100100,44,20,24,14,10
Bianxing,Meijiang Road,13688.71388,100009,100097,98,15,83,67,16
Meijiang Road,Bianxing,13688.71388,100097,100009,68,8,60,44,16
Second hospital of the Medical University,Benxi Road,13688.67247,100115,100008,81,26,55,33,22
Benxi Road,Second hospital of the Medical University,13688.67247,100008,100115,74,23,51,22,29
Yuanyang International Centre,Jiefang South Road,13688.42298,100179,100068,183,26,157,90,67
Jiefang South Road,Yuanyang International Centre,13688.42298,100068,100179,182,31,151,114,37
Gaozhuangzi,Dongli Culture and Sports Centre,13688.13371,100043,100029,17,5,12,0,12
Dongli Culture and Sports Centre,Gaozhuangzi,13688.13371,100029,100043,13,5,8,4,4
Yudongcheng,Anshan West Road,13685.20545,100180,100003,586,83,503,397,106
Anshan West Road,Yudongcheng,13685.20545,100003,100180,491,80,411,285,126
Number Two Bridge,Meijiang Exhibition Centre,13684.33611,100110,100095,42,21,21,11,10
Meijiang Exhibition Centre,Number Two Bridge,13684.33611,100095,100110,38,19,19,8,11
Magangchang,Huayuan,13682.05927,100094,100061,68,6,62,50,12
Huayuan,Magangchang,13682.05927,100061,100094,61,4,57,47,10
Xuzhuangzi,Yihao Bridge,13681.96937,100168,100172,23,3,20,19,1
Yihao Bridge,Xuzhuangzi,13681.96937,100172,100168,19,3,16,12,4
Yixingbu,Water Park Road East,13680.08275,100175,100147,52,24,28,8,20
Water Park Road East,Yixingbu,13680.08275,100147,100175,35,12,23,10,13
Second hospital of the Medical University,Lilou,13679.35161,100115,100086,15,0,15,5,10
Lilou,Second hospital of the Medical University,13679.35161,100086,100115,14,4,10,4,6
Dabi Zhuang,Jianshan Road,13678.78533,100021,100066,24,8,16,9,7
Jianshan Road,Dabi Zhuang,13678.78533,100066,100021,12,4,8,4,4
Tianjin Station,Nansun Zhuang,13678.74932,100135,100103,42,11,31,11,20
Nansun Zhuang,Tianjin Station,13678.74932,100103,100135,41,6,35,14,21
Xiangshan Road,Hongni River East,13678.53333,100151,100056,12,5,7,3,4
Hongni River East,Xiangshan Road,13678.53333,100056,100151,6,2,4,4,0
Weishan Road,Southwest corner,13677.26018,100148,100124,4,1,3,1,2
Southwest corner,Weishan Road,13677.26018,100124,100148,2,0,2,1,1
Jianguo Road,Dongting Road,13676.9039,100064,100034,11,4,7,4,3
Dongting Road,Jianguo Road,13676.9039,100034,100064,6,2,4,2,2
Fuxing Road,Liqi Zhuang South,13675.95753,100042,100088,5,2,3,3,0
Liqi Zhuang South,Fuxing Road,13675.95753,100088,100042,1,0,1,0,1
Jianshan Road,Cao Zhuang,13675.11396,100066,100011,153,43,110,66,44
Cao Zhuang,Jianshan Road,13675.11396,100011,100066,133,38,95,66,29
Shuanglin,Southwest corner,13674.94892,100119,100124,606,185,421,270,151
Southwest corner,Shuanglin,13674.94892,100124,100119,571,154,417,248,169
Youyi South Road,Guangkaisima Road,13674.421,100178,100044,2,0,2,0,2
Guangkaisima Road,Youyi South Road,13674.421,100044,100178,2,0,2,0,2
Ruijing XinYuan,Xiawafang,13673.98992,100114,100157,815,230,585,347,238
Xiawafang,Ruijing XinYuan,13673.98992,100157,100114,807,186,621,357,264
Zhangxing Zhuang,Yihao Bridge,13672.29395,100185,100172,47,12,35,30,5
Yihao Bridge,Zhangxing Zhuang,13672.29395,100172,100185,23,6,17,2,15
Liuwei Road,North China Group,13670.72803,100090,100107,26,10,16,11,5
North China Group,Liuwei Road,13670.72803,100107,100090,21,3,18,12,6
Wanshan Road,Sports Centre,13670.601,100146,100126,16,7,9,5,4
Sports Centre,Wanshan Road,13670.601,100126,100146,8,4,4,4,0
Siyuan Road,Lingbin Road,13670.25023,100121,100087,59,6,53,38,15
Lingbin Road,Siyuan Road,13670.25023,100087,100121,53,6,47,33,14
Xinli,Chentang Zhuang,13670.09358,100161,100015,51,7,44,25,19
Chentang Zhuang,Xinli,13670.09358,100015,100161,44,7,37,22,15
Tiantai Road,Shaliu South Road,13669.9264,100137,100116,39,15,24,14,10
Shaliu South Road,Tiantai Road,13669.9264,100116,100137,27,3,24,18,6
Yingkou Road,Fengchan River,13669.61455,100174,100039,493,216,277,117,160
Fengchan River,Yingkou Road,13669.61455,100039,100174,389,158,231,144,87
University of Civil Aviation,Tianjin Station,13669.24823,100142,100135,784,320,464,177,287
Tianjin Station,University of Civil Aviation,13669.24823,100135,100142,769,394,375,144,231
Cuifu New Village,Jiefang South Road,13665.53312,100019,100068,76,20,56,45,11
Jiefang South Road,Cuifu New Village,13665.53312,100068,100019,66,17,49,26,23
Xuefu Industrial Area,Meijiang Road,13665.25316,100163,100097,123,2,121,108,13
Meijiang Road,Xuefu Industrial Area,13665.25316,100097,100163,99,4,95,88,7
Heping Road,Xinli,13664.62957,100053,100161,545,196,349,142,207
Xinli,Heping Road,13664.62957,100161,100053,495,172,323,178,145
Xinkai River,Chinese Medicine First Affiliated Hospital,13663.6824,100160,100016,46,9,37,24,13
Chinese Medicine First Affiliated Hospital,Xinkai River,13663.6824,100016,100160,41,12,29,13,16
Dawang Zhuang,Nanzhu Bridge,13663.25428,100023,100104,24,3,21,15,6
Nanzhu Bridge,Dawang Zhuang,13663.25428,100104,100023,15,3,12,11,1
Dengzhou Road,Bei Zhulin,13663.10063,100024,100004,6,0,6,4,2
Bei Zhulin,Dengzhou Road,13663.10063,100004,100024,4,0,4,2,2
Fangshan Road,Zuojiang Road,13662.6221,100038,100192,1,1,0,0,0
Liuwei Road,Jiefang South Road,13661.84184,100090,100068,29,6,23,12,11
Jiefang South Road,Liuwei Road,13661.84184,100068,100090,19,4,15,7,8
Chentang Zhuang,Dongli Liujing Road,13661.08391,100015,100031,10,0,10,9,1
Dongli Liujing Road,Chentang Zhuang,13661.08391,100031,100015,6,0,6,2,4
Steel Tube Company,Tanggu,13660.98759,100127,100131,3091,854,2237,1400,837
Tanggu,Steel Tube Company,13660.98759,100131,100127,2902,820,2082,1129,953
Wandong Road,North China Group,13660.64454,100144,100107,35,5,30,22,8
North China Group,Wandong Road,13660.64454,100107,100144,26,5,21,13,8
Yixingbu North,Tianjin Hotel,13658.26061,100176,100134,209,62,147,90,57
Tianjin Hotel,Yixingbu North,13658.26061,100134,100176,203,57,146,83,63
Haiguang Temple,Lushui Road,13656.02268,100048,100093,52,8,44,21,23
Lushui Road,Haiguang Temple,13656.02268,100093,100048,50,10,40,23,17
Tian Tower,Chunhai Road,13655.07425,100133,100017,16,10,6,3,3
Chunhai Road,Tian Tower,13655.07425,100017,100133,3,2,1,1,0
Honghu Li,Nanhe Zhuang,13651.63429,100055,100101,45,15,30,20,10
Nanhe Zhuang,Honghu Li,13651.63429,100101,100055,41,15,26,17,9
West Station,Liqi Zhuang South,13651.29601,100149,100088,60,15,45,16,29
Liqi Zhuang South,West Station,13651.29601,100088,100149,37,12,25,15,10
Nancuiping,Jingli Road,13650.39499,100100,100073,82,19,63,45,18
Jingli Road,Nancuiping,13650.39499,100073,100100,82,16,66,42,24
Airport Economic Zone,Zhongshan Road,13650.22417,100001,100190,564,90,474,329,145
Zhongshan Road,Airport Economic Zone,13650.22417,100190,100001,562,85,477,346,131
Professional University,Gulou,13649.73754,100112,100045,479,192,287,143,144
Gulou,Professional University,13649.73754,100045,100112,440,163,277,126,151
Guoshan Road,Dabi Zhuang,13649.63925,100047,100021,17,2,15,10,5
Dabi Zhuang,Guoshan Road,13649.63925,100021,100047,15,4,11,8,3
JinZhong Street,Dengzhou South Road,13648.90978,100080,100025,22,7,15,5,10
Dengzhou South Road,JinZhong Street,13648.90978,100025,100080,21,5,16,7,9
Xuzhou Road,Dongting Road,13644.80716,100167,100034,1,0,1,1,0
Liaohe North Road,Shaliu South Road,13643.10598,100084,100116,50,14,36,26,10
Shaliu South Road,Liaohe North Road,13643.10598,100116,100084,48,10,38,29,9
Heping Road,Lilou,13642.90586,100053,100086,827,222,605,344,261
Lilou,Heping Road,13642.90586,100086,100053,805,199,606,455,151
Meijiang Road,Qinjian Road,13641.59683,100097,100113,149,22,127,91,36
Qinjian Road,Meijiang Road,13641.59683,100113,100097,137,16,121,98,23
Yingkou Road,Shuanggang,13640.15704,100174,100118,142,54,88,39,49
Shuanggang,Yingkou Road,13640.15704,100118,100174,126,32,94,58,36
Southeast Corner,Xiaodian,13638.42497,100123,100155,152,54,98,58,40
Xiaodian,Southeast Corner,13638.42497,100155,100123,129,45,84,49,35
Jinwan Square,Lushui Road,13638.02527,100078,100093,54,23,31,8,23
Lushui Road,Jinwan Square,13638.02527,100093,100078,42,15,27,16,11
Yibin Road,Chunhai Road,13637.16485,100171,100017,19,2,17,13,4
Chunhai Road,Yibin Road,13637.16485,100017,100171,17,1,16,13,3
Dabi Zhuang,Anshan Road,13636.55074,100021,100002,307,85,222,140,82
Anshan Road,Dabi Zhuang,13636.55074,100002,100021,297,83,214,82,132
Lilou,Xikang Road,13636.26158,100086,100158,337,48,289,229,60
Xikang Road,Lilou,13636.26158,100158,100086,291,50,241,156,85
Youyi South Road,Lushui Road,13636.24108,100178,100093,1,1,0,0,0
Chentang Zhuang,Guoshan Road,13635.82993,100015,100047,23,3,20,15,5
Guoshan Road,Chentang Zhuang,13635.82993,100047,100015,14,1,13,7,6
JinZhong Street,Anshan West Road,13634.85268,100080,100003,328,82,246,173,73
Anshan West Road,JinZhong Street,13634.85268,100003,100080,318,79,239,147,92
Yuejin North Road,Zhongshan Road,13632.77017,100181,100190,41,6,35,30,5
Zhongshan Road,Yuejin North Road,13632.77017,100190,100181,26,4,22,15,7
Bei Zhulin,Huashan Li,13632.34342,100004,100060,6,2,4,4,0
Huashan Li,Bei Zhulin,13632.34342,100060,100004,6,3,3,3,0
Dongting Road,Shunchi Bridge,13632.10135,100034,100120,5,3,2,2,0
Shunchi Bridge,Dongting Road,13632.10135,100120,100034,3,1,2,1,1
Youyi South Road,Haiguang Temple,13631.08688,100178,100048,27,7,20,15,5
Haiguang Temple,Youyi South Road,13631.08688,100048,100178,24,5,19,14,5
Meijiang Road,Dengzhou South Road,13630.17787,100097,100025,8,0,8,5,3
Dengzhou South Road,Meijiang Road,13630.17787,100025,100097,6,1,5,5,0
Leyuan Road,Liaohe North Road,13625.65036,100083,100084,22,10,12,9,3
Liaohe North Road,Leyuan Road,13625.65036,100084,100083,9,3,6,1,5
Yingfeng Road,The Financial University,13625.62954,100173,100132,57,22,35,24,11
The Financial University,Yingfeng Road,13625.62954,100132,100173,52,13,39,27,12
Dongli Sanjing Road,Tucheng,13624.9672,100032,100140,13,0,13,4,9
Tucheng,Dongli Sanjing Road,13624.9672,100140,100032,5,0,5,5,0
Jiefang South Road,Xingfu Park,13624.95573,100068,100159,342,82,260,162,98
Xingfu Park,Jiefang South Road,13624.95573,100159,100068,311,71,240,155,85
Chenglin Road,University town,13624.81743,100014,100143,225,58,167,108,59
University town,Chenglin Road,13624.81743,100143,100014,220,53,167,94,73
Xinkai River,Lijiang Road,13622.21148,100160,100085,11,4,7,6,1
Lijiang Road,Xinkai River,13622.21148,100085,100160,3,2,1,0,1
Weishan Road,Jianguo Road,13621.18913,100148,100064,29,5,24,17,7
Jianguo Road,Weishan Road,13621.18913,100064,100148,28,8,20,13,7
Gaozhuangzi,Shaliu South Road,13620.71054,100043,100116,27,12,15,8,7
Shaliu South Road,Gaozhuangzi,13620.71054,100116,100043,21,10,11,2,9
Leyuan Road,Jiayuan Li,13619.17893,100083,100067,76,30,46,20,26
Jiayuan Li,Leyuan Road,13619.17893,100067,100083,68,27,41,23,18
Fangshan Road,Tiedong Road,13618.90144,100038,100139,12,5,7,5,2
Tiedong Road,Fangshan Road,13618.90144,100139,100038,7,1,6,1,5
Zhongshan Road,High-Tech Zone,13618.75742,100190,100054,531,75,456,366,90
High-Tech Zone,Zhongshan Road,13618.75742,100054,100190,530,74,456,335,121
Second hospital of the Medical University,JinZhong Street,13618.45724,100115,100080,69,10,59,28,31
JinZhong Street,Second hospital of the Medical University,13618.45724,100080,100115,69,15,54,30,24
Dongli Development Zone,Xiaobailou,13617.7188,100030,100154,272,88,184,129,55
Xiaobailou,Dongli Development Zone,13617.7188,100154,100030,272,66,206,125,81
Chentang Zhuang,Yixingbu,13616.77772,100015,100175,164,20,144,109,35
Yixingbu,Chentang Zhuang,13616.77772,100175,100015,152,16,136,117,19
Zhongshan Road,Longhan Road,13614.11786,100190,100092,1,0,1,1,0
Longhan Road,Zhongshan Road,13614.11786,100092,100190,1,0,1,1,0
Youyi South Road,Jinwan Square,13613.08946,100178,100078,7,0,7,6,1
Jinwan Square,Youyi South Road,13613.08946,100078,100178,1,0,1,0,1
JinZhong River Street,Liulin Road,13612.9534,100079,100089,97,30,67,45,22
Liulin Road,JinZhong River Street,13612.9534,100089,100079,68,16,52,22,30
Honghu Li,Fengchan River,13611.03211,100055,100039,25,12,13,12,1
Fengchan River,Honghu Li,13611.03211,100039,100055,11,4,7,4,3
Jiefang South Road,Southwest corner,13610.27151,100068,100124,248,44,204,135,69
Southwest corner,Jiefang South Road,13610.27151,100124,100068,209,33,176,98,78
Shuanglin,Jianguo Road,13608.62073,100119,100064,115,20,95,72,23
Jianguo Road,Shuanglin,13608.62073,100064,100119,90,18,72,42,30
Huaihe Road,Laoshan Road,13608.60145,100058,100082,35,10,25,14,11
Laoshan Road,Huaihe Road,13608.60145,100082,100058,29,7,22,17,5
Xianyang Road,Huaihe Road,13608.23654,100153,100058,130,22,108,80,28
Huaihe Road,Xianyang Road,13608.23654,100058,100153,125,31,94,71,23
Jiangwan Erzhi Road,Southwest corner,13607.15557,100065,100124,31,11,20,9,11
Southwest corner,Jiangwan Erzhi Road,13607.15557,100124,100065,27,3,24,12,12
Jianchang Road,Nancuiping,13604.8214,100063,100100,28,9,19,9,10
Nancuiping,Jianchang Road,13604.8214,100100,100063,26,7,19,7,12
Dongli Development Zone,Chenglin Road,13603.35178,100030,100014,245,40,205,153,52
Chenglin Road,Dongli Development Zone,13603.35178,100014,100030,239,45,194,143,51
Chunhai Road,Jiefang South Road,13602.42303,100017,100068,2,0,2,0,2
Number Two Bridge,Dengzhou Road,13602.32699,100110,100024,4,2,2,1,1
Dengzhou Road,Number Two Bridge,13602.32699,100024,100110,4,2,2,2,0
Foreign Languages High School,Yaohuan Road,13600.81574,100040,100170,9,1,8,1,7
Yaohuan Road,Foreign Languages High School,13600.81574,100170,100040,8,0,8,6,2
Danhebei Road,Xuzhuangzi,13599.22557,100022,100168,1,1,0,0,0
Zhicheng Road,Meijiang Road,13597.68122,100187,100097,61,5,56,49,7
Meijiang Road,Zhicheng Road,13597.68122,100097,100187,40,2,38,30,8
Dabi Zhuang,Xikang Road,13597.39832,100021,100158,278,56,222,191,31
Xikang Road,Dabi Zhuang,13597.39832,100158,100021,260,51,209,128,81
Zhigu,Xinxing Village,13597.16538,100188,100162,5,0,5,4,1
Xinxing Village,Zhigu,13597.16538,100162,100188,1,1,0,0,0
Shaliu South Road,Yibin Road,13596.58697,100116,100171,33,6,27,19,8
Yibin Road,Shaliu South Road,13596.58697,100171,100116,26,8,18,11,7
Magangchang,Erwei Road,13596.25432,100094,100036,27,10,17,11,6
Erwei Road,Magangchang,13596.25432,100036,100094,25,9,16,4,12
Cao Zhuang,Southwest Tower,13595.42554,100011,100125,185,33,152,100,52
Southwest Tower,Cao Zhuang,13595.42554,100125,100011,177,46,131,75,56
Lilou,Hangshuang Road,13594.99215,100086,100051,16,1,15,14,1
Hangshuang Road,Lilou,13594.99215,100051,100086,12,2,10,9,1
North Station,Meijiang Exhibition Centre,13594.30022,100108,100095,127,55,72,42,30
Meijiang Exhibition Centre,North Station,13594.30022,100095,100108,120,52,68,33,35
Jin Street,Magangchang,13593.3446,100070,100094,77,19,58,29,29
Magangchang,Jin Street,13593.3446,100094,100070,60,12,48,38,10
Beining Park,Yaohuan Road,13592.08898,100006,100170,11,3,8,4,4
Yaohuan Road,Beining Park,13592.08898,100170,100006,8,1,7,3,4
Jiefang South Road,Yihao Bridge,13589.23003,100068,100172,38,8,30,15,15
Yihao Bridge,Jiefang South Road,13589.23003,100172,100068,22,4,18,9,9
Laoshan Road,Chinese Medicine First Affiliated Hospital,13588.48723,100082,100016,94,21,73,47,26
Chinese Medicine First Affiliated Hospital,Laoshan Road,13588.48723,100016,100082,87,16,71,32,39
Yibin Road,Laoshan Road,13588.43261,100171,100082,36,7,29,18,11
Laoshan Road,Yibin Road,13588.43261,100082,100171,32,10,22,14,8
Xuelian South Road,Southeast Corner,13588.17066,100164,100123,28,10,18,9,9
Southeast Corner,Xuelian South Road,13588.17066,100123,100164,12,3,9,4,5
Cuifu New Village,Beichen Road,13587.57937,100019,100005,66,15,51,38,13
Beichen Road,Cuifu New Village,13587.57937,100005,100019,51,13,38,26,12
Water Park Road East,Wanshan Road,13586.43647,100147,100146,1,0,1,1,0
Huaihe Road,Haiguang Temple,13586.38685,100058,100048,329,55,274,207,67
Haiguang Temple,Huaihe Road,13586.38685,100048,100058,313,47,266,205,61
Chenglin Road,Jiayuan Li,13585.27467,100014,100067,95,26,69,43,26
Jiayuan Li,Chenglin Road,13585.27467,100067,100014,72,17,55,37,18
Nanhe Zhuang,Dongxing Road,13583.82187,100101,100035,32,12,20,14,6
Dongxing Road,Nanhe Zhuang,13583.82187,100035,100101,28,10,18,16,2
Jianchang Road,Zuojiang Road,13583.483,100063,100192,55,8,47,25,22
Zuojiang Road,Jianchang Road,13583.483,100192,100063,43,10,33,19,14
Nanlou,Airport Economic Zone,13583.43089,100102,100001,228,35,193,144,49
Airport Economic Zone,Nanlou,13583.43089,100001,100102,192,27,165,114,51
Jiefang South Road,Wandong Road,13582.65507,100068,100144,68,19,49,29,20
Wandong Road,Jiefang South Road,13582.65507,100144,100068,52,14,38,25,13
Tianjin Station,Liqi Zhuang South,13581.64471,100135,100088,76,15,61,18,43
Liqi Zhuang South,Tianjin Station,13581.64471,100088,100135,70,17,53,27,26
Cao Zhuang,Tianjin Hotel,13581.31369,100011,100134,311,71,240,179,61
Tianjin Hotel,Cao Zhuang,13581.31369,100134,100011,295,57,238,171,67
Bianxing,Jianchang Road,13580.685,100009,100063,15,5,10,6,4
Jianchang Road,Bianxing,13580.685,100063,100009,15,1,14,5,9
South Station,Yingkou Road,13580.49314,100122,100174,7344,2921,4423,2224,2199
Yingkou Road,South Station,13580.49314,100174,100122,6080,2630,3450,1701,1749
Yixingbu,Wangdingdi,13580.01617,100175,100145,118,27,91,75,16
Wangdingdi,Yixingbu,13580.01617,100145,100175,101,19,82,58,24
Chinese Medicine First Affiliated Hospital,Northwest Corner,13579.14206,100016,100109,516,104,412,200,212
Northwest Corner,Chinese Medicine First Affiliated Hospital,13579.14206,100109,100016,463,104,359,155,204
Fangshan Road,Yixingbu North,13578.3625,100038,100176,7,1,6,6,0
Yixingbu North,Fangshan Road,13578.3625,100176,100038,5,3,2,0,2
Huaihe Road,Dongxing Road,13577.29781,100058,100035,58,7,51,34,17
Dongxing Road,Huaihe Road,13577.29781,100035,100058,47,6,41,26,15
Liqi Zhuang South,Taichang Road,13577.27627,100088,100128,24,5,19,16,3
Taichang Road,Liqi Zhuang South,13577.27627,100128,100088,24,8,16,10,6
Bei Zhulin,Nansun Zhuang,13576.84856,100004,100103,2,1,1,1,0
Nansun Zhuang,Bei Zhulin,13576.84856,100103,100004,1,0,1,1,0
University of Civil Aviation,Airport Economic Zone,13575.39145,100142,100001,49,25,24,12,12
Airport Economic Zone,University of Civil Aviation,13575.39145,100001,100142,43,21,22,14,8
Tian Tower,Zhanggui Zhuang,13572.37336,100133,100184,265,72,193,87,106
Zhanggui Zhuang,Tian Tower,13572.37336,100184,100133,245,67,178,95,83
Cuifu New Village,Xiaodian,13572.1965,100019,100155,15,1,14,10,4
Xiaodian,Cuifu New Village,13572.1965,100155,100019,13,4,9,1,8
Hongni River East,Southwest Tower,13572.04203,100056,100125,95,15,80,70,10
Southwest Tower,Hongni River East,13572.04203,100125,100056,91,14,77,56,21
Xiaodian,Fuxing Road,13571.65444,100155,100042,57,13,44,39,5
Fuxing Road,Xiaodian,13571.65444,100042,100155,48,10,38,30,8
Zhongshan Road,North Beichen Tech Park,13568.98635,100190,100106,89,19,70,54,16
North Beichen Tech Park,Zhongshan Road,13568.98635,100106,100190,63,17,46,39,7
Taichang Road,Benxi Road,13568.47218,100128,100008,251,85,166,100,66
Benxi Road,Taichang Road,13568.47218,100008,100128,234,85,149,97,52
Laoshan Road,Zhou and Deng Memorial Museum,13567.3826,100082,100191,58,16,42,34,8
Zhou and Deng Memorial Museum,Laoshan Road,13567.3826,100191,100082,55,17,38,23,15
Southwest Tower,Dongli Development Zone,13567.04186,100125,100030,439,55,384,273,111
Dongli Development Zone,Southwest Tower,13567.04186,100030,100125,423,56,367,274,93
Fangshan Road,Water Park Road East,13566.73165,100038,100147,11,6,5,5,0
Water Park Road East,Fangshan Road,13566.73165,100147,100038,9,6,3,1,2
Zhicheng Road,Fuxing Gate,13565.28502,100187,100041,63,13,50,29,21
Fuxing Gate,Zhicheng Road,13565.28502,100041,100187,49,4,45,31,14
Wujiayao,Magangchang,13565.09625,100150,100094,16,4,12,8,4
Magangchang,Wujiayao,13565.09625,100094,100150,15,4,11,8,3
Hongni River East,Dengzhou South Road,13564.01447,100056,100025,5,1,4,3,1
Dengzhou South Road,Hongni River East,13564.01447,100025,100056,3,1,2,1,1
Xuzhuangzi,Jiayuan Li,13563.10545,100168,100067,70,9,61,40,21
Jiayuan Li,Xuzhuangzi,13563.10545,100067,100168,47,7,40,33,7
Xinxing Village,Shunchi Bridge,13563.06877,100162,100120,1,0,1,1,0
Shunchi Bridge,Xinxing Village,13563.06877,100120,100162,1,0,1,0,1
Yangwu Zhuang,Southwest Tower,13559.82176,100169,100125,26,8,18,10,8
Southwest Tower,Yangwu Zhuang,13559.82176,100125,100169,25,7,18,12,6
Yutai,Erwei Road,13559.01923,100183,100036,53,9,44,39,5
Erwei Road,Yutai,13559.01923,100036,100183,44,7,37,21,16
University town,Dongxing Road,13557.53388,100143,100035,181,27,154,116,38
Dongxing Road,University town,13557.53388,100035,100143,162,32,130,88,42
Professional University,People's Hospital,13557.25379,100112,100111,105,15,90,52,38
People's Hospital,Professional University,13557.25379,100111,100112,96,9,87,46,41
Xianyang Road,Shaliu South Road,13556.83705,100153,100116,145,32,113,83,30
Shaliu South Road,Xianyang Road,13556.83705,100116,100153,135,27,108,72,36
Qinjian Road,Dabi Zhuang,13556.19579,100113,100021,202,29,173,103,70
Dabi Zhuang,Qinjian Road,13556.19579,100021,100113,194,36,158,134,24
Fengchan River,Jin Street,13555.71412,100039,100070,27,6,21,21,0
Jin Street,Fengchan River,13555.71412,100070,100039,25,3,22,18,4
Northwest Corner,Meijiang Exhibition Centre,13555.26359,100109,100095,265,103,162,103,59
Meijiang Exhibition Centre,Northwest Corner,13555.26359,100095,100109,229,76,153,115,38
Longhan Road,National Exhibition Centre,13554.3514,100092,100105,10,7,3,2,1
National Exhibition Centre,Longhan Road,13554.3514,100105,100092,3,2,1,1,0
Ruijing XinYuan,Shunchi Bridge,13553.41474,100114,100120,142,52,90,42,48
Shunchi Bridge,Ruijing XinYuan,13553.41474,100120,100114,139,43,96,52,44
Wanshan Road,Dabi Zhuang,13552.68328,100146,100021,2,1,1,1,0
Dabi Zhuang,Wanshan Road,13552.68328,100021,100146,2,0,2,2,0
Hongqi South Road,Shaliu South Road,13552.00511,100057,100116,47,6,41,29,12
Shaliu South Road,Hongqi South Road,13552.00511,100116,100057,43,7,36,24,12
Jianchang Road,Yingfeng Road,13550.92076,100063,100173,23,6,17,11,6
Yingfeng Road,Jianchang Road,13550.92076,100173,100063,23,10,13,5,8
South Station,Lingbin Road,13550.6918,100122,100087,186,47,139,78,61
Lingbin Road,South Station,13550.6918,100087,100122,128,32,96,56,40
Xueyuan North Road,Airport Economic Zone,13550.56984,100165,100001,36,8,28,27,1
Airport Economic Zone,Xueyuan North Road,13550.56984,100001,100165,19,4,15,8,7
Wandong Road,Dongli Liujing Road,13548.30784,100144,100031,30,2,28,27,1
Dongli Liujing Road,Wandong Road,13548.30784,100031,100144,26,4,22,15,7
Shunchi Bridge,Chunhai Road,13546.71264,100120,100017,33,5,28,25,3
Chunhai Road,Shunchi Bridge,13546.71264,100017,100120,27,5,22,13,9
Anshan West Road,Magangchang,13546.47872,100003,100094,34,6,28,20,8
Magangchang,Anshan West Road,13546.47872,100094,100003,30,5,25,22,3
Xuefu Industrial Area,Tianjin Station,13545.84854,100163,100135,597,100,497,335,162
Tianjin Station,Xuefu Industrial Area,13545.84854,100135,100163,581,111,470,345,125
Xianyang Road,Laoshan Road,13544.77669,100153,100082,128,24,104,81,23
Laoshan Road,Xianyang Road,13544.77669,100082,100153,115,21,94,64,30
Jinshi Bridge,Lijiang Road,13543.01813,100076,100085,28,0,28,24,4
Lijiang Road,Jinshi Bridge,13543.01813,100085,100076,21,2,19,14,5
High-Tech Zone,Dawang Zhuang,13542.94017,100054,100023,222,45,177,132,45
Dawang Zhuang,High-Tech Zone,13542.94017,100023,100054,179,47,132,96,36
Fengchan River,Shiyijing Road,13541.83698,100039,100117,18,8,10,7,3
Shiyijing Road,Fengchan River,13541.83698,100117,100039,17,3,14,6,8
Nancuiping,Liulin Road,13539.43177,100100,100089,15,4,11,7,4
Liulin Road,Nancuiping,13539.43177,100089,100100,13,6,7,5,2
Yangwu Zhuang,Xianyang Road,13539.17979,100169,100153,98,18,80,61,19
Xianyang Road,Yangwu Zhuang,13539.17979,100153,100169,94,15,79,53,26
Lijiang Road,Northwest Corner,13537.67114,100085,100109,46,10,36,16,20
Northwest Corner,Lijiang Road,13537.67114,100109,100085,40,9,31,21,10
Yutai,Jin Street,13535.97595,100183,100070,46,7,39,33,6
Jin Street,Yutai,13535.97595,100070,100183,40,11,29,14,15
Huanyu Road,Jinshi Bridge,13535.83136,100059,100076,1,1,0,0,0
Dongting Road,Southeast Corner,13535.74665,100034,100123,45,12,33,26,7
Southeast Corner,Dongting Road,13535.74665,100123,100034,33,10,23,8,15
Beining Park,Meijiang Exhibition Centre,13535.05844,100006,100095,146,77,69,26,43
Meijiang Exhibition Centre,Beining Park,13535.05844,100095,100006,139,52,87,54,33
Hangshuang Road,Cultural centre,13534.91323,100051,100020,28,0,28,24,4
Cultural centre,Hangshuang Road,13534.91323,100020,100051,23,0,23,19,4
Xinkai River,University town,13534.16875,100160,100143,94,30,64,40,24
University town,Xinkai River,13534.16875,100143,100160,86,24,62,42,20
Xuzhuangzi,Airport Economic Zone,13534.09816,100168,100001,43,13,30,25,5
Airport Economic Zone,Xuzhuangzi,13534.09816,100001,100168,21,6,15,10,5
Jiangwan Erzhi Road,Bei Zhulin,13534.08741,100065,100004,3,2,1,0,1
Jinghe Road,Xiaobailou,13533.80172,100071,100154,127,23,104,78,26
Xiaobailou,Jinghe Road,13533.80172,100154,100071,125,25,100,54,46
Zhanggui Zhuang,Xinkai River,13531.72786,100184,100160,8,4,4,1,3
Xinkai River,Zhanggui Zhuang,13531.72786,100160,100184,5,3,2,0,2
Shiyijing Road,Shuanggang,13530.70664,100117,100118,48,7,41,20,21
Shuanggang,Shiyijing Road,13530.70664,100118,100117,46,3,43,33,10
Zhongshan Gate,Tianshili,13530.19534,100189,100136,60,9,51,45,6
Tianshili,Zhongshan Gate,13530.19534,100136,100189,51,12,39,33,6
Wujiayao,Guoshan Road,13529.94571,100150,100047,64,9,55,42,13
Guoshan Road,Wujiayao,13529.94571,100047,100150,53,6,47,37,10
Cultural centre,Jiayuan Li,13527.08824,100020,100067,290,95,195,118,77
Jiayuan Li,Cultural centre,13527.08824,100067,100020,284,91,193,121,72
Zhicheng Road,Wangdingdi,13526.56444,100187,100145,50,19,31,23,8
Wangdingdi,Zhicheng Road,13526.56444,100145,100187,45,15,30,21,9
Zhaoyuan Road,Yuanyang International Centre,13526.03079,100186,100179,21,1,20,14,6
Yuanyang International Centre,Zhaoyuan Road,13526.03079,100179,100186,20,3,17,10,7
Shunchi Bridge,Shuanglin,13524.58671,100120,100119,43,21,22,8,14
Shuanglin,Shunchi Bridge,13524.58671,100119,100120,35,10,25,16,9
Weishan Road,Tiantuo,13522.26309,100148,100138,15,3,12,11,1
Tiantuo,Weishan Road,13522.26309,100138,100148,9,3,6,3,3
Chinese Medicine First Affiliated Hospital,Xuefu Industrial Area,13520.43053,100016,100163,60,13,47,42,5
Xuefu Industrial Area,Chinese Medicine First Affiliated Hospital,13520.43053,100163,100016,60,12,48,25,23
Hangshuang Road,Gulou,13519.40511,100051,100045,58,11,47,34,13
Gulou,Hangshuang Road,13519.40511,100045,100051,50,9,41,33,8
Lingbin Road,Jianchang Road,13517.94812,100087,100063,108,24,84,56,28
Jianchang Road,Lingbin Road,13517.94812,100063,100087,103,22,81,61,20
Guoshan Road,Tianjin Hotel,13517.72154,100047,100134,51,7,44,31,13
Tianjin Hotel,Guoshan Road,13517.72154,100134,100047,43,9,34,26,8
Yudongcheng,Lingbin Road,13515.16017,100180,100087,135,25,110,72,38
Lingbin Road,Yudongcheng,13515.16017,100087,100180,116,20,96,60,36
Yuejin North Road,Jianshan Road,13515.10197,100181,100066,30,4,26,20,6
Jianshan Road,Yuejin North Road,13515.10197,100066,100181,22,2,20,15,5
Yuejin North Road,Xuzhuangzi,13514.74187,100181,100168,8,2,6,6,0
Xuzhuangzi,Yuejin North Road,13514.74187,100168,100181,4,3,1,1,0
Tianjin Hotel,Xinli,13512.75372,100134,100161,128,19,109,80,29
Xinli,Tianjin Hotel,13512.75372,100161,100134,124,20,104,81,23
Sports Centre,Zhangxing Zhuang,13512.40048,100126,100185,138,30,108,67,41
Zhangxing Zhuang,Sports Centre,13512.40048,100185,100126,131,31,100,64,36
Meijiang Road,Laoshan Road,13508.78616,100097,100082,4,0,4,3,1
Laoshan Road,Meijiang Road,13508.78616,100082,100097,3,0,3,1,2
Cao Zhuang,Chenglin Road,13508.01397,100011,100014,364,80,284,170,114
Chenglin Road,Cao Zhuang,13508.01397,100014,100011,323,74,249,161,88
Chinese Medicine First Affiliated Hospital,North Station,13506.71449,100016,100108,130,31,99,49,50
North Station,Chinese Medicine First Affiliated Hospital,13506.71449,100108,100016,111,38,73,39,34
Fuxing Road,Yutai,13504.84087,100042,100183,8,0,8,2,6
Yutai,Fuxing Road,13504.84087,100183,100042,6,0,6,6,0
Xuefu Industrial Area,Fuxing Road,13499.88408,100163,100042,63,2,61,49,12
Fuxing Road,Xuefu Industrial Area,13499.88408,100042,100163,60,3,57,50,7
Xuzhou Road,Shuanglin,13499.61201,100167,100119,7,5,2,1,1
Shuanglin,Xuzhou Road,13499.61201,100119,100167,2,0,2,1,1
Lushui Road,Huayuan,13498.77729,100093,100061,406,33,373,315,58
Huayuan,Lushui Road,13498.77729,100061,100093,392,32,360,282,78
Meilin Road,Erwei Road,13497.27322,100098,100036,46,8,38,28,10
Erwei Road,Meilin Road,13497.27322,100036,100098,42,5,37,22,15
Jianshan Road,Longhan Road,13496.44965,100066,100092,2,0,2,2,0
Longhan Road,Xuzhuangzi,13496.08956,100092,100168,1,1,0,0,0
Liaohe North Road,Tian Tower,13496.05771,100084,100133,101,25,76,44,32
Tian Tower,Liaohe North Road,13496.05771,100133,100084,95,31,64,30,34
Yaohuan Road,Dengzhou South Road,13492.43188,100170,100025,41,10,31,20,11
Dengzhou South Road,Yaohuan Road,13492.43188,100025,100170,39,7,32,20,12
Zhaoyuan Road,Cultural centre,13491.53674,100186,100020,9,3,6,4,2
Cultural centre,Zhaoyuan Road,13491.53674,100020,100186,2,1,1,1,0
Nansun Zhuang,Taichang Road,13488.63621,100103,100128,12,6,6,4,2
Taichang Road,Nansun Zhuang,13488.63621,100128,100103,6,1,5,1,4
JinZhong River Street,Zhanggui Zhuang,13487.9299,100079,100184,126,31,95,60,35
Zhanggui Zhuang,JinZhong River Street,13487.9299,100184,100079,119,36,83,57,26
Xinkai River,North Beichen Tech Park,13487.11763,100160,100106,19,6,13,12,1
North Beichen Tech Park,Xinkai River,13487.11763,100106,100160,16,3,13,10,3
Yixingbu,Tumour Hospital,13486.96118,100175,100141,160,23,137,96,41
Tumour Hospital,Yixingbu,13486.96118,100141,100175,151,20,131,64,67
Youyi South Road,People's Hospital,13486.48197,100178,100111,2,0,2,0,2
Tiantai Road,Chinese Medicine First Affiliated Hospital,13485.69439,100137,100016,219,42,177,107,70
Chinese Medicine First Affiliated Hospital,Tiantai Road,13485.69439,100016,100137,216,43,173,69,104
Tiantuo,Yihao Bridge,13484.95596,100138,100172,59,6,53,37,16
Yihao Bridge,Tiantuo,13484.95596,100172,100138,56,7,49,32,17
Ruijing XinYuan,Wujiayao,13484.43178,100114,100150,517,96,421,324,97
Wujiayao,Ruijing XinYuan,13484.43178,100150,100114,507,106,401,249,152
Cao Zhuang,Nanlou,13483.71647,100011,100102,550,113,437,307,130
Nanlou,Cao Zhuang,13483.71647,100102,100011,523,106,417,269,148
Yudongcheng,Zhanggui Zhuang,13482.26679,100180,100184,65,13,52,25,27
Zhanggui Zhuang,Yudongcheng,13482.26679,100184,100180,51,9,42,28,14
Yutai,West Station,13480.17935,100183,100149,53,22,31,20,11
West Station,Yutai,13480.17935,100149,100183,51,18,33,14,19
Jiefang South Road,Jianguo Road,13480.13051,100068,100064,115,34,81,51,30
Jianguo Road,Jiefang South Road,13480.13051,100064,100068,108,25,83,52,31
Chunhai Road,Zhongshan Gate,13479.8674,100017,100189,1,1,0,0,0
Lijiang Road,Xuefu Industrial Area,13478.95961,100085,100163,8,1,7,5,2
Xuefu Industrial Area,Lijiang Road,13478.95961,100163,100085,5,0,5,4,1
Yuejin North Road,Yihao Bridge,13478.70613,100181,100172,3,3,0,0,0
Yihao Bridge,Yuejin North Road,13478.70613,100172,100181,1,1,0,0,0
Wandong Road,Tiantuo,13478.38101,100144,100138,76,10,66,59,7
Tiantuo,Wandong Road,13478.38101,100138,100144,59,8,51,42,9
Beiyangyuan Campus of Tianjin University,Leyuan Road,13477.7651,100007,100083,395,189,206,90,116
Leyuan Road,Beiyangyuan Campus of Tianjin University,13477.7651,100083,100007,308,137,171,45,126
Jieyuan West Road,Chentang Zhuang,13477.16579,100069,100015,294,55,239,198,41
Chentang Zhuang,Jieyuan West Road,13477.16579,100015,100069,284,56,228,153,75
Jintang Road,Benxi Road,13476.73143,100077,100008,187,48,139,87,52
Benxi Road,Jintang Road,13476.73143,100008,100077,184,45,139,81,58
Binhai International Airport,JinZhong River Street,13476.60571,100010,100079,165,47,118,31,87
JinZhong River Street,Binhai International Airport,13476.60571,100079,100010,160,56,104,44,60
Yudongcheng,Hongqi South Road,13476.12863,100180,100057,411,97,314,218,96
Hongqi South Road,Yudongcheng,13476.12863,100057,100180,310,61,249,167,82
Nanlou,Jiayuan Li,13475.72916,100102,100067,662,120,542,292,250
Jiayuan Li,Nanlou,13475.72916,100067,100102,654,121,533,380,153
Southeast Corner,Nansun Zhuang,13475.38272,100123,100103,3,0,3,0,3
Nansun Zhuang,Southeast Corner,13475.38272,100103,100123,2,1,1,1,0
Meilin Road,Jin Street,13474.22994,100098,100070,49,6,43,29,14
Jin Street,Meilin Road,13474.22994,100070,100098,48,10,38,22,16
Xiaobailou,Dabi Zhuang,13472.63986,100154,100021,176,52,124,63,61
Dabi Zhuang,Xiaobailou,13472.63986,100021,100154,162,54,108,71,37
Ruijing XinYuan,Hongqi South Road,13472.34948,100114,100057,278,91,187,121,66
Hongqi South Road,Ruijing XinYuan,13472.34948,100057,100114,198,57,141,79,62
Hangshuang Road,Xikang Road,13472.11291,100051,100158,34,3,31,25,6
Xikang Road,Hangshuang Road,13472.11291,100158,100051,27,3,24,23,1
Leyuan Road,Dabi Zhuang,13471.98669,100083,100021,37,14,23,10,13
Dabi Zhuang,Leyuan Road,13471.98669,100021,100083,23,7,16,5,11
Gulou,Lijiang Road,13471.30232,100045,100085,34,17,17,5,12
Lijiang Road,Gulou,13471.30232,100085,100045,31,11,20,8,12
Shaliu South Road,Yutai,13471.17782,100116,100183,51,13,38,31,7
Yutai,Shaliu South Road,13471.17782,100183,100116,40,10,30,22,8
Xuelian South Road,Anshan Road,13470.18428,100164,100002,51,11,40,21,19
Anshan Road,Xuelian South Road,13470.18428,100002,100164,35,6,29,16,13
Bianxing,High-Tech Zone,13468.04237,100009,100054,167,5,162,150,12
High-Tech Zone,Bianxing,13468.04237,100054,100009,151,7,144,116,28
Liuyuan,Yuanyang International Centre,13467.91119,100091,100179,806,200,606,395,211
Yuanyang International Centre,Liuyuan,13467.91119,100179,100091,751,156,595,375,220
Chinese Medicine First Affiliated Hospital,Gulou,13467.85005,100016,100045,295,96,199,76,123
Gulou,Chinese Medicine First Affiliated Hospital,13467.85005,100045,100016,268,87,181,64,117
Cuifu New Village,Benxi Road,13466.96736,100019,100008,95,28,67,40,27
Benxi Road,Cuifu New Village,13466.96736,100008,100019,68,17,51,25,26
Magangchang,Xingfu Park,13466.45033,100094,100159,30,12,18,12,6
Xingfu Park,Magangchang,13466.45033,100159,100094,22,6,16,7,9
Yudongcheng,Dongli Sanjing Road,13466.24004,100180,100032,174,7,167,157,10
Dongli Sanjing Road,Yudongcheng,13466.24004,100032,100180,148,5,143,120,23
North Station,Lijiang Road,13465.24357,100108,100085,80,66,14,7,7
Lijiang Road,North Station,13465.24357,100085,100108,77,5,72,15,57
Liaohe North Road,Cultural centre,13464.07007,100084,100020,158,59,99,65,34
Cultural centre,Liaohe North Road,13464.07007,100020,100084,142,60,82,43,39
Sports Centre,Cao Zhuang,13463.08901,100126,100011,118,41,77,38,39
Cao Zhuang,Sports Centre,13463.08901,100011,100126,74,21,53,33,20
Longhan Road,Yihao Bridge,13460.05382,100092,100172,1,1,0,0,0
Dabi Zhuang,Southwest Tower,13458.19294,100021,100125,251,49,202,152,50
Southwest Tower,Dabi Zhuang,13458.19294,100125,100021,224,41,183,104,79
Hongni River East,Zhigu,13458.1147,100056,100188,79,11,68,51,17
Zhigu,Hongni River East,13458.1147,100188,100056,65,9,56,31,25
Zhigu,High-Tech Zone,13458.08966,100188,100054,180,28,152,124,28
High-Tech Zone,Zhigu,13458.08966,100054,100188,161,32,129,90,39
Gulou,Airport Economic Zone,13457.70652,100045,100001,2105,734,1371,758,613
Airport Economic Zone,Gulou,13457.70652,100001,100045,1922,631,1291,751,540
Dongli Culture and Sports Centre,Xuzhou Road,13456.901,100029,100167,34,13,21,17,4
Xuzhou Road,Dongli Culture and Sports Centre,13456.901,100167,100029,26,3,23,10,13
Number Two Bridge,Siyuan Road,13455.83529,100110,100121,7,1,6,3,3
Siyuan Road,Number Two Bridge,13455.83529,100121,100110,6,2,4,4,0
Jianshan Road,Lilou,13453.63428,100066,100086,12,0,12,8,4
Lilou,Jianshan Road,13453.63428,100086,100066,2,0,2,2,0
Jianchang Road,Hangshuang Road,13450.9584,100063,100051,30,1,29,28,1
Hangshuang Road,Jianchang Road,13450.9584,100051,100063,25,0,25,23,2
Bianxing,Dongxing Road,13448.2978,100009,100035,86,9,77,61,16
Dongxing Road,Bianxing,13448.2978,100035,100009,73,11,62,41,21
Jiefang South Road,Xuzhou Road,13448.03378,100068,100167,18,1,17,17,0
Xuzhou Road,Jiefang South Road,13448.03378,100167,100068,15,4,11,7,4
Xuefu Industrial Area,Zuojiang Road,13447.19819,100163,100192,45,4,41,35,6
Zuojiang Road,Xuefu Industrial Area,13447.19819,100192,100163,42,1,41,35,6
Yingkou Road,Professional University,13446.16132,100174,100112,1986,741,1245,486,759
Professional University,Yingkou Road,13446.16132,100112,100174,1973,751,1222,609,613
Wujiayao,Meilin Road,13445.9816,100150,100098,134,17,117,71,46
Meilin Road,Wujiayao,13445.9816,100098,100150,129,15,114,99,15
Shuanglin,Guoshan Road,13445.90453,100119,100047,12,0,12,10,2
Guoshan Road,Shuanglin,13445.90453,100047,100119,1,0,1,1,0
Tiantai Road,Lijiang Road,13444.22347,100137,100085,61,39,22,15,7
Lijiang Road,Tiantai Road,13444.22347,100085,100137,40,1,39,15,24
Beichen Road,Yuanyang International Centre,13443.20573,100005,100179,187,47,140,96,44
Yuanyang International Centre,Beichen Road,13443.20573,100179,100005,186,38,148,83,65
Xuzhuangzi,Jieyuan West Road,13443.12514,100168,100069,65,11,54,38,16
Jieyuan West Road,Xuzhuangzi,13443.12514,100069,100168,46,6,40,30,10
Huashan Li,Jiefang South Road,13443.00626,100060,100068,7,2,5,3,2
Jiefang South Road,Huashan Li,13443.00626,100068,100060,7,4,3,0,3
Magangchang,Tianjin Station,13442.29063,100094,100135,265,84,181,110,71
Tianjin Station,Magangchang,13442.29063,100135,100094,262,82,180,84,96
Huashan Li,North Station,13441.79539,100060,100108,116,33,83,57,26
North Station,Huashan Li,13441.79539,100108,100060,113,42,71,40,31
Yueya River,The Financial University,13439.19392,100182,100132,152,36,116,65,51
The Financial University,Yueya River,13439.19392,100132,100182,139,30,109,59,50
Liuyuan,Xiaobailou,13436.76169,100091,100154,5379,1001,4378,3258,1120
Xiaobailou,Liuyuan,13436.76169,100154,100091,4606,883,3723,2412,1311
Shunchi Bridge,Jiefang South Road,13435.32796,100120,100068,103,26,77,40,37
Jiefang South Road,Shunchi Bridge,13435.32796,100068,100120,95,33,62,27,35
Xinkai River,Yaohuan Road,13434.7607,100160,100170,12,3,9,6,3
Yaohuan Road,Xinkai River,13434.7607,100170,100160,9,2,7,6,1
Yuejin North Road,Erwei Road,13432.41024,100181,100036,42,7,35,31,4
Erwei Road,Yuejin North Road,13432.41024,100036,100181,28,2,26,12,14
Yixingbu,Ruijing XinYuan,13431.84699,100175,100114,77,19,58,31,27
Ruijing XinYuan,Yixingbu,13431.84699,100114,100175,74,21,53,25,28
Liqi Zhuang South,Jingjiang Road,13430.87714,100088,100072,88,16,72,59,13
Jingjiang Road,Liqi Zhuang South,13430.87714,100072,100088,74,14,60,44,16
Bei Zhulin,Meijiang Exhibition Centre,13428.50509,100004,100095,66,35,31,13,18
Meijiang Exhibition Centre,Bei Zhulin,13428.50509,100095,100004,44,24,20,10,10
South Station,Changhong Park,13428.00296,100122,100012,557,126,431,237,194
Changhong Park,South Station,13428.00296,100012,100122,444,129,315,178,137
Yueya River,Wangdingdi,13425.56189,100182,100145,50,12,38,26,12
Wangdingdi,Yueya River,13425.56189,100145,100182,41,12,29,21,8
West Station,Xiangshan Road,13425.43434,100149,100151,180,55,125,40,85
Xiangshan Road,West Station,13425.43434,100151,100149,113,39,74,29,45
West Station,Wanshan Road,13423.89833,100149,100146,24,6,18,3,15
Wanshan Road,West Station,13423.89833,100146,100149,21,7,14,7,7
Dongli Development Zone,Steel Tube Company,13422.40064,100030,100127,1449,281,1168,818,350
Steel Tube Company,Dongli Development Zone,13422.40064,100127,100030,1344,255,1089,794,295
Jingjiang Road,Jiayuan Li,13420.4217,100072,100067,187,39,148,91,57
Jiayuan Li,Jingjiang Road,13420.4217,100067,100072,152,25,127,91,36
Xiaobailou,Hongni River East,13418.54543,100154,100056,677,101,576,395,181
Hongni River East,Xiaobailou,13418.54543,100056,100154,674,112,562,457,105
Xueyuan North Road,Tumour Hospital,13418.18482,100165,100141,2,0,2,0,2
Tumour Hospital,Xueyuan North Road,13418.18482,100141,100165,1,0,1,0,1
Fuxing Gate,Honghu Li,13417.06631,100041,100055,392,92,300,165,135
Honghu Li,Fuxing Gate,13417.06631,100055,100041,384,107,277,184,93
Dengzhou Road,Nanhe Zhuang,13416.65705,100024,100101,10,5,5,2,3
Nanhe Zhuang,Dengzhou Road,13416.65705,100101,100024,8,4,4,2,2
Jingli Road,Lingbin Road,13416.34513,100073,100087,42,2,40,37,3
Lingbin Road,Jingli Road,13416.34513,100087,100073,37,3,34,26,8
JinZhong River Street,Meijiang Park,13413.64899,100079,100096,35,14,21,8,13
Meijiang Park,JinZhong River Street,13413.64899,100096,100079,22,8,14,7,7
Yixingbu,Dengzhou South Road,13409.90103,100175,100025,34,7,27,23,4
Dengzhou South Road,Yixingbu,13409.90103,100025,100175,31,5,26,24,2
Xuelian South Road,Dawang Zhuang,13408.727,100164,100023,2,1,1,0,1
Nanlou,Dongli Development Zone,13405.90425,100102,100030,135,24,111,79,32
Dongli Development Zone,Nanlou,13405.90425,100030,100102,96,27,69,51,18
Wandong Road,Huayuan,13405.86924,100144,100061,150,11,139,128,11
Huayuan,Wandong Road,13405.86924,100061,100144,129,10,119,90,29
West Station,Fangshan Road,13404.19351,100149,100038,67,29,38,25,13
Fangshan Road,West Station,13404.19351,100038,100149,45,21,24,14,10
Southwest corner,Xuefu Industrial Area,13404.05606,100124,100163,143,13,130,113,17
Xuefu Industrial Area,Southwest corner,13404.05606,100163,100124,120,8,112,81,31
Chinese Medicine First Affiliated Hospital,Jinshi Bridge,13403.93617,100016,100076,148,31,117,57,60
Jinshi Bridge,Chinese Medicine First Affiliated Hospital,13403.93617,100076,100016,147,33,114,70,44
Yingkou Road,Airport Economic Zone,13403.82713,100174,100001,2805,1054,1751,912,839
Airport Economic Zone,Yingkou Road,13403.82713,100001,100174,2713,1051,1662,1009,653
Ruijing XinYuan,Zhicheng Road,13397.93982,100114,100187,39,11,28,14,14
Zhicheng Road,Ruijing XinYuan,13397.93982,100187,100114,36,9,27,10,17
Nanlou,High-Tech Zone,13397.68659,100102,100054,323,36,287,208,79
High-Tech Zone,Nanlou,13397.68659,100054,100102,299,35,264,184,80
University town,Shiyijing Road,13396.11438,100143,100117,394,74,320,221,99
Shiyijing Road,University town,13396.11438,100117,100143,374,74,300,165,135
Youyi South Road,Guoshan Road,13394.97605,100178,100047,21,1,20,15,5
Guoshan Road,Youyi South Road,13394.97605,100047,100178,18,3,15,10,5
Sports Centre,Zhanggui Zhuang,13394.95345,100126,100184,234,56,178,106,72
Zhanggui Zhuang,Sports Centre,13394.95345,100184,100126,204,66,138,97,41
Lilou,Anshan Road,13394.57854,100086,100002,1629,299,1330,952,378
Anshan Road,Lilou,13394.57854,100002,100086,1460,294,1166,605,561
Jin Street,Professional University,13394.2487,100070,100112,303,82,221,83,138
Professional University,Jin Street,13394.2487,100112,100070,299,81,218,110,108
Haihe East Road,Xikang Road,13392.78989,100049,100158,1,0,1,1,0
Nancuiping,Zhangxing Zhuang,13392.56325,100100,100185,21,5,16,14,2
Zhangxing Zhuang,Nancuiping,13392.56325,100185,100100,21,2,19,14,5
Huaihe Road,Xiaobailou,13392.2872,100058,100154,270,42,228,175,53
Xiaobailou,Huaihe Road,13392.2872,100154,100058,257,32,225,160,65
JinZhong River Street,Xuelian South Road,13392.10802,100079,100164,7,2,5,2,3
Xuelian South Road,JinZhong River Street,13392.10802,100164,100079,1,1,0,0,0
Chinese Medicine First Affiliated Hospital,Jieyuan West Road,13391.53161,100016,100069,179,52,127,54,73
Jieyuan West Road,Chinese Medicine First Affiliated Hospital,13391.53161,100069,100016,122,33,89,46,43
Shuanglin,Southeast Corner,13390.5515,100119,100123,494,203,291,190,101
Southeast Corner,Shuanglin,13390.5515,100123,100119,445,194,251,137,114
Weishan Road,Southeast Corner,13389.99114,100148,100123,79,31,48,26,22
Southeast Corner,Weishan Road,13389.99114,100123,100148,77,31,46,20,26
Nanzhu Bridge,Wujiayao,13389.80641,100104,100150,5,2,3,2,1
Wujiayao,Nanzhu Bridge,13389.80641,100150,100104,2,0,2,0,2
Xinkai River,Dengzhou South Road,13389.7643,100160,100025,20,5,15,7,8
Dengzhou South Road,Xinkai River,13389.7643,100025,100160,11,4,7,5,2
Fangshan Road,Liqi Zhuang South,13386.47363,100038,100088,4,0,4,4,0
Liqi Zhuang South,Fangshan Road,13386.47363,100088,100038,2,0,2,2,0
Dabi Zhuang,Fengchan River,13386.12843,100021,100039,6,1,5,1,4
Fengchan River,Dabi Zhuang,13386.12843,100039,100021,5,2,3,3,0
Dongli Culture and Sports Centre,Guoshan Road,13385.85907,100029,100047,9,3,6,3,3
Guoshan Road,Dongli Culture and Sports Centre,13385.85907,100047,100029,6,2,4,3,1
Zhou and Deng Memorial Museum,Wanshan Road,13385.12049,100191,100146,10,2,8,3,5
Wanshan Road,Zhou and Deng Memorial Museum,13385.12049,100146,100191,2,0,2,2,0
Zhigu,Jinghe Road,13382.39022,100188,100071,40,5,35,10,25
Jinghe Road,Zhigu,13382.39022,100071,100188,34,4,30,17,13
Professional University,Shiyijing Road,13380.37156,100112,100117,197,32,165,120,45
Shiyijing Road,Professional University,13380.37156,100117,100112,173,24,149,90,59
Yangwu Zhuang,Guangkaisima Road,13379.13713,100169,100044,63,15,48,34,14
Guangkaisima Road,Yangwu Zhuang,13379.13713,100044,100169,53,15,38,21,17
JinZhong Street,Xianyang Road,13378.84919,100080,100153,111,20,91,70,21
Xianyang Road,JinZhong Street,13378.84919,100153,100080,109,19,90,57,33
Heping Road,Yangwu Zhuang,13378.71745,100053,100169,1187,445,742,334,408
Yangwu Zhuang,Heping Road,13378.71745,100169,100053,925,273,652,445,207
Heping Road,Zhaoyuan Road,13377.74484,100053,100186,62,11,51,20,31
Zhaoyuan Road,Heping Road,13377.74484,100186,100053,46,15,31,21,10
Fuxing Gate,University of Civil Aviation,13377.56645,100041,100142,19,3,16,6,10
University of Civil Aviation,Fuxing Gate,13377.56645,100142,100041,17,1,16,8,8
Xiangshan Road,Tumour Hospital,13377.07581,100151,100141,92,13,79,50,29
Tumour Hospital,Xiangshan Road,13377.07581,100141,100151,80,13,67,27,40
Lijiang Road,Dengzhou Road,13376.59109,100085,100024,61,16,45,38,7
Dengzhou Road,Lijiang Road,13376.59109,100024,100085,32,14,18,16,2
Meijiang Exhibition Centre,Fuxing Road,13376.54681,100095,100042,116,52,64,45,19
Fuxing Road,Meijiang Exhibition Centre,13376.54681,100042,100095,115,50,65,44,21
Foreign Languages High School,Meijiang Park,13375.01883,100040,100096,20,0,20,14,6
Meijiang Park,Foreign Languages High School,13375.01883,100096,100040,11,0,11,4,7
Guoshan Road,Leyuan Road,13374.73263,100047,100083,9,3,6,3,3
Leyuan Road,Guoshan Road,13374.73263,100083,100047,8,3,5,2,3
Longhan Road,Erwei Road,13374.63698,100092,100036,10,2,8,2,6
Erwei Road,Longhan Road,13374.63698,100036,100092,5,2,3,1,2
Yuejin North Road,Wujiayao,13374.03038,100181,100150,90,16,74,58,16
Wujiayao,Yuejin North Road,13374.03038,100150,100181,85,13,72,47,25
Jinshi Bridge,Meijiang Exhibition Centre,13373.76051,100076,100095,165,79,86,60,26
Meijiang Exhibition Centre,Jinshi Bridge,13373.76051,100095,100076,128,59,69,44,25
Xiangshan Road,Number Two Bridge,13372.4687,100151,100110,1,1,0,0,0
Meijiang Exhibition Centre,Gulou,13370.5218,100095,100045,295,121,174,112,62
Gulou,Meijiang Exhibition Centre,13370.5218,100045,100095,266,101,165,77,88
Leyuan Road,Xinli,13369.76481,100083,100161,16,4,12,1,11
Xinli,Leyuan Road,13369.76481,100161,100083,10,4,6,1,5
Xiaodian,JinZhong Street,13368.47836,100155,100080,22,4,18,15,3
JinZhong Street,Xiaodian,13368.47836,100080,100155,21,9,12,12,0
JinZhong Street,Haiguang Temple,13366.8174,100080,100048,438,95,343,272,71
Haiguang Temple,JinZhong Street,13366.8174,100048,100080,410,82,328,205,123
Fangshan Road,Zhou and Deng Memorial Museum,13365.41567,100038,100191,16,2,14,10,4
Zhou and Deng Memorial Museum,Fangshan Road,13365.41567,100191,100038,15,2,13,8,5
Changhong Park,Dongting Road,13364.93026,100012,100034,50,11,39,27,12
Dongting Road,Changhong Park,13364.93026,100034,100012,35,4,31,26,5
Liaohe North Road,Tiantuo,13362.47614,100084,100138,42,7,35,29,6
Tiantuo,Liaohe North Road,13362.47614,100138,100084,39,4,35,29,6
Xiaodian,Dawang Zhuang,13361.42382,100155,100023,67,17,50,38,12
Dawang Zhuang,Xiaodian,13361.42382,100023,100155,64,11,53,36,17
Professional University,Honghu Li,13360.26549,100112,100055,71,26,45,18,27
Honghu Li,Professional University,13360.26549,100055,100112,48,18,30,20,10
Bianxing,Liuyuan,13360.2642,100009,100091,90,23,67,36,31
Liuyuan,Bianxing,13360.2642,100091,100009,89,29,60,30,30
Zhanggui Zhuang,Huashan Li,13359.59033,100184,100060,9,3,6,3,3
Huashan Li,Zhanggui Zhuang,13359.59033,100060,100184,6,4,2,1,1
High-Tech Zone,Liuwei Road,13358.85932,100054,100090,35,6,29,23,6
Liuwei Road,High-Tech Zone,13358.85932,100090,100054,24,8,16,13,3
Beichen Road,JinZhong Street,13357.75413,100005,100080,61,16,45,29,16
JinZhong Street,Beichen Road,13357.75413,100080,100005,47,11,36,15,21
Shunchi Bridge,Beichen Road,13357.37421,100120,100005,67,14,53,37,16
Beichen Road,Shunchi Bridge,13357.37421,100005,100120,56,9,47,31,16
Liulin Road,Tian Tower,13356.0753,100089,100133,48,15,33,15,18
Tian Tower,Liulin Road,13356.0753,100133,100089,46,25,21,8,13
Jinshi Bridge,Yaohuan Road,13355.56735,100076,100170,36,13,23,16,7
Yaohuan Road,Jinshi Bridge,13355.56735,100170,100076,22,6,16,10,6
Zhongshan Gate,Yixingbu North,13354.35545,100189,100176,128,28,100,66,34
Yixingbu North,Zhongshan Gate,13354.35545,100176,100189,117,28,89,58,31
Foreign Languages High School,University town,13352.83816,100040,100143,107,9,98,59,39
University town,Foreign Languages High School,13352.83816,100143,100040,91,8,83,67,16
Jin Street,Xuelian South Road,13350.52378,100070,100164,24,3,21,17,4
Xuelian South Road,Jin Street,13350.52378,100164,100070,11,3,8,5,3
Northwest Corner,Yaohuan Road,13350.22036,100109,100170,107,20,87,53,34
Yaohuan Road,Northwest Corner,13350.22036,100170,100109,97,22,75,46,29
Zhicheng Road,Water Park Road East,13350.13647,100187,100147,84,45,39,24,15
Water Park Road East,Zhicheng Road,13350.13647,100147,100187,74,29,45,29,16
Lijiang Road,Jieyuan West Road,13350.06069,100085,100069,23,5,18,14,4
Jieyuan West Road,Lijiang Road,13350.06069,100069,100085,17,4,13,12,1
Jinghe Road,Changling Road,13347.73363,100071,100013,26,6,20,4,16
Changling Road,Jinghe Road,13347.73363,100013,100071,14,4,10,5,5
Chenglin Road,Dongli Yijing Road,13346.34384,100014,100033,6,3,3,0,3
Dongli Yijing Road,Chenglin Road,13346.34384,100033,100014,3,2,1,1,0
Foreign Languages High School,Guoshan Road,13346.03722,100040,100047,7,0,7,7,0
Guoshan Road,Foreign Languages High School,13346.03722,100047,100040,1,0,1,1,0
University town,North Station,13345.60358,100143,100108,778,169,609,380,229
North Station,University town,13345.60358,100108,100143,687,360,327,160,167
Yixingbu North,Zhou and Deng Memorial Museum,13345.49374,100176,100191,69,24,45,25,20
Zhou and Deng Memorial Museum,Yixingbu North,13345.49374,100191,100176,64,16,48,24,24
Benxi Road,Tucheng,13345.13504,100008,100140,931,227,704,461,243
Tucheng,Benxi Road,13345.13504,100140,100008,920,230,690,397,293
Fuxing Road,Laoshan Road,13344.60055,100042,100082,25,4,21,14,7
Laoshan Road,Fuxing Road,13344.60055,100082,100042,19,4,15,11,4
Shunchi Bridge,Xiaodian,13341.99134,100120,100155,37,5,32,22,10
Xiaodian,Shunchi Bridge,13341.99134,100155,100120,32,5,27,25,2
Xuefu Industrial Area,Haiguang Temple,13340.65847,100163,100048,343,22,321,254,67
Haiguang Temple,Xuefu Industrial Area,13340.65847,100048,100163,304,20,284,241,43
Yuejin North Road,Binhai International Airport,13340.5668,100181,100010,38,6,32,20,12
Binhai International Airport,Yuejin North Road,13340.5668,100010,100181,35,10,25,5,20
Wanshan Road,Lingbin Road,13340.41794,100146,100087,10,0,10,7,3
Lingbin Road,Wanshan Road,13340.41794,100087,100146,7,1,6,6,0
JinZhong River Street,North Beichen Tech Park,13339.93002,100079,100106,128,31,97,64,33
North Beichen Tech Park,JinZhong River Street,13339.93002,100106,100079,110,27,83,57,26
Southeast Corner,Jiefang South Road,13338.97326,100123,100068,358,149,209,118,91
Jiefang South Road,Southeast Corner,13338.97326,100068,100123,335,131,204,120,84
Tiantuo,Huashan Li,13338.7322,100138,100060,80,9,71,51,20
Huashan Li,Tiantuo,13338.7322,100060,100138,61,5,56,45,11
Shaliu South Road,Fuxing Road,13336.72658,100116,100042,8,3,5,5,0
Fuxing Road,Shaliu South Road,13336.72658,100042,100116,6,3,3,2,1
Zhicheng Road,Airport Economic Zone,13334.46659,100187,100001,237,42,195,161,34
Airport Economic Zone,Zhicheng Road,13334.46659,100001,100187,171,28,143,85,58
Qinjian Road,Wandong Road,13334.45562,100113,100144,93,10,83,51,32
Wandong Road,Qinjian Road,13334.45562,100144,100113,87,11,76,65,11
Xinli,Yuanyang International Centre,13333.96244,100161,100179,216,40,176,131,45
Yuanyang International Centre,Xinli,13333.96244,100179,100161,201,45,156,90,66
South Station,Tianjin Hotel,13333.66866,100122,100134,543,137,406,246,160
Tianjin Hotel,South Station,13333.66866,100134,100122,451,112,339,222,117
Yangwu Zhuang,Anshan Road,13331.70361,100169,100002,452,99,353,263,90
Anshan Road,Yangwu Zhuang,13331.70361,100002,100169,381,90,291,133,158
Guoshan Road,Tianshili,13331.45591,100047,100136,6,0,6,5,1
Tianshili,Guoshan Road,13331.45591,100136,100047,2,0,2,2,0
Zhou and Deng Memorial Museum,Tianshili,13330.97629,100191,100136,78,35,43,17,26
Tianshili,Zhou and Deng Memorial Museum,13330.97629,100136,100191,75,31,44,21,23
Yibin Road,Fuxing Gate,13330.8985,100171,100041,40,6,34,26,8
Fuxing Gate,Yibin Road,13330.8985,100041,100171,39,7,32,19,13
Minquan Gate,Hangshuang Road,13330.36962,100099,100051,27,1,26,25,1
Hangshuang Road,Minquan Gate,13330.36962,100051,100099,25,1,24,21,3
Qinjian Road,Chentang Zhuang,13330.2418,100113,100015,624,93,531,396,135
Chentang Zhuang,Qinjian Road,13330.2418,100015,100113,610,112,498,357,141
Liulin Road,Southwest corner,13326.52832,100089,100124,111,26,85,41,44
Southwest corner,Liulin Road,13326.52832,100124,100089,84,14,70,40,30
Yangwu Zhuang,Leyuan Road,13326.33259,100169,100083,139,57,82,46,36
Leyuan Road,Yangwu Zhuang,13326.33259,100083,100169,123,65,58,18,40
Lilou,Chenglin Road,13326.28816,100086,100014,122,16,106,86,20
Chenglin Road,Lilou,13326.28816,100014,100086,115,16,99,78,21
Jiangwan Erzhi Road,Erwei Road,13324.62504,100065,100036,21,3,18,13,5
Erwei Road,Jiangwan Erzhi Road,13324.62504,100036,100065,20,4,16,9,7
Dengzhou Road,Tumour Hospital,13323.0512,100024,100141,347,55,292,206,86
Tumour Hospital,Dengzhou Road,13323.0512,100141,100024,338,54,284,154,130
Lilou,Lingbin Road,13322.80427,100086,100087,63,10,53,40,13
Lingbin Road,Lilou,13322.80427,100087,100086,60,11,49,30,19
Nanlou,Jinghe Road,13321.98716,100102,100071,6,1,5,1,4
Jinghe Road,Nanlou,13321.98716,100071,100102,2,0,2,2,0
Number Two Bridge,Zhou and Deng Memorial Museum,13319.73187,100110,100191,66,23,43,33,10
Zhou and Deng Memorial Museum,Number Two Bridge,13319.73187,100191,100110,61,12,49,36,13
University town,Jintang Road,13319.11717,100143,100077,150,52,98,66,32
Jintang Road,University town,13319.11717,100077,100143,139,37,102,71,31
Anshan Road,Hangshuang Road,13317.34069,100002,100051,38,7,31,24,7
Hangshuang Road,Anshan Road,13317.34069,100051,100002,32,3,29,19,10
Longhan Road,Wujiayao,13316.25712,100092,100150,5,1,4,2,2
Wujiayao,Longhan Road,13316.25712,100150,100092,3,0,3,3,0
Jianshan Road,Tianshili,13316.07892,100066,100136,7,2,5,1,4
Tianshili,Jianshan Road,13316.07892,100136,100066,5,1,4,3,1
Siyuan Road,Zhou and Deng Memorial Museum,13316.02454,100121,100191,14,7,7,1,6
Zhou and Deng Memorial Museum,Siyuan Road,13316.02454,100191,100121,7,4,3,3,0
JinZhong Street,Zhongshan Gate,13311.30851,100080,100189,99,25,74,54,20
Zhongshan Gate,JinZhong Street,13311.30851,100189,100080,97,28,69,40,29
North China Group,Qinjian Road,13309.98476,100107,100113,263,117,146,100,46
Qinjian Road,North China Group,13309.98476,100113,100107,243,38,205,74,131
Fuxing Gate,Xianyang Road,13308.20002,100041,100153,178,28,150,105,45
Xianyang Road,Fuxing Gate,13308.20002,100153,100041,177,43,134,97,37
Changhong Park,Dabi Zhuang,13306.95071,100012,100021,189,48,141,84,57
Dabi Zhuang,Changhong Park,13306.95071,100021,100012,178,49,129,71,58
Dongli Yijing Road,Hangshuang Road,13306.19671,100033,100051,3,1,2,0,2
Hangshuang Road,Dongli Yijing Road,13306.19671,100051,100033,3,2,1,1,0
Zuojiang Road,Tiedong Road,13306.11204,100192,100139,17,5,12,7,5
Tiedong Road,Zuojiang Road,13306.11204,100139,100192,11,4,7,7,0
Benxi Road,Tianjin Hotel,13305.51119,100008,100134,203,42,161,127,34
Tianjin Hotel,Benxi Road,13305.51119,100134,100008,194,43,151,101,50
Liuyuan,Yizhongxin Hospital,13304.14215,100091,100177,708,144,564,359,205
Yizhongxin Hospital,Liuyuan,13304.14215,100177,100091,615,107,508,307,201
Dongli Liujing Road,Nanzhu Bridge,13301.7927,100031,100104,37,2,35,32,3
Nanzhu Bridge,Dongli Liujing Road,13301.7927,100104,100031,32,1,31,28,3
Jiangwan Erzhi Road,Jin Street,13301.58176,100065,100070,37,7,30,23,7
Jin Street,Jiangwan Erzhi Road,13301.58176,100070,100065,30,4,26,12,14
Yueya River,Bianxing,13298.51071,100182,100009,96,16,80,58,22
Bianxing,Yueya River,13298.51071,100009,100182,91,17,74,47,27
Chunhai Road,Xuzhou Road,13298.27706,100017,100167,10,3,7,4,3
Xuzhou Road,Chunhai Road,13298.27706,100167,100017,6,1,5,2,3
Shaliu South Road,People's Hospital,13298.00838,100116,100111,56,9,47,32,15
People's Hospital,Shaliu South Road,13298.00838,100111,100116,53,11,42,20,22
Lilou,Dawang Zhuang,13297.77556,100086,100023,102,17,85,69,16
Dawang Zhuang,Lilou,13297.77556,100023,100086,98,17,81,53,28
Xuzhuangzi,Yizhongxin Hospital,13297.32978,100168,100177,96,28,68,55,13
Yizhongxin Hospital,Xuzhuangzi,13297.32978,100177,100168,81,16,65,44,21
University town,Tucheng,13296.76772,100143,100140,454,142,312,175,137
Tucheng,University town,13296.76772,100140,100143,436,130,306,181,125
Second hospital of the Medical University,Haihe Education Zone,13296.44429,100115,100050,72,9,63,32,31
Haihe Education Zone,Second hospital of the Medical University,13296.44429,100050,100115,59,14,45,29,16
Xuefu Industrial Area,Yaohuan Road,13291.50883,100163,100170,34,1,33,28,5
Yaohuan Road,Xuefu Industrial Area,13291.50883,100170,100163,30,3,27,25,2
People's Hospital,Laoshan Road,13289.85403,100111,100082,54,6,48,20,28
Laoshan Road,People's Hospital,13289.85403,100082,100111,43,5,38,23,15
Southeast Corner,Nanhe Zhuang,13285.8066,100123,100101,68,23,45,15,30
Nanhe Zhuang,Southeast Corner,13285.8066,100101,100123,49,23,26,11,15
Xianyang Road,Liqi Zhuang South,13284.5215,100153,100088,32,6,26,15,11
Liqi Zhuang South,Xianyang Road,13284.5215,100088,100153,23,1,22,20,2
Gulou,Yaohuan Road,13283.85154,100045,100170,96,40,56,26,30
Yaohuan Road,Gulou,13283.85154,100170,100045,77,37,40,22,18
Lijiang Road,Hongni River East,13282.17078,100085,100056,19,6,13,6,7
Hongni River East,Lijiang Road,13282.17078,100056,100085,17,4,13,5,8
Zhaoyuan Road,Lingbin Road,13281.37686,100186,100087,8,0,8,4,4
Lingbin Road,Zhaoyuan Road,13281.37686,100087,100186,2,0,2,2,0
Yangwu Zhuang,Changling Road,13281.20606,100169,100013,27,3,24,20,4
Changling Road,Yangwu Zhuang,13281.20606,100013,100169,23,6,17,12,5
Yangwu Zhuang,People's Hospital,13279.89225,100169,100111,200,44,156,106,50
People's Hospital,Yangwu Zhuang,13279.89225,100111,100169,151,39,112,64,48
Nanhe Zhuang,Northwest Corner,13279.69246,100101,100109,123,56,67,35,32
Northwest Corner,Nanhe Zhuang,13279.69246,100109,100101,123,51,72,28,44
Xingfu Park,Huayuan,13279.20016,100159,100061,324,46,278,219,59
Huayuan,Xingfu Park,13279.20016,100061,100159,300,38,262,194,68
Yaohuan Road,North Station,13277.79279,100170,100108,17,4,13,5,8
North Station,Yaohuan Road,13277.79279,100108,100170,14,4,10,3,7
Zhongshan Road,Meijiang Park,13276.95046,100190,100096,20,7,13,7,6
Meijiang Park,Zhongshan Road,13276.95046,100096,100190,11,3,8,4,4
North China Group,Anshan Road,13276.76411,100107,100002,933,211,722,425,297
Anshan Road,North China Group,13276.76411,100002,100107,837,190,647,251,396
The Financial University,Zhou and Deng Memorial Museum,13273.65292,100132,100191,245,84,161,87,74
Zhou and Deng Memorial Museum,The Financial University,13273.65292,100191,100132,148,44,104,43,61
Zhaoyuan Road,Xinxing Village,13273.08122,100186,100162,1,0,1,0,1
Chinese Medicine First Affiliated Hospital,Shuanggang,13272.72883,100016,100118,98,17,81,35,46
Shuanggang,Chinese Medicine First Affiliated Hospital,13272.72883,100118,100016,61,16,45,22,23
Heping Road,Xiaodian,13272.10208,100053,100155,684,276,408,141,267
Xiaodian,Heping Road,13272.10208,100155,100053,571,227,344,174,170
Xiawafang,Jingli Road,13271.80397,100157,100073,193,33,160,104,56
Jingli Road,Xiawafang,13271.80397,100073,100157,169,28,141,96,45
Siyuan Road,Meijiang Road,13271.749,100121,100097,31,7,24,21,3
Meijiang Road,Siyuan Road,13271.749,100097,100121,14,6,8,1,7
Tiedong Road,Guoshan Road,13270.64247,100139,100047,38,7,31,19,12
Guoshan Road,Tiedong Road,13270.64247,100047,100139,28,9,19,9,10
Liulin Road,Jianguo Road,13270.45726,100089,100064,95,39,56,19,37
Jianguo Road,Liulin Road,13270.45726,100064,100089,77,19,58,25,33
Fuxing Road,Jiangwan Erzhi Road,13270.44668,100042,100065,11,6,5,5,0
Jiangwan Erzhi Road,Fuxing Road,13270.44668,100065,100042,11,4,7,7,0
Tucheng,Hangshuang Road,13269.90856,100140,100051,18,4,14,9,5
Hangshuang Road,Tucheng,13269.90856,100051,100140,12,0,12,2,10
The Financial University,Xinxing Village,13269.37899,100132,100162,6,1,5,5,0
Xinxing Village,The Financial University,13269.37899,100162,100132,4,0,4,3,1
Yueya River,Yingfeng Road,13268.74647,100182,100173,151,30,121,90,31
Yingfeng Road,Yueya River,13268.74647,100173,100182,133,22,111,75,36
Zhanggui Zhuang,Water Park Road East,13267.8536,100184,100147,82,44,38,27,11
Water Park Road East,Zhanggui Zhuang,13267.8536,100147,100184,67,29,38,24,14
Jiangwan Erzhi Road,Hangshuang Road,13267.49628,100065,100051,19,3,16,16,0
Hangshuang Road,Jiangwan Erzhi Road,13267.49628,100051,100065,10,1,9,7,2
Foreign Languages High School,Number Two Bridge,13267.00581,100040,100110,14,2,12,4,8
Number Two Bridge,Foreign Languages High School,13267.00581,100110,100040,13,2,11,8,3
Tianjin Station,Yutai,13265.88478,100135,100183,118,34,84,37,47
Yutai,Tianjin Station,13265.88478,100183,100135,105,24,81,51,30
JinZhong Street,Cultural centre,13264.10815,100080,100020,316,95,221,146,75
Cultural centre,JinZhong Street,13264.10815,100020,100080,281,92,189,98,91
Jinwan Square,University of Civil Aviation,13262.30175,100078,100142,113,64,49,9,40
University of Civil Aviation,Jinwan Square,13262.30175,100142,100078,44,25,19,12,7
Zuojiang Road,Zhanggui Zhuang,13260.99498,100192,100184,15,4,11,3,8
Zhanggui Zhuang,Zuojiang Road,13260.99498,100184,100192,14,3,11,6,5
Tiedong Road,Number Two Bridge,13260.8696,100139,100110,110,23,87,59,28
Number Two Bridge,Tiedong Road,13260.8696,100110,100139,96,16,80,62,18
Dabi Zhuang,Nanlou,13260.82531,100021,100102,53,11,42,28,14
Nanlou,Dabi Zhuang,13260.82531,100102,100021,44,10,34,13,21
Yuejin North Road,Zhicheng Road,13260.74761,100181,100187,29,8,21,13,8
Zhicheng Road,Yuejin North Road,13260.74761,100187,100181,22,6,16,9,7
Jingjiang Road,Cao Zhuang,13260.61474,100072,100011,1011,197,814,538,276
Cao Zhuang,Jingjiang Road,13260.61474,100011,100072,956,193,763,505,258
University town,Shunchi Bridge,13260.20081,100143,100120,320,85,235,147,88
Shunchi Bridge,University town,13260.20081,100120,100143,277,79,198,115,83
Yixingbu North,Jianshan Road,13259.88955,100176,100066,51,13,38,28,10
Jianshan Road,Yixingbu North,13259.88955,100066,100176,39,7,32,16,16
Liaohe North Road,Xiangshan Road,13259.26808,100084,100151,14,5,9,4,5
Xiangshan Road,Liaohe North Road,13259.26808,100151,100084,14,2,12,5,7
Huanyu Road,Gulou,13257.68442,100059,100045,9,2,7,4,3
Gulou,Huanyu Road,13257.68442,100045,100059,9,3,6,0,6
Tiantai Road,Yaohuan Road,13256.77269,100137,100170,27,8,19,14,5
Yaohuan Road,Tiantai Road,13256.77269,100170,100137,12,5,7,5,2
Shaliu South Road,Dabi Zhuang,13256.08002,100116,100021,35,7,28,15,13
Dabi Zhuang,Shaliu South Road,13256.08002,100021,100116,31,7,24,19,5
Liuyuan,Xikang Road,13255.29662,100091,100158,1094,223,871,578,293
Xikang Road,Liuyuan,13255.29662,100158,100091,1008,193,815,527,288
Taichang Road,Yutai,13254.2136,100128,100183,61,14,47,17,30
Yutai,Taichang Road,13254.2136,100183,100128,53,18,35,13,22
Bianxing,Changling Road,13253.41335,100009,100013,58,10,48,36,12
Changling Road,Bianxing,13253.41335,100013,100009,41,10,31,19,12
Jiefang South Road,University town,13253.2135,100068,100143,327,112,215,114,101
University town,Jiefang South Road,13253.2135,100143,100068,282,86,196,120,76
Dongli Liujing Road,Xiangshan Road,13251.7777,100031,100151,56,6,50,43,7
Xiangshan Road,Dongli Liujing Road,13251.7777,100151,100031,56,4,52,44,8
Huashan Li,Guoshan Road,13251.30482,100060,100047,7,3,4,2,2
Guoshan Road,Huashan Li,13251.30482,100047,100060,1,1,0,0,0
Longhan Road,Water Park Road East,13250.58006,100092,100147,4,0,4,4,0
Water Park Road East,Longhan Road,13250.58006,100147,100092,2,0,2,2,0
Yihao Bridge,Yizhongxin Hospital,13250.00583,100172,100177,98,14,84,71,13
Yizhongxin Hospital,Yihao Bridge,13250.00583,100177,100172,96,11,85,67,18
Foreign Languages High School,Wanshan Road,13249.08125,100040,100146,1,0,1,0,1
Nanhe Zhuang,Xiawafang,13248.91493,100101,100157,107,37,70,47,23
Xiawafang,Nanhe Zhuang,13248.91493,100157,100101,92,32,60,42,18
North China Group,Xikang Road,13247.51461,100107,100158,835,209,626,432,194
Xikang Road,North China Group,13247.51461,100158,100107,762,164,598,407,191
Changling Road,Minquan Gate,13247.39528,100013,100099,58,19,39,24,15
Minquan Gate,Changling Road,13247.39528,100099,100013,51,18,33,17,16
Lushui Road,Zhongshan Gate,13246.30092,100093,100189,29,12,17,8,9
Zhongshan Gate,Lushui Road,13246.30092,100189,100093,23,8,15,2,13
West Station,Jiangwan Erzhi Road,13245.78516,100149,100065,79,16,63,24,39
Jiangwan Erzhi Road,West Station,13245.78516,100065,100149,76,30,46,26,20
Yixingbu North,Guoshan Road,13244.36154,100176,100047,46,15,31,19,12
Guoshan Road,Yixingbu North,13244.36154,100047,100176,36,9,27,16,11
Zhicheng Road,Longhan Road,13242.0953,100187,100092,4,2,2,1,1
Longhan Road,Zhicheng Road,13242.0953,100092,100187,3,0,3,2,1
Meijiang Exhibition Centre,West Station,13242.09314,100095,100149,817,341,476,271,205
West Station,Meijiang Exhibition Centre,13242.09314,100149,100095,807,303,504,173,331
Liqi Zhuang South,High-Tech Zone,13241.17678,100088,100054,20,2,18,17,1
High-Tech Zone,Liqi Zhuang South,13241.17678,100054,100088,17,1,16,13,3
Bei Zhulin,Laoshan Road,13241.02428,100004,100082,5,4,1,1,0
Laoshan Road,Bei Zhulin,13241.02428,100082,100004,1,0,1,1,0
Hangshuang Road,Chentang Zhuang,13240.97306,100051,100015,14,0,14,12,2
Chentang Zhuang,Hangshuang Road,13240.97306,100015,100051,13,0,13,11,2
Northwest Corner,Fengchan River,13239.09028,100109,100039,84,23,61,27,34
Fengchan River,Northwest Corner,13239.09028,100039,100109,73,14,59,48,11
Tian Tower,Meilin Road,13236.72445,100133,100098,90,26,64,31,33
Meilin Road,Tian Tower,13236.72445,100098,100133,77,21,56,45,11
Liqi Zhuang South,Haiguang Temple,13236.71025,100088,100048,43,8,35,18,17
Haiguang Temple,Liqi Zhuang South,13236.71025,100048,100088,41,7,34,14,20
Dengzhou Road,Xunhai Road,13236.66391,100024,100166,13,5,8,5,3
Xunhai Road,Dengzhou Road,13236.66391,100166,100024,11,3,8,4,4
Laoshan Road,Yaohuan Road,13235.13385,100082,100170,104,33,71,35,36
Yaohuan Road,Laoshan Road,13235.13385,100170,100082,86,27,59,36,23
Beichen Road,Jianguo Road,13234.91326,100005,100064,83,13,70,39,31
Jianguo Road,Beichen Road,13234.91326,100064,100005,68,10,58,22,36
Wanshan Road,Tianshili,13234.49994,100146,100136,2,0,2,2,0
Tianshili,Wanshan Road,13234.49994,100136,100146,1,0,1,1,0
Tianjin Hotel,Xuelian South Road,13233.61895,100134,100164,6,5,1,1,0
Xuelian South Road,Tianjin Hotel,13233.61895,100164,100134,4,4,0,0,0
Bei Zhulin,Shaliu South Road,13233.15031,100004,100116,3,2,1,1,0
Shaliu South Road,Bei Zhulin,13233.15031,100116,100004,2,0,2,1,1
Tianjin Station,Meilin Road,13233.13525,100135,100098,248,63,185,88,97
Meilin Road,Tianjin Station,13233.13525,100098,100135,238,58,180,100,80
Zhongshan Gate,Huayuan,13232.09042,100189,100061,544,41,503,439,64
Huayuan,Zhongshan Gate,13232.09042,100061,100189,485,42,443,341,102
Lijiang Road,Shuanggang,13231.25791,100085,100118,3,0,3,1,2
Zhigu,North China Group,13229.87704,100188,100107,126,42,84,43,41
North China Group,Zhigu,13229.87704,100107,100188,125,30,95,59,36
Magangchang,Zhou and Deng Memorial Museum,13229.86903,100094,100191,12,5,7,5,2
Zhou and Deng Memorial Museum,Magangchang,13229.86903,100191,100094,6,4,2,1,1
Tianshili,Jiayuan Li,13229.5132,100136,100067,28,6,22,18,4
Jiayuan Li,Tianshili,13229.5132,100067,100136,17,9,8,4,4
Binhai International Airport,Jintang Road,13227.46444,100010,100077,200,56,144,56,88
Jintang Road,Binhai International Airport,13227.46444,100077,100010,194,41,153,74,79
Haihe East Road,Southeast Corner,13226.14088,100049,100123,4,3,1,0,1
Southeast Corner,Haihe East Road,13226.14088,100123,100049,1,1,0,0,0
Shuanggang,Dongxing Road,13219.58833,100118,100035,17,4,13,7,6
Dongxing Road,Shuanggang,13219.58833,100035,100118,8,1,7,4,3
Binhai International Airport,Longhan Road,13219.37886,100010,100092,163,47,116,45,71
Longhan Road,Binhai International Airport,13219.37886,100092,100010,126,26,100,66,34
Jinwan Square,Liqi Zhuang South,13218.71284,100078,100088,13,3,10,6,4
Liqi Zhuang South,Jinwan Square,13218.71284,100088,100078,11,4,7,5,2
Guangkaisima Road,Huaihe Road,13216.78469,100044,100058,100,27,73,48,25
Huaihe Road,Guangkaisima Road,13216.78469,100058,100044,96,27,69,52,17
Xuelian South Road,Tianjin Station,13216.43596,100164,100135,12,0,12,8,4
Tianjin Station,Xuelian South Road,13216.43596,100135,100164,9,1,8,3,5
Chinese Medicine First Affiliated Hospital,Xiangshan Road,13216.11709,100016,100151,62,16,46,18,28
Xiangshan Road,Chinese Medicine First Affiliated Hospital,13216.11709,100151,100016,60,16,44,27,17
Jin Street,Airport Economic Zone,13215.95258,100070,100001,380,92,288,183,105
Airport Economic Zone,Jin Street,13215.95258,100001,100070,373,87,286,194,92
Xuzhou Road,Ruijing XinYuan,13212.8404,100167,100114,20,11,9,6,3
Ruijing XinYuan,Xuzhou Road,13212.8404,100114,100167,6,0,6,3,3
Wangdingdi,Jiayuan Li,13212.83389,100145,100067,38,8,30,19,11
Jiayuan Li,Wangdingdi,13212.83389,100067,100145,29,4,25,23,2
Xueyuan North Road,Yingkou Road,13211.54382,100165,100174,14,7,7,3,4
Yingkou Road,Xueyuan North Road,13211.54382,100174,100165,4,3,1,1,0
Liulin Road,Airport Economic Zone,13211.32326,100089,100001,208,73,135,79,56
Airport Economic Zone,Liulin Road,13211.32326,100001,100089,185,67,118,58,60
North China Group,Yudongcheng,13210.75395,100107,100180,396,186,210,153,57
Yudongcheng,North China Group,13210.75395,100180,100107,385,52,333,121,212
Chentang Zhuang,National Exhibition Centre,13208.64696,100015,100105,17,2,15,12,3
National Exhibition Centre,Chentang Zhuang,13208.64696,100105,100015,9,3,6,5,1
Gaozhuangzi,Nanlou,13207.35652,100043,100102,582,78,504,363,141
Nanlou,Gaozhuangzi,13207.35652,100102,100043,535,65,470,328,142
West Station,Yihao Bridge,13207.15658,100149,100172,156,65,91,37,54
Yihao Bridge,West Station,13207.15658,100172,100149,154,43,111,35,76
Nanzhu Bridge,Jingjiang Road,13206.88945,100104,100072,62,7,55,46,9
Jingjiang Road,Nanzhu Bridge,13206.88945,100072,100104,53,8,45,38,7
Jintang Road,Bianxing,13205.89075,100077,100009,48,10,38,24,14
Bianxing,Jintang Road,13205.89075,100009,100077,46,10,36,26,10
Yudongcheng,Honghu Li,13205.86293,100180,100055,334,94,240,162,78
Honghu Li,Yudongcheng,13205.86293,100055,100180,286,94,192,123,69
Xiangshan Road,Tiantai Road,13202.75125,100151,100137,49,10,39,9,30
Tiantai Road,Xiangshan Road,13202.75125,100137,100151,41,14,27,19,8
Cuifu New Village,Huayuan,13201.9871,100019,100061,354,36,318,258,60
Huayuan,Cuifu New Village,13201.9871,100061,100019,295,27,268,174,94
Xinxing Village,Xuzhou Road,13201.09378,100162,100167,34,7,27,20,7
Xuzhou Road,Xinxing Village,13201.09378,100167,100162,24,5,19,11,8
Jinmao Industrial Area,North Station,13199.48759,100074,100108,8,2,6,5,1
North Station,Jinmao Industrial Area,13199.48759,100108,100074,5,0,5,5,0
JinZhong Street,Tucheng,13199.10055,100080,100140,163,40,123,89,34
Tucheng,JinZhong Street,13199.10055,100140,100080,147,30,117,59,58
Jianchang Road,Zhou and Deng Memorial Museum,13199.05931,100063,100191,34,10,24,11,13
Zhou and Deng Memorial Museum,Jianchang Road,13199.05931,100191,100063,27,9,18,7,11
Jiangwan Erzhi Road,Cuifu New Village,13198.18083,100065,100019,32,3,29,22,7
Cuifu New Village,Jiangwan Erzhi Road,13198.18083,100019,100065,29,3,26,17,9
Xuzhuangzi,Chentang Zhuang,13197.68326,100168,100015,21,4,17,10,7
Chentang Zhuang,Xuzhuangzi,13197.68326,100015,100168,12,2,10,10,0
Meilin Road,Taichang Road,13196.79207,100098,100128,40,7,33,18,15
Taichang Road,Meilin Road,13196.79207,100128,100098,37,7,30,16,14
Tianjin Station,Binhai International Airport,13196.30426,100135,100010,7506,2181,5325,1554,3771
Binhai International Airport,Tianjin Station,13196.30426,100010,100135,6895,2055,4840,1346,3494
Tiantai Road,Meijiang Park,13193.70227,100137,100096,64,17,47,34,13
Meijiang Park,Tiantai Road,13193.70227,100096,100137,54,16,38,11,27
Jinnan Campus of Nankai University,Meijiang Park,13192.99025,100075,100096,22,6,16,12,4
Meijiang Park,Jinnan Campus of Nankai University,13192.99025,100096,100075,16,6,10,1,9
Youyi South Road,Zhongshan Gate,13192.36863,100178,100189,3,0,3,0,3
Honghu Li,Zuojiang Road,13187.61894,100055,100192,71,25,46,32,14
Zuojiang Road,Honghu Li,13187.61894,100192,100055,58,20,38,18,20
Nansun Zhuang,Liaohe North Road,13184.27725,100103,100084,1,0,1,0,1
Minquan Gate,Cao Zhuang,13179.81263,100099,100011,232,72,160,94,66
Cao Zhuang,Minquan Gate,13179.81263,100011,100099,217,57,160,97,63
Tian Tower,Jiayuan Li,13177.7672,100133,100067,374,117,257,129,128
Jiayuan Li,Tian Tower,13177.7672,100067,100133,345,108,237,148,89
Chunhai Road,Heping Road,13177.02688,100017,100053,45,13,32,22,10
Heping Road,Chunhai Road,13177.02688,100053,100017,41,15,26,14,12
Nanhe Zhuang,Xuzhou Road,13175.61619,100101,100167,32,7,25,15,10
Xuzhou Road,Nanhe Zhuang,13175.61619,100167,100101,25,4,21,18,3
Wanshan Road,Tiedong Road,13173.68649,100146,100139,16,1,15,13,2
Tiedong Road,Wanshan Road,13173.68649,100139,100146,14,0,14,12,2
Laoshan Road,Number Two Bridge,13173.67155,100082,100110,1,0,1,0,1
Yixingbu North,Jiayuan Li,13173.32383,100176,100067,28,8,20,12,8
Jiayuan Li,Yixingbu North,13173.32383,100067,100176,23,7,16,14,2
Weishan Road,Xingfu Park,13172.55224,100148,100159,14,5,9,7,2
Xingfu Park,Weishan Road,13172.55224,100159,100148,8,4,4,1,3
Chunhai Road,Xikang Road,13170.3826,100017,100158,10,1,9,5,4
Xikang Road,Chunhai Road,13170.3826,100158,100017,8,0,8,3,5
Number Two Bridge,Nancuiping,13169.91607,100110,100100,31,6,25,20,5
Nancuiping,Number Two Bridge,13169.91607,100100,100110,28,6,22,18,4
Hongqi South Road,Shuanggang,13169.41692,100057,100118,149,35,114,56,58
Shuanggang,Hongqi South Road,13169.41692,100118,100057,121,29,92,52,40
Shunchi Bridge,Magangchang,13165.01343,100120,100094,68,11,57,46,11
Magangchang,Shunchi Bridge,13165.01343,100094,100120,62,15,47,33,14
Xueyuan North Road,Yueya River,13164.61741,100165,100182,4,0,4,3,1
Yueya River,Xueyuan North Road,13164.61741,100182,100165,2,1,1,1,0
Jieyuan West Road,Yaohuan Road,13162.60991,100069,100170,47,10,37,18,19
Yaohuan Road,Jieyuan West Road,13162.60991,100170,100069,42,15,27,19,8
Southwest corner,Zhanggui Zhuang,13162.60025,100124,100184,324,95,229,137,92
Zhanggui Zhuang,Southwest corner,13162.60025,100184,100124,316,91,225,161,64
Chinese Medicine First Affiliated Hospital,Dongjiang Road,13160.01739,100016,100028,1,1,0,0,0
Dengzhou South Road,Tumour Hospital,13157.46421,100025,100141,222,27,195,151,44
Tumour Hospital,Dengzhou South Road,13157.46421,100141,100025,196,22,174,92,82
Wanshan Road,Changhong Park,13157.19235,100146,100012,37,7,30,11,19
Changhong Park,Wanshan Road,13157.19235,100012,100146,37,11,26,14,12
Siyuan Road,Fuxing Gate,13155.87178,100121,100041,33,6,27,20,7
Fuxing Gate,Siyuan Road,13155.87178,100041,100121,31,6,25,13,12
Dongting Road,Erwei Road,13153.24169,100034,100036,10,2,8,5,3
Erwei Road,Dongting Road,13153.24169,100036,100034,9,2,7,3,4
Beichen Road,Jinwan Square,13152.42656,100005,100078,359,61,298,250,48
Jinwan Square,Beichen Road,13152.42656,100078,100005,318,71,247,159,88
Meijiang Exhibition Centre,Xianyang Road,13151.79489,100095,100153,191,64,127,84,43
Xianyang Road,Meijiang Exhibition Centre,13151.79489,100153,100095,180,56,124,95,29
Siyuan Road,Water Park Road East,13150.92955,100121,100147,19,6,13,10,3
Water Park Road East,Siyuan Road,13150.92955,100147,100121,9,5,4,1,3
Dabi Zhuang,Southwest corner,13150.20776,100021,100124,166,36,130,88,42
Southwest corner,Dabi Zhuang,13150.20776,100124,100021,158,33,125,64,61
Hujiayuan,Junliangcheng,13148.97976,100062,100081,422,95,327,222,105
Junliangcheng,Hujiayuan,13148.97976,100081,100062,398,95,303,184,119
Xuefu Industrial Area,Second hospital of the Medical University,13148.88027,100163,100115,124,10,114,93,21
Second hospital of the Medical University,Xuefu Industrial Area,13148.88027,100115,100163,118,8,110,95,15
Wanshan Road,Yixingbu North,13147.40556,100146,100176,1,0,1,1,0
Huanyu Road,Haiguang Temple,13147.08652,100059,100048,15,6,9,9,0
Haiguang Temple,Huanyu Road,13147.08652,100048,100059,11,3,8,6,2
Xuefu Industrial Area,Xiaobailou,13146.55882,100163,100154,419,59,360,299,61
Xiaobailou,Xuefu Industrial Area,13146.55882,100154,100163,308,35,273,212,61
Yuejin North Road,Tianjin Hotel,13146.53334,100181,100134,122,23,99,83,16
Tianjin Hotel,Yuejin North Road,13146.53334,100134,100181,112,20,92,60,32
Huaihe Road,Yibin Road,13145.57216,100058,100171,157,28,129,109,20
Yibin Road,Huaihe Road,13145.57216,100171,100058,153,32,121,92,29
Jinmao Industrial Area,Tian Tower,13145.46814,100074,100133,4,0,4,4,0
Jiayuan Li,Siyuan Road,13143.85463,100067,100121,6,5,1,0,1
Siyuan Road,Jiayuan Li,13143.85463,100121,100067,5,4,1,1,0
Xueyuan North Road,Yutai,13143.75003,100165,100183,8,2,6,3,3
Yutai,Xueyuan North Road,13143.75003,100183,100165,3,1,2,0,2
Xiangshan Road,Changhong Park,13142.70002,100151,100012,107,33,74,41,33
Changhong Park,Xiangshan Road,13142.70002,100012,100151,97,26,71,49,22
Erwei Road,Huaihe Road,13142.2258,100036,100058,91,15,76,32,44
Huaihe Road,Erwei Road,13142.2258,100058,100036,91,15,76,56,20
Tianshili,Tucheng,13141.80145,100136,100140,70,16,54,38,16
Tucheng,Tianshili,13141.80145,100140,100136,65,14,51,38,13
Nancuiping,Yueya River,13141.56237,100100,100182,107,36,71,46,25
Yueya River,Nancuiping,13141.56237,100182,100100,77,27,50,31,19
Tianjin Hotel,Yixingbu,13140.84405,100134,100175,70,14,56,38,18
Yixingbu,Tianjin Hotel,13140.84405,100175,100134,66,20,46,35,11
Nanzhu Bridge,Liuwei Road,13138.03186,100104,100090,40,11,29,16,13
Liuwei Road,Nanzhu Bridge,13138.03186,100090,100104,28,8,20,11,9
Fangshan Road,Changhong Park,13137.48752,100038,100012,36,9,27,18,9
Changhong Park,Fangshan Road,13137.48752,100012,100038,31,9,22,15,7
Yingfeng Road,Zhangxing Zhuang,13136.90123,100173,100185,21,4,17,9,8
Zhangxing Zhuang,Yingfeng Road,13136.90123,100185,100173,16,4,12,8,4
Yixingbu,Hongqi South Road,13136.63081,100175,100057,229,47,182,125,57
Hongqi South Road,Yixingbu,13136.63081,100057,100175,217,44,173,99,74
Yixingbu,Bianxing,13135.8479,100175,100009,65,21,44,30,14
Bianxing,Yixingbu,13135.8479,100009,100175,55,21,34,24,10
Zuojiang Road,Liulin Road,13134.73766,100192,100089,1,0,1,0,1
Yihao Bridge,Hongqi South Road,13132.67651,100172,100057,71,13,58,37,21
Hongqi South Road,Yihao Bridge,13132.67651,100057,100172,67,14,53,39,14
Yixingbu,Second hospital of the Medical University,13132.1819,100175,100115,35,7,28,19,9
Second hospital of the Medical University,Yixingbu,13132.1819,100115,100175,34,10,24,17,7
Hangshuang Road,Zhongshan Gate,13131.64267,100051,100189,15,4,11,9,2
Zhongshan Gate,Hangshuang Road,13131.64267,100189,100051,8,2,6,6,0
Yueya River,Meijiang Park,13130.67925,100182,100096,58,16,42,27,15
Meijiang Park,Yueya River,13130.67925,100096,100182,32,10,22,15,7
Dongting Road,Jin Street,13130.19841,100034,100070,19,6,13,10,3
Jin Street,Dongting Road,13130.19841,100070,100034,18,5,13,7,6
Tianjin Hotel,Longhan Road,13127.88103,100134,100092,3,2,1,1,0
Longhan Road,Tianjin Hotel,13127.88103,100092,100134,3,1,2,2,0
Xinli,Jianguo Road,13125.66996,100161,100064,148,42,106,74,32
Jianguo Road,Xinli,13125.66996,100064,100161,137,31,106,80,26
Tian Tower,Xiangshan Road,13125.2366,100133,100151,65,21,44,24,20
Xiangshan Road,Tian Tower,13125.2366,100151,100133,61,18,43,24,19
Liqi Zhuang South,Guangkaisima Road,13124.47884,100088,100044,16,2,14,8,6
Guangkaisima Road,Liqi Zhuang South,13124.47884,100044,100088,8,1,7,6,1
Yuanyang International Centre,High-Tech Zone,13122.95213,100179,100054,346,69,277,196,81
High-Tech Zone,Yuanyang International Centre,13122.95213,100054,100179,333,67,266,202,64
Beining Park,Number Two Bridge,13122.07883,100006,100110,20,7,13,7,6
Number Two Bridge,Beining Park,13122.07883,100110,100006,14,4,10,6,4
Dongli Development Zone,Dawang Zhuang,13121.99614,100030,100023,564,100,464,350,114
Dawang Zhuang,Dongli Development Zone,13121.99614,100023,100030,542,98,444,287,157
Yudongcheng,Zuojiang Road,13117.16338,100180,100192,5,2,3,1,2
Zuojiang Road,Yudongcheng,13117.16338,100192,100180,4,2,2,2,0
Yingfeng Road,Jiayuan Li,13117.07118,100173,100067,153,19,134,90,44
Jiayuan Li,Yingfeng Road,13117.07118,100067,100173,134,17,117,87,30
Jianshan Road,Benxi Road,13116.1616,100066,100008,62,14,48,31,17
Benxi Road,Jianshan Road,13116.1616,100008,100066,58,14,44,17,27
Xianyang Road,Yutai,13113.40484,100153,100183,30,7,23,22,1
Yutai,Xianyang Road,13113.40484,100183,100153,18,3,15,12,3
Xuzhuangzi,Tian Tower,13111.52291,100168,100133,74,15,59,37,22
Tian Tower,Xuzhuangzi,13111.52291,100133,100168,58,15,43,18,25
Huaihe Road,Liuwei Road,13111.21783,100058,100090,34,4,30,17,13
Liuwei Road,Huaihe Road,13111.21783,100090,100058,31,8,23,12,11
Zhicheng Road,Sports Centre,13110.19534,100187,100126,204,66,138,110,28
Sports Centre,Zhicheng Road,13110.19534,100126,100187,193,40,153,76,77
Tiantai Road,Yihao Bridge,13109.41139,100137,100172,79,25,54,37,17
Yihao Bridge,Tiantai Road,13109.41139,100172,100137,69,9,60,29,31
Haihe East Road,Anshan Road,13108.15451,100049,100002,6,0,6,2,4
Anshan Road,Haihe East Road,13108.15451,100002,100049,1,0,1,0,1
University of Civil Aviation,Nanzhu Bridge,13107.89706,100142,100104,71,17,54,37,17
Nanzhu Bridge,University of Civil Aviation,13107.89706,100104,100142,48,15,33,14,19
Xuzhou Road,North China Group,13106.56102,100167,100107,33,4,29,15,14
North China Group,Xuzhou Road,13106.56102,100107,100167,21,5,16,11,5
Yueya River,Changling Road,13106.40525,100182,100013,392,87,305,186,119
Changling Road,Yueya River,13106.40525,100013,100182,364,77,287,191,96
Yizhongxin Hospital,Huashan Li,13103.78207,100177,100060,75,12,63,43,20
Huashan Li,Yizhongxin Hospital,13103.78207,100060,100177,61,7,54,44,10
Number Two Bridge,The Financial University,13103.30411,100110,100132,1,1,0,0,0
Dongli Liujing Road,Dengzhou South Road,13102.25727,100031,100025,10,0,10,8,2
Dengzhou South Road,Dongli Liujing Road,13102.25727,100025,100031,2,0,2,1,1
Dongting Road,Wujiayao,13101.95007,100034,100150,33,6,27,22,5
Wujiayao,Dongting Road,13101.95007,100150,100034,29,4,25,16,9
Zhicheng Road,Bianxing,13101.94073,100187,100009,11,3,8,2,6
Bianxing,Zhicheng Road,13101.94073,100009,100187,8,1,7,5,2
Yutai,Jingjiang Road,13101.43117,100183,100072,30,2,28,23,5
Jingjiang Road,Yutai,13101.43117,100072,100183,24,3,21,14,7
Minquan Gate,Huanyu Road,13097.70397,100099,100059,4,2,2,2,0
Huanyu Road,Minquan Gate,13097.70397,100059,100099,4,2,2,2,0
Lijiang Road,Cuifu New Village,13094.40973,100085,100019,23,4,19,12,7
Cuifu New Village,Lijiang Road,13094.40973,100019,100085,20,1,19,14,5
Yuanyang International Centre,Lijiang Road,13091.9898,100179,100085,38,9,29,14,15
Lijiang Road,Yuanyang International Centre,13091.9898,100085,100179,35,5,30,17,13
Liuwei Road,Lijiang Road,13090.08065,100090,100085,6,1,5,1,4
Lijiang Road,Liuwei Road,13090.08065,100085,100090,5,2,3,1,2
Xunhai Road,Lijiang Road,13089.3226,100166,100085,29,9,20,14,6
Lijiang Road,Xunhai Road,13089.3226,100085,100166,27,4,23,7,16
Dongting Road,Xianshuigu West,13087.29628,100034,100152,91,24,67,44,23
Xianshuigu West,Dongting Road,13087.29628,100152,100034,81,25,56,33,23
Liqi Zhuang South,Lushui Road,13086.29892,100088,100093,3,0,3,2,1
Lushui Road,Liqi Zhuang South,13086.29892,100093,100088,3,1,2,1,1
Fangshan Road,Sports Centre,13085.3114,100038,100126,56,9,47,37,10
Sports Centre,Fangshan Road,13085.3114,100126,100038,53,11,42,31,11
Tianjin Hotel,Lilou,13085.06565,100134,100086,112,11,101,71,30
Lilou,Tianjin Hotel,13085.06565,100086,100134,105,16,89,80,9
Wandong Road,Jieyuan West Road,13084.89691,100144,100069,124,35,89,64,25
Jieyuan West Road,Wandong Road,13084.89691,100069,100144,102,24,78,58,20
Zhicheng Road,Yihao Bridge,13084.66921,100187,100172,56,7,49,31,18
Yihao Bridge,Zhicheng Road,13084.66921,100172,100187,54,8,46,28,18
Changhong Park,Yihao Bridge,13084.04376,100012,100172,114,29,85,59,26
Yihao Bridge,Changhong Park,13084.04376,100172,100012,106,13,93,53,40
Zhicheng Road,Hongqi South Road,13082.24841,100187,100057,84,12,72,42,30
Hongqi South Road,Zhicheng Road,13082.24841,100057,100187,68,13,55,29,26
Minquan Gate,Liuyuan,13080.6507,100099,100091,233,64,169,105,64
Liuyuan,Minquan Gate,13080.6507,100091,100099,232,57,175,87,88
Hangshuang Road,Jianguo Road,13080.52041,100051,100064,17,4,13,7,6
Jianguo Road,Hangshuang Road,13080.52041,100064,100051,11,0,11,11,0
Zhanggui Zhuang,Shaliu South Road,13080.39479,100184,100116,5,2,3,1,2
Shaliu South Road,Zhanggui Zhuang,13080.39479,100116,100184,1,0,1,1,0
Jianchang Road,Hongqi South Road,13078.61363,100063,100057,67,16,51,29,22
Hongqi South Road,Jianchang Road,13078.61363,100057,100063,56,15,41,30,11
The Financial University,Guangkaisima Road,13077.76231,100132,100044,195,46,149,104,45
Guangkaisima Road,The Financial University,13077.76231,100044,100132,159,39,120,75,45
Wanshan Road,Meijiang Road,13075.2763,100146,100097,1,1,0,0,0
Meijiang Road,Wanshan Road,13075.2763,100097,100146,1,0,1,0,1
Fangshan Road,JinZhong Street,13074.30338,100038,100080,3,3,0,0,0
JinZhong Street,Fangshan Road,13074.30338,100080,100038,1,1,0,0,0
Shiyijing Road,Airport Economic Zone,13071.94203,100117,100001,398,56,342,228,114
Airport Economic Zone,Shiyijing Road,13071.94203,100001,100117,324,56,268,183,85
Guoshan Road,Northwest Corner,13070.84121,100047,100109,144,41,103,72,31
Northwest Corner,Guoshan Road,13070.84121,100109,100047,131,36,95,49,46
High-Tech Zone,Yutai,13070.06012,100054,100183,4,1,3,2,1
Yutai,High-Tech Zone,13070.06012,100183,100054,3,0,3,1,2
Sports Centre,South Station,13069.01089,100126,100122,104,42,62,41,21
South Station,Sports Centre,13069.01089,100122,100126,78,19,59,38,21
University of Civil Aviation,Yueya River,13068.74229,100142,100182,53,18,35,18,17
Yueya River,University of Civil Aviation,13068.74229,100182,100142,44,16,28,16,12
Tianshili,Yizhongxin Hospital,13065.99871,100136,100177,30,2,28,22,6
Yizhongxin Hospital,Tianshili,13065.99871,100177,100136,25,4,21,15,6
Dabi Zhuang,Professional University,13063.86608,100021,100112,52,25,27,12,15
Professional University,Dabi Zhuang,13063.86608,100112,100021,45,11,34,19,15
Nanhe Zhuang,North China Group,13063.59435,100101,100107,95,32,63,33,30
North China Group,Nanhe Zhuang,13063.59435,100107,100101,74,33,41,24,17
Jinwan Square,Liuyuan,13063.48275,100078,100091,812,219,593,330,263
Liuyuan,Jinwan Square,13063.48275,100091,100078,719,153,566,444,122
Shiyijing Road,University of Civil Aviation,13058.65716,100117,100142,13,6,7,1,6
University of Civil Aviation,Shiyijing Road,13058.65716,100142,100117,9,5,4,3,1
Xinli,Jinwan Square,13058.36408,100161,100078,263,67,196,144,52
Jinwan Square,Xinli,13058.36408,100078,100161,258,71,187,97,90
Yizhongxin Hospital,Weishan Road,13057.01473,100177,100148,34,9,25,18,7
Weishan Road,Yizhongxin Hospital,13057.01473,100148,100177,26,7,19,15,4
Fangshan Road,Yutai,13055.18476,100038,100183,37,9,28,18,10
Yutai,Fangshan Road,13055.18476,100183,100038,33,8,25,10,15
JinZhong River Street,Huashan Li,13054.17482,100079,100060,152,40,112,80,32
Huashan Li,JinZhong River Street,13054.17482,100060,100079,149,33,116,76,40
Jianshan Road,Xuefu Industrial Area,13050.79198,100066,100163,90,3,87,75,12
Xuefu Industrial Area,Jianshan Road,13050.79198,100163,100066,69,1,68,53,15
Jieyuan West Road,Zuojiang Road,13050.24329,100069,100192,70,14,56,43,13
Zuojiang Road,Jieyuan West Road,13050.24329,100192,100069,69,18,51,23,28
Fuxing Gate,People's Hospital,13049.20561,100041,100111,115,14,101,62,39
People's Hospital,Fuxing Gate,13049.20561,100111,100041,85,14,71,37,34
North Station,Zhanggui Zhuang,13047.33311,100108,100184,121,39,82,47,35
Zhanggui Zhuang,North Station,13047.33311,100184,100108,90,29,61,46,15
Haihe East Road,Dawang Zhuang,13046.69722,100049,100023,1,0,1,1,0
Zhou and Deng Memorial Museum,Lushui Road,13046.58704,100191,100093,47,15,32,14,18
Lushui Road,Zhou and Deng Memorial Museum,13046.58704,100093,100191,47,13,34,21,13
Beichen Road,West Station,13044.86042,100005,100149,213,67,146,88,58
West Station,Beichen Road,13044.86042,100149,100005,200,67,133,45,88
Taichang Road,Bianxing,13044.51543,100128,100009,212,57,155,87,68
Bianxing,Taichang Road,13044.51543,100009,100128,187,51,136,98,38
Yaohuan Road,Shuanggang,13043.80713,100170,100118,4,1,3,1,2
Shuanggang,Yaohuan Road,13043.80713,100118,100170,2,0,2,2,0
Jingjiang Road,Meilin Road,13043.37184,100072,100098,86,12,74,46,28
Meilin Road,Jingjiang Road,13043.37184,100098,100072,81,13,68,44,24
Liulin Road,Southeast Corner,13039.25928,100089,100123,181,95,86,34,52
Southeast Corner,Liulin Road,13039.25928,100123,100089,155,84,71,36,35
Huayuan,Benxi Road,13036.81925,100061,100008,324,25,299,232,67
Benxi Road,Huayuan,13036.81925,100008,100061,318,28,290,250,40
Lijiang Road,Xingfu Park,13034.26891,100085,100159,32,6,26,9,17
Xingfu Park,Lijiang Road,13034.26891,100159,100085,27,6,21,8,13
Heping Road,Lushui Road,13033.50113,100053,100093,174,53,121,35,86
Lushui Road,Heping Road,13033.50113,100093,100053,103,29,74,45,29
Yingkou Road,Xinli,13032.03193,100174,100161,886,286,600,256,344
Xinli,Yingkou Road,13032.03193,100161,100174,870,281,589,351,238
Huaihe Road,Wandong Road,13032.03106,100058,100144,55,12,43,27,16
Wandong Road,Huaihe Road,13032.03106,100144,100058,54,15,39,24,15
Changhong Park,Huashan Li,13031.94192,100012,100060,204,45,159,99,60
Huashan Li,Changhong Park,13031.94192,100060,100012,194,41,153,97,56
Jiangwan Erzhi Road,Tianjin Station,13031.49059,100065,100135,129,40,89,53,36
Tianjin Station,Jiangwan Erzhi Road,13031.49059,100135,100065,112,30,82,34,48
Qinjian Road,Lingbin Road,13030.63898,100113,100087,118,18,100,67,33
Lingbin Road,Qinjian Road,13030.63898,100087,100113,106,13,93,65,28
Tianshili,Cultural centre,13029.23299,100136,100020,52,23,29,21,8
Cultural centre,Tianshili,13029.23299,100020,100136,52,15,37,20,17
West Station,Dengzhou Road,13029.01926,100149,100024,429,137,292,83,209
Dengzhou Road,West Station,13029.01926,100024,100149,404,137,267,142,125
Xikang Road,Lushui Road,13026.85685,100158,100093,73,13,60,26,34
Lushui Road,Xikang Road,13026.85685,100093,100158,66,7,59,36,23
Tiedong Road,Lingbin Road,13025.69812,100139,100087,43,8,35,22,13
Lingbin Road,Tiedong Road,13025.69812,100087,100139,41,7,34,28,6
Number Two Bridge,Jianchang Road,13020.13167,100110,100063,39,12,27,19,8
Jianchang Road,Number Two Bridge,13020.13167,100063,100110,36,9,27,20,7
Northwest Corner,Jinmao Industrial Area,13020.02777,100109,100074,12,4,8,8,0
Jinmao Industrial Area,Northwest Corner,13020.02777,100074,100109,9,1,8,5,3
Tianshili,Jieyuan West Road,13017.94969,100136,100069,67,10,57,42,15
Jieyuan West Road,Tianshili,13017.94969,100069,100136,53,9,44,35,9
Lushui Road,Anshan West Road,13017.84634,100093,100003,594,118,476,368,108
Anshan West Road,Lushui Road,13017.84634,100003,100093,513,113,400,239,161
Fengchan River,Southeast Corner,13017.64415,100039,100123,119,35,84,63,21
Southeast Corner,Fengchan River,13017.64415,100123,100039,106,42,64,34,30
Tian Tower,Dengzhou Road,13017.54223,100133,100024,243,64,179,89,90
Dengzhou Road,Tian Tower,13017.54223,100024,100133,239,75,164,114,50
JinZhong River Street,Lingbin Road,13016.81878,100079,100087,229,45,184,138,46
Lingbin Road,JinZhong River Street,13016.81878,100087,100079,188,31,157,97,60
Minquan Gate,Number Two Bridge,13013.98279,100099,100110,24,6,18,10,8
Number Two Bridge,Minquan Gate,13013.98279,100110,100099,23,4,19,8,11
Cuifu New Village,Chinese Medicine First Affiliated Hospital,13013.53139,100019,100016,102,25,77,47,30
Chinese Medicine First Affiliated Hospital,Cuifu New Village,13013.53139,100016,100019,68,14,54,20,34
Yixingbu North,Yizhongxin Hospital,13009.80934,100176,100177,63,10,53,31,22
Yizhongxin Hospital,Yixingbu North,13009.80934,100177,100176,57,10,47,21,26
Nanhe Zhuang,Dawang Zhuang,13008.80545,100101,100023,26,9,17,11,6
Dawang Zhuang,Nanhe Zhuang,13008.80545,100023,100101,16,3,13,12,1
Jiefang South Road,Changhong Park,13008.68849,100068,100012,524,136,388,234,154
Changhong Park,Jiefang South Road,13008.68849,100012,100068,504,140,364,212,152
Heping Road,Youyi South Road,13008.56532,100053,100178,56,4,52,42,10
Youyi South Road,Heping Road,13008.56532,100178,100053,48,3,45,32,13
Xuefu Industrial Area,Jinwan Square,13007.2152,100163,100078,196,45,151,92,59
Jinwan Square,Xuefu Industrial Area,13007.2152,100078,100163,153,40,113,76,37
Yingfeng Road,Yihao Bridge,13006.16291,100173,100172,30,7,23,15,8
Yihao Bridge,Yingfeng Road,13006.16291,100172,100173,28,6,22,11,11
Minquan Gate,Huayuan,13005.0928,100099,100061,325,32,293,243,50
Huayuan,Minquan Gate,13005.0928,100061,100099,294,27,267,182,85
Leyuan Road,Yuejin North Road,13003.54443,100083,100181,9,1,8,2,6
Yuejin North Road,Leyuan Road,13003.54443,100181,100083,5,4,1,1,0
Haiguang Temple,Guoshan Road,13003.48975,100048,100047,161,30,131,86,45
Guoshan Road,Haiguang Temple,13003.48975,100047,100048,147,32,115,91,24
North Beichen Tech Park,North Station,13002.72288,100106,100108,88,17,71,53,18
North Station,North Beichen Tech Park,13002.72288,100108,100106,80,19,61,36,25
Xuelian South Road,Airport Economic Zone,13001.88244,100164,100001,31,7,24,24,0
Airport Economic Zone,Xuelian South Road,13001.88244,100001,100164,26,4,22,16,6
Youyi South Road,Xikang Road,13001.72481,100178,100158,2,0,2,2,0
Xikang Road,Youyi South Road,13001.72481,100158,100178,1,0,1,1,0
Nanzhu Bridge,Yingkou Road,12998.81905,100104,100174,169,58,111,74,37
Yingkou Road,Nanzhu Bridge,12998.81905,100174,100104,168,39,129,83,46
West Station,Huashan Li,12998.26205,100149,100060,1691,487,1204,314,890
Huashan Li,West Station,12998.26205,100060,100149,1634,560,1074,674,400
Nanlou,Xunhai Road,12995.70128,100102,100166,24,2,22,14,8
Xunhai Road,Nanlou,12995.70128,100166,100102,22,5,17,10,7
Zhangxing Zhuang,Water Park Road East,12995.60268,100185,100147,42,19,23,16,7
Water Park Road East,Zhangxing Zhuang,12995.60268,100147,100185,39,20,19,6,13
Shuanglin,Erwei Road,12994.8143,100119,100036,799,188,611,456,155
Erwei Road,Shuanglin,12994.8143,100036,100119,694,160,534,317,217
Yihao Bridge,Lijiang Road,12992.79684,100172,100085,10,4,6,3,3
Lijiang Road,Yihao Bridge,12992.79684,100085,100172,1,0,1,0,1
Shuanglin,Water Park Road East,12992.28987,100119,100147,65,40,25,9,16
Water Park Road East,Shuanglin,12992.28987,100147,100119,38,21,17,9,8
Meijiang Exhibition Centre,Guangkaisima Road,12991.75223,100095,100044,125,51,74,48,26
Guangkaisima Road,Meijiang Exhibition Centre,12991.75223,100044,100095,108,48,60,44,16
Tiantai Road,Danhebei Road,12990.80311,100137,100022,6,2,4,4,0
Danhebei Road,Tiantai Road,12990.80311,100022,100137,5,1,4,1,3
Honghu Li,Zhongshan Gate,12990.68795,100055,100189,180,51,129,78,51
Zhongshan Gate,Honghu Li,12990.68795,100189,100055,173,49,124,71,53
Jin Street,Haihe East Road,12988.49401,100070,100049,2,0,2,2,0
Dongli Sanjing Road,Taichang Road,12988.3531,100032,100128,72,6,66,61,5
Taichang Road,Dongli Sanjing Road,12988.3531,100128,100032,55,6,49,41,8
Northwest Corner,Professional University,12988.32366,100109,100112,312,90,222,104,118
Professional University,Northwest Corner,12988.32366,100112,100109,287,83,204,108,96
National Exhibition Centre,Chunhai Road,12988.13389,100105,100017,1,0,1,1,0
Laoshan Road,Nanhe Zhuang,12988.00161,100082,100101,16,3,13,5,8
Nanhe Zhuang,Laoshan Road,12988.00161,100101,100082,7,2,5,2,3
Weishan Road,Erwei Road,12987.35263,100148,100036,3,0,3,1,2
Erwei Road,Weishan Road,12987.35263,100036,100148,1,0,1,1,0
Hongqi South Road,Huashan Li,12986.45275,100057,100060,209,48,161,114,47
Huashan Li,Hongqi South Road,12986.45275,100060,100057,192,48,144,107,37
Jin Street,Shuanglin,12985.00326,100070,100119,136,60,76,39,37
Shuanglin,Jin Street,12985.00326,100119,100070,116,36,80,43,37
Weishan Road,Jin Street,12984.44291,100148,100070,132,33,99,72,27
Jin Street,Weishan Road,12984.44291,100070,100148,117,29,88,53,35
Binhai International Airport,Taichang Road,12984.25315,100010,100128,162,45,117,52,65
Taichang Road,Binhai International Airport,12984.25315,100128,100010,126,33,93,49,44
Yudongcheng,Changling Road,12982.17703,100180,100013,294,56,238,150,88
Changling Road,Yudongcheng,12982.17703,100013,100180,238,50,188,115,73
Magangchang,Guorui Road,12982.03042,100094,100046,3,0,3,0,3
Guorui Road,Magangchang,12982.03042,100046,100094,1,0,1,0,1
Jintang Road,Shuanggang,12981.17162,100077,100118,42,12,30,11,19
Shuanggang,Jintang Road,12981.17162,100118,100077,36,7,29,22,7
Minquan Gate,Meijiang Park,12978.0432,100099,100096,21,9,12,6,6
Meijiang Park,Minquan Gate,12978.0432,100096,100099,16,5,11,5,6
Xinkai River,Meijiang Park,12977.1153,100160,100096,21,3,18,14,4
Meijiang Park,Xinkai River,12977.1153,100096,100160,19,5,14,10,4
Dabi Zhuang,Gulou,12976.5337,100021,100045,214,71,143,77,66
Gulou,Dabi Zhuang,12976.5337,100045,100021,185,47,138,70,68
Zhongshan Road,Changling Road,12975.27367,100190,100013,85,23,62,31,31
Changling Road,Zhongshan Road,12975.27367,100013,100190,81,13,68,42,26
Chinese Medicine First Affiliated Hospital,Xingfu Park,12975.24289,100016,100159,606,118,488,264,224
Xingfu Park,Chinese Medicine First Affiliated Hospital,12975.24289,100159,100016,570,98,472,299,173
Jianshan Road,JinZhong Street,12974.26681,100066,100080,28,9,19,12,7
JinZhong Street,Jianshan Road,12974.26681,100080,100066,22,4,18,7,11
Yuejin North Road,Southwest corner,12974.21703,100181,100124,95,23,72,48,24
Southwest corner,Yuejin North Road,12974.21703,100124,100181,77,15,62,36,26
Tucheng,Bianxing,12973.34241,100140,100009,188,30,158,95,63
Bianxing,Tucheng,12973.34241,100009,100140,163,36,127,99,28
Fuxing Gate,Meilin Road,12971.33561,100041,100098,3,1,2,0,2
Meilin Road,Fuxing Gate,12971.33561,100098,100041,2,0,2,1,1
Changling Road,Dongli Culture and Sports Centre,12969.53838,100013,100029,41,7,34,11,23
Dongli Culture and Sports Centre,Changling Road,12969.53838,100029,100013,34,7,27,12,15
Chinese Medicine First Affiliated Hospital,Liuwei Road,12968.62926,100016,100090,41,12,29,17,12
Liuwei Road,Chinese Medicine First Affiliated Hospital,12968.62926,100090,100016,25,7,18,6,12
Sports Centre,Siyuan Road,12965.24298,100126,100121,53,10,43,22,21
Siyuan Road,Sports Centre,12965.24298,100121,100126,37,7,30,21,9
Jiangwan Erzhi Road,Dongli Yijing Road,12962.66497,100065,100033,10,2,8,8,0
Dongli Yijing Road,Jiangwan Erzhi Road,12962.66497,100033,100065,1,1,0,0,0
Jianchang Road,Water Park Road East,12962.65785,100063,100147,79,32,47,35,12
Water Park Road East,Jianchang Road,12962.65785,100147,100063,41,15,26,15,11
Jianchang Road,Jiayuan Li,12962.26497,100063,100067,22,7,15,8,7
Jiayuan Li,Jianchang Road,12962.26497,100067,100063,11,4,7,3,4
Yixingbu North,Jieyuan West Road,12961.76032,100176,100069,83,22,61,41,20
Jieyuan West Road,Yixingbu North,12961.76032,100069,100176,53,13,40,25,15
Dengzhou South Road,North Station,12959.64446,100025,100108,38,5,33,29,4
North Station,Dengzhou South Road,12959.64446,100108,100025,35,6,29,20,9
Leyuan Road,Cao Zhuang,12959.03296,100083,100011,417,132,285,145,140
Cao Zhuang,Leyuan Road,12959.03296,100011,100083,407,119,288,182,106
Shuanggang,Tucheng,12958.82217,100118,100140,3,1,2,2,0
Tucheng,Shuanggang,12958.82217,100140,100118,3,2,1,1,0
North China Group,Changhong Park,12958.79948,100107,100012,204,47,157,105,52
Changhong Park,North China Group,12958.79948,100012,100107,179,43,136,85,51
Wujiayao,Shuanglin,12956.75492,100150,100119,368,42,326,219,107
Shuanglin,Wujiayao,12956.75492,100119,100150,353,46,307,244,63
Jiefang South Road,Erwei Road,12956.4683,100068,100036,184,44,140,94,46
Erwei Road,Jiefang South Road,12956.4683,100036,100068,183,37,146,84,62
Weishan Road,Wujiayao,12956.19456,100148,100150,1,0,1,0,1
Yutai,Guangkaisima Road,12953.36218,100183,100044,6,1,5,1,4
Guangkaisima Road,Yutai,12953.36218,100044,100183,3,1,2,2,0
Chinese Medicine First Affiliated Hospital,Yuanyang International Centre,12952.90784,100016,100179,250,45,205,118,87
Yuanyang International Centre,Chinese Medicine First Affiliated Hospital,12952.90784,100179,100016,222,51,171,97,74
Foreign Languages High School,Shaliu South Road,12952.47799,100040,100116,5,1,4,3,1
Shaliu South Road,Foreign Languages High School,12952.47799,100116,100040,1,0,1,1,0
Dengzhou South Road,Tian Tower,12949.55384,100025,100133,75,16,59,38,21
Tian Tower,Dengzhou South Road,12949.55384,100133,100025,61,14,47,26,21
Magangchang,Jinwan Square,12949.39929,100094,100078,34,15,19,11,8
Jinwan Square,Magangchang,12949.39929,100078,100094,27,7,20,8,12
Zhangxing Zhuang,Jinmao Industrial Area,12944.78836,100185,100074,1,0,1,0,1
Leyuan Road,Lilou,12942.07674,100083,100086,10,2,8,2,6
Lilou,Leyuan Road,12942.07674,100086,100083,7,5,2,1,1
High-Tech Zone,Meijiang Exhibition Centre,12941.78235,100054,100095,117,41,76,48,28
Meijiang Exhibition Centre,High-Tech Zone,12941.78235,100095,100054,107,40,67,52,15
Yuanyang International Centre,Xiaodian,12941.43578,100179,100155,85,18,67,46,21
Xiaodian,Yuanyang International Centre,12941.43578,100155,100179,75,21,54,45,9
Jintang Road,Dongli Culture and Sports Centre,12939.29891,100077,100029,7,1,6,3,3
Dongli Culture and Sports Centre,Jintang Road,12939.29891,100029,100077,5,2,3,3,0
Airport Economic Zone,Beining Park,12938.34067,100001,100006,151,27,124,77,47
Beining Park,Airport Economic Zone,12938.34067,100006,100001,128,20,108,89,19
Liqi Zhuang South,People's Hospital,12936.53981,100088,100111,30,5,25,14,11
People's Hospital,Liqi Zhuang South,12936.53981,100111,100088,29,4,25,16,9
Xinkai River,Fuxing Gate,12935.86982,100160,100041,14,3,11,7,4
Fuxing Gate,Xinkai River,12935.86982,100041,100160,7,1,6,4,2
Jingli Road,Sports Centre,12934.66421,100073,100126,45,8,37,29,8
Sports Centre,Jingli Road,12934.66421,100126,100073,33,3,30,23,7
Jiefang South Road,Jin Street,12933.42502,100068,100070,111,24,87,61,26
Jin Street,Jiefang South Road,12933.42502,100070,100068,100,25,75,42,33
Siyuan Road,Jieyuan West Road,12932.29111,100121,100069,30,12,18,7,11
Jieyuan West Road,Siyuan Road,12932.29111,100069,100121,29,9,20,9,11
Number Two Bridge,Northwest Corner,12930.26981,100110,100109,225,55,170,113,57
Northwest Corner,Number Two Bridge,12930.26981,100109,100110,181,36,145,84,61
Danhebei Road,Xingfu Park,12927.41831,100022,100159,50,16,34,17,17
Xingfu Park,Danhebei Road,12927.41831,100159,100022,34,11,23,17,6
Wanshan Road,Hongni River East,12927.35728,100146,100056,4,2,2,2,0
Hongni River East,Wanshan Road,12927.35728,100056,100146,2,0,2,0,2
Longhan Road,Southwest corner,12927.04198,100092,100124,20,3,17,14,3
Southwest corner,Longhan Road,12927.04198,100124,100092,9,2,7,2,5
Guangkaisima Road,Guoshan Road,12923.18596,100044,100047,138,22,116,86,30
Guoshan Road,Guangkaisima Road,12923.18596,100047,100044,95,21,74,54,20
Yuanyang International Centre,Meijiang Exhibition Centre,12922.73218,100179,100095,168,53,115,83,32
Meijiang Exhibition Centre,Yuanyang International Centre,12922.73218,100095,100179,130,45,85,54,31
Beining Park,Yuejin North Road,12918.98438,100006,100181,24,4,20,13,7
Yuejin North Road,Beining Park,12918.98438,100181,100006,21,2,19,14,5
Shaliu South Road,Lingbin Road,12918.8728,100116,100087,73,12,61,52,9
Lingbin Road,Shaliu South Road,12918.8728,100087,100116,50,2,48,32,16
Xingfu Park,Bianxing,12916.61653,100159,100009,85,20,65,36,29
Bianxing,Xingfu Park,12916.61653,100009,100159,80,21,59,40,19
Xuzhou Road,Magangchang,12916.57785,100167,100094,27,5,22,18,4
Magangchang,Xuzhou Road,12916.57785,100094,100167,12,1,11,7,4
Lushui Road,Yutai,12915.18226,100093,100183,3,0,3,3,0
Yutai,Lushui Road,12915.18226,100183,100093,2,1,1,1,0
Jianguo Road,High-Tech Zone,12914.65966,100064,100054,94,24,70,46,24
High-Tech Zone,Jianguo Road,12914.65966,100054,100064,85,16,69,37,32
Magangchang,Tiantuo,12913.83079,100094,100138,33,5,28,23,5
Tiantuo,Magangchang,12913.83079,100138,100094,20,5,15,7,8
Northwest Corner,The Financial University,12913.1953,100109,100132,1356,463,893,409,484
The Financial University,Northwest Corner,12913.1953,100132,100109,1341,428,913,502,411
Zhangxing Zhuang,Chentang Zhuang,12911.82192,100185,100015,115,19,96,67,29
Chentang Zhuang,Zhangxing Zhuang,12911.82192,100015,100185,93,19,74,47,27
Taichang Road,Xinli,12911.68364,100128,100161,137,33,104,58,46
Xinli,Taichang Road,12911.68364,100161,100128,123,30,93,50,43
JinZhong Street,Yibin Road,12911.17708,100080,100171,281,60,221,180,41
Yibin Road,JinZhong Street,12911.17708,100171,100080,253,43,210,130,80
Yutai,Haiguang Temple,12910.02806,100183,100048,102,19,83,57,26
Haiguang Temple,Yutai,12910.02806,100048,100183,98,16,82,48,34
Jinshi Bridge,High-Tech Zone,12909.52095,100076,100054,953,118,835,714,121
High-Tech Zone,Jinshi Bridge,12909.52095,100054,100076,832,82,750,577,173
Yudongcheng,Sports Centre,12908.51909,100180,100126,386,63,323,240,83
Sports Centre,Yudongcheng,12908.51909,100126,100180,355,56,299,201,98
JinZhong River Street,Ruijing XinYuan,12907.668,100079,100114,214,57,157,85,72
Ruijing XinYuan,JinZhong River Street,12907.668,100114,100079,205,51,154,84,70
Cuifu New Village,Yaohuan Road,12906.95895,100019,100170,7,0,7,4,3
Yaohuan Road,Cuifu New Village,12906.95895,100170,100019,6,2,4,2,2
Yaohuan Road,Yuanyang International Centre,12904.53902,100170,100179,62,11,51,31,20
Yuanyang International Centre,Yaohuan Road,12904.53902,100179,100170,50,9,41,20,21
Southwest corner,North China Group,12903.99673,100124,100107,290,83,207,117,90
North China Group,Southwest corner,12903.99673,100107,100124,272,73,199,112,87
Tucheng,Yixingbu North,12902.71188,100140,100176,264,55,209,120,89
Yixingbu North,Tucheng,12902.71188,100176,100140,262,49,213,141,72
Liuwei Road,Yaohuan Road,12902.62987,100090,100170,8,1,7,1,6
Yaohuan Road,Liuwei Road,12902.62987,100170,100090,4,0,4,4,0
Ruijing XinYuan,Dawang Zhuang,12902.58823,100114,100023,192,39,153,123,30
Dawang Zhuang,Ruijing XinYuan,12902.58823,100023,100114,186,35,151,97,54
Nansun Zhuang,Yuanyang International Centre,12900.96243,100103,100179,6,3,3,0,3
Yuanyang International Centre,Nansun Zhuang,12900.96243,100179,100103,2,2,0,0,0
Xinli,Jingjiang Road,12900.46956,100161,100072,126,16,110,78,32
Jingjiang Road,Xinli,12900.46956,100072,100161,122,22,100,73,27
Longhan Road,Beining Park,12900.33207,100092,100006,1,0,1,1,0
Meijiang Exhibition Centre,Cuifu New Village,12899.84232,100095,100019,37,18,19,13,6
Cuifu New Village,Meijiang Exhibition Centre,12899.84232,100019,100095,35,11,24,19,5
Meijiang Exhibition Centre,Liuwei Road,12896.15104,100095,100090,13,5,8,2,6
Liuwei Road,Meijiang Exhibition Centre,12896.15104,100090,100095,9,3,6,0,6
Tumour Hospital,Laoshan Road,12894.39576,100141,100082,94,19,75,46,29
Laoshan Road,Tumour Hospital,12894.39576,100082,100141,85,17,68,43,25
Yizhongxin Hospital,Siyuan Road,12893.22865,100177,100121,21,4,17,10,7
Siyuan Road,Yizhongxin Hospital,12893.22865,100121,100177,19,5,14,10,4
Nanzhu Bridge,Guoshan Road,12892.92736,100104,100047,28,4,24,12,12
Guoshan Road,Nanzhu Bridge,12892.92736,100047,100104,27,6,21,17,4
Yutai,Jinwan Square,12892.03065,100183,100078,32,8,24,22,2
Jinwan Square,Yutai,12892.03065,100078,100183,28,5,23,18,5
Chinese Medicine First Affiliated Hospital,Wandong Road,12889.4425,100016,100144,97,26,71,40,31
Wandong Road,Chinese Medicine First Affiliated Hospital,12889.4425,100144,100016,92,21,71,36,35
Tianjin Station,Dongting Road,12889.10372,100135,100034,138,31,107,45,62
Dongting Road,Tianjin Station,12889.10372,100034,100135,93,22,71,42,29
Xiangshan Road,Yaohuan Road,12887.55651,100151,100170,134,28,106,58,48
Yaohuan Road,Xiangshan Road,12887.55651,100170,100151,131,30,101,61,40
Guangkaisima Road,Jinmao Industrial Area,12887.17354,100044,100074,28,2,26,24,2
Jinmao Industrial Area,Guangkaisima Road,12887.17354,100074,100044,26,1,25,22,3
Chunhai Road,Anshan Road,12885.74721,100017,100002,45,4,41,30,11
Anshan Road,Chunhai Road,12885.74721,100002,100017,27,2,25,13,12
Lijiang Road,Jianguo Road,12883.69733,100085,100064,30,9,21,13,8
Jianguo Road,Lijiang Road,12883.69733,100064,100085,14,5,9,7,2
Huashan Li,Zhongshan Road,12882.33948,100060,100190,409,107,302,198,104
Zhongshan Road,Huashan Li,12882.33948,100190,100060,377,83,294,187,107
Xuzhou Road,Lijiang Road,12880.59707,100167,100085,11,1,10,4,6
Lijiang Road,Xuzhou Road,12880.59707,100085,100167,5,1,4,1,3
Beichen Road,Xiaodian,12879.94457,100005,100155,117,25,92,68,24
Xiaodian,Beichen Road,12879.94457,100155,100005,104,17,87,66,21
Yudongcheng,Water Park Road East,12879.59618,100180,100147,164,53,111,81,30
Water Park Road East,Yudongcheng,12879.59618,100147,100180,111,34,77,55,22
Xianyang Road,Jiangwan Erzhi Road,12879.01065,100153,100065,12,5,7,3,4
Jiangwan Erzhi Road,Xianyang Road,12879.01065,100065,100153,11,5,6,6,0
Zhangxing Zhuang,Wangdingdi,12875.99154,100185,100145,53,11,42,37,5
Wangdingdi,Zhangxing Zhuang,12875.99154,100145,100185,46,15,31,19,12
Liaohe North Road,Wujiayao,12875.28435,100084,100150,126,16,110,76,34
Wujiayao,Liaohe North Road,12875.28435,100150,100084,104,14,90,66,24
Minquan Gate,Fuxing Gate,12875.02079,100099,100041,47,15,32,19,13
Fuxing Gate,Minquan Gate,12875.02079,100041,100099,37,8,29,9,20
Benxi Road,Liaohe North Road,12874.86251,100008,100084,11,3,8,2,6
Liaohe North Road,Benxi Road,12874.86251,100084,100008,9,2,7,2,5
Tianshili,Shaliu South Road,12874.59032,100136,100116,7,1,6,4,2
Shaliu South Road,Tianshili,12874.59032,100116,100136,6,0,6,5,1
Zhanggui Zhuang,Erwei Road,12873.05237,100184,100036,125,25,100,74,26
Erwei Road,Zhanggui Zhuang,12873.05237,100036,100184,116,20,96,44,52
Yudongcheng,Lilou,12871.41433,100180,100086,174,28,146,88,58
Lilou,Yudongcheng,12871.41433,100086,100180,143,26,117,86,31
Weishan Road,Shunchi Bridge,12871.11533,100148,100120,69,16,53,38,15
Shunchi Bridge,Weishan Road,12871.11533,100120,100148,56,19,37,23,14
Xuelian South Road,Tumour Hospital,12869.49743,100164,100141,9,1,8,7,1
Tumour Hospital,Xuelian South Road,12869.49743,100141,100164,6,0,6,2,4
Liaohe North Road,Dengzhou Road,12869.43209,100084,100024,65,15,50,28,22
Dengzhou Road,Liaohe North Road,12869.43209,100024,100084,39,6,33,16,17
Jingjiang Road,Jiangwan Erzhi Road,12867.03698,100072,100065,37,8,29,19,10
Jiangwan Erzhi Road,Jingjiang Road,12867.03698,100065,100072,24,7,17,10,7
Erwei Road,Guoshan Road,12865.88276,100036,100047,51,12,39,17,22
Guoshan Road,Erwei Road,12865.88276,100047,100036,51,7,44,30,14
Shuanglin,Meijiang Road,12865.8505,100119,100097,2,1,1,0,1
Meijiang Road,Shuanglin,12865.8505,100097,100119,2,1,1,1,0
Shunchi Bridge,Lijiang Road,12864.20457,100120,100085,21,1,20,2,18
Lijiang Road,Shunchi Bridge,12864.20457,100085,100120,17,1,16,11,5
Dawang Zhuang,Chunhai Road,12861.89179,100023,100017,4,1,3,1,2
Second hospital of the Medical University,Dengzhou Road,12861.43712,100115,100024,45,13,32,22,10
Dengzhou Road,Second hospital of the Medical University,12861.43712,100024,100115,32,6,26,19,7
Xueyuan North Road,Yuanyang International Centre,12860.76907,100165,100179,14,2,12,7,5
Yuanyang International Centre,Xueyuan North Road,12860.76907,100179,100165,11,2,9,4,5
JinZhong Street,Guangkaisima Road,12860.72281,100080,100044,123,40,83,60,23
Guangkaisima Road,JinZhong Street,12860.72281,100044,100080,109,31,78,39,39
Nanzhu Bridge,Shiyijing Road,12860.37217,100104,100117,12,1,11,5,6
Shiyijing Road,Nanzhu Bridge,12860.37217,100117,100104,6,2,4,1,3
Yingfeng Road,Huashan Li,12859.93915,100173,100060,30,6,24,15,9
Huashan Li,Yingfeng Road,12859.93915,100060,100173,29,7,22,19,3
Liuwei Road,Shuanglin,12859.7787,100090,100119,17,4,13,6,7
Shuanglin,Liuwei Road,12859.7787,100119,100090,8,1,7,4,3
Meijiang Exhibition Centre,Xingfu Park,12859.26493,100095,100159,249,92,157,103,54
Xingfu Park,Meijiang Exhibition Centre,12859.26493,100159,100095,237,101,136,79,57
Chunhai Road,Huayuan,12858.23129,100017,100061,15,0,15,11,4
Huayuan,Chunhai Road,12858.23129,100061,100017,13,0,13,10,3
Magangchang,Haiguang Temple,12858.2233,100094,100048,109,16,93,77,16
Haiguang Temple,Magangchang,12858.2233,100048,100094,77,10,67,39,28
Shaliu South Road,Zuojiang Road,12857.49754,100116,100192,1,0,1,0,1
Professional University,Southeast Corner,12856.17873,100112,100123,390,148,242,141,101
Southeast Corner,Professional University,12856.17873,100123,100112,346,142,204,106,98
Cao Zhuang,Jiayuan Li,12854.45385,100011,100067,322,82,240,107,133
Jiayuan Li,Cao Zhuang,12854.45385,100067,100011,269,78,191,122,69
Tianjin Station,Haihe East Road,12854.40618,100135,100049,23,6,17,2,15
Haihe East Road,Tianjin Station,12854.40618,100049,100135,6,2,4,0,4
Yuejin North Road,Haiguang Temple,12854.37321,100181,100048,166,28,138,107,31
Haiguang Temple,Yuejin North Road,12854.37321,100048,100181,147,29,118,67,51
Chinese Medicine First Affiliated Hospital,Yihao Bridge,12853.71488,100016,100172,69,13,56,16,40
Yihao Bridge,Chinese Medicine First Affiliated Hospital,12853.71488,100172,100016,57,17,40,24,16
Dongting Road,Taichang Road,12852.76054,100034,100128,24,5,19,7,12
Taichang Road,Dongting Road,12852.76054,100128,100034,15,4,11,8,3
Yizhongxin Hospital,Wandong Road,12851.25364,100177,100144,71,15,56,32,24
Wandong Road,Yizhongxin Hospital,12851.25364,100144,100177,67,13,54,40,14
Meijiang Park,The Financial University,12849.47449,100096,100132,3,2,1,1,0
The Financial University,Meijiang Park,12849.47449,100132,100096,2,0,2,1,1
Honghu Li,Changling Road,12848.59077,100055,100013,143,52,91,43,48
Changling Road,Honghu Li,12848.59077,100013,100055,128,45,83,51,32
Meilin Road,Haiguang Temple,12848.28205,100098,100048,104,18,86,66,20
Haiguang Temple,Meilin Road,12848.28205,100048,100098,94,15,79,53,26
Jianguo Road,Huanyu Road,12847.85477,100064,100059,12,7,5,5,0
Huanyu Road,Jianguo Road,12847.85477,100059,100064,9,0,9,6,3
Yaohuan Road,Xingfu Park,12846.81813,100170,100159,76,21,55,29,26
Xingfu Park,Yaohuan Road,12846.81813,100159,100170,74,24,50,25,25
High-Tech Zone,Northwest Corner,12846.3052,100054,100109,567,173,394,275,119
Northwest Corner,High-Tech Zone,12846.3052,100109,100054,547,169,378,242,136
Shaliu South Road,Sports Centre,12845.7716,100116,100126,112,39,73,59,14
Sports Centre,Shaliu South Road,12845.7716,100126,100116,106,32,74,44,30
Meijiang Exhibition Centre,Southwest corner,12844.58071,100095,100124,215,63,152,104,48
Southwest corner,Meijiang Exhibition Centre,12844.58071,100124,100095,196,58,138,91,47
Xueyuan North Road,Dongxing Road,12843.41398,100165,100035,2,2,0,0,0
Guorui Road,Fuxing Gate,12843.0817,100046,100041,28,1,27,20,7
Fuxing Gate,Guorui Road,12843.0817,100041,100046,28,3,25,21,4
Nanhe Zhuang,Heping Road,12841.99206,100101,100053,491,277,214,74,140
Heping Road,Nanhe Zhuang,12841.99206,100053,100101,489,266,223,79,144
Fangshan Road,Gaozhuangzi,12839.50167,100038,100043,12,5,7,4,3
Gaozhuangzi,Fangshan Road,12839.50167,100043,100038,9,3,6,5,1
West Station,Xiaodian,12837.84873,100149,100155,251,79,172,52,120
Xiaodian,West Station,12837.84873,100155,100149,184,41,143,86,57
Tucheng,Dongli Yijing Road,12837.36133,100140,100033,14,0,14,12,2
Dongli Yijing Road,Tucheng,12837.36133,100033,100140,6,1,5,2,3
Meilin Road,Yibin Road,12837.05041,100098,100171,144,25,119,85,34
Yibin Road,Meilin Road,12837.05041,100171,100098,135,25,110,73,37
Huaihe Road,Xiawafang,12837.01985,100058,100157,601,103,498,387,111
Xiawafang,Huaihe Road,12837.01985,100157,100058,537,80,457,345,112
Wandong Road,Anshan West Road,12837.00892,100144,100003,119,16,103,79,24
Anshan West Road,Wandong Road,12837.00892,100003,100144,90,24,66,40,26
Yueya River,Liulin Road,12836.7754,100182,100089,95,21,74,47,27
Liulin Road,Yueya River,12836.7754,100089,100182,85,20,65,29,36
Jiangwan Erzhi Road,High-Tech Zone,12835.66593,100065,100054,7,3,4,1,3
High-Tech Zone,Jiangwan Erzhi Road,12835.66593,100054,100065,6,4,2,0,2
Yixingbu,Fangshan Road,12835.29463,100175,100038,10,2,8,4,4
Fangshan Road,Yixingbu,12835.29463,100038,100175,5,3,2,1,1
Cuifu New Village,Bianxing,12833.42869,100019,100009,98,20,78,52,26
Bianxing,Cuifu New Village,12833.42869,100009,100019,73,11,62,50,12
Tianjin Station,Weishan Road,12833.38894,100135,100148,89,28,61,18,43
Weishan Road,Tianjin Station,12833.38894,100148,100135,84,16,68,46,22
Jinwan Square,Meilin Road,12830.28464,100078,100098,70,19,51,30,21
Meilin Road,Jinwan Square,12830.28464,100098,100078,53,9,44,37,7
Shuanglin,University of Civil Aviation,12829.6439,100119,100142,32,12,20,15,5
University of Civil Aviation,Shuanglin,12829.6439,100142,100119,29,10,19,16,3
Sports Centre,Jianchang Road,12826.71796,100126,100063,158,32,126,65,61
Jianchang Road,Sports Centre,12826.71796,100063,100126,156,35,121,75,46
Yihao Bridge,Meijiang Exhibition Centre,12823.53922,100172,100095,29,14,15,3,12
Meijiang Exhibition Centre,Yihao Bridge,12823.53922,100095,100172,20,2,18,11,7
Yaohuan Road,Wandong Road,12823.44311,100170,100144,44,8,36,25,11
Wandong Road,Yaohuan Road,12823.44311,100144,100170,42,9,33,24,9
Xuzhuangzi,Tiantuo,12822.55494,100168,100138,61,7,54,47,7
Tiantuo,Xuzhuangzi,12822.55494,100138,100168,53,8,45,26,19
Wujiayao,Zhanggui Zhuang,12821.76075,100150,100184,231,41,190,133,57
Zhanggui Zhuang,Wujiayao,12821.76075,100184,100150,224,30,194,146,48
Tianjin Station,Shuanglin,12820.82055,100135,100119,1104,374,730,337,393
Shuanglin,Tianjin Station,12820.82055,100119,100135,1036,305,731,404,327
Wandong Road,Meijiang Exhibition Centre,12816.96427,100144,100095,46,19,27,20,7
Meijiang Exhibition Centre,Wandong Road,12816.96427,100095,100144,36,12,24,15,9
Xinkai River,Fangshan Road,12815.15791,100160,100038,5,1,4,4,0
Fangshan Road,Xinkai River,12815.15791,100038,100160,4,0,4,4,0
Tiedong Road,Shaliu South Road,12813.77687,100139,100116,39,6,33,14,19
Shaliu South Road,Tiedong Road,12813.77687,100116,100139,37,7,30,21,9
Tiantai Road,Dengzhou Road,12812.91525,100137,100024,55,11,44,32,12
Dengzhou Road,Tiantai Road,12812.91525,100024,100137,54,12,42,30,12
Dengzhou South Road,Northwest Corner,12807.59099,100025,100109,152,15,137,95,42
Northwest Corner,Dengzhou South Road,12807.59099,100109,100025,134,24,110,61,49
Meijiang Park,Number Two Bridge,12805.51271,100096,100110,5,2,3,0,3
Number Two Bridge,Meijiang Park,12805.51271,100110,100096,2,0,2,0,2
University town,Zhongshan Road,12804.02267,100143,100190,975,242,733,408,325
Zhongshan Road,University town,12804.02267,100190,100143,880,255,625,314,311
Leyuan Road,Tianshili,12802.69268,100083,100136,7,4,3,2,1
Tianshili,Leyuan Road,12802.69268,100136,100083,1,0,1,0,1
Zhangxing Zhuang,Tumour Hospital,12802.42227,100185,100141,308,53,255,163,92
Tumour Hospital,Zhangxing Zhuang,12802.42227,100141,100185,304,51,253,113,140
Lushui Road,Anshan Road,12800.12879,100093,100002,60,22,38,17,21
Anshan Road,Lushui Road,12800.12879,100002,100093,53,15,38,20,18
Youyi South Road,Dongli Sanjing Road,12798.19,100178,100032,64,2,62,60,2
Dongli Sanjing Road,Youyi South Road,12798.19,100032,100178,56,2,54,45,9
Number Two Bridge,Guangkaisima Road,12797.68175,100110,100044,180,26,154,113,41
Guangkaisima Road,Number Two Bridge,12797.68175,100044,100110,158,30,128,88,40
Xinxing Village,Jintang Road,12797.0311,100162,100077,3,0,3,3,0
Jintang Road,Xinxing Village,12797.0311,100077,100162,3,0,3,3,0
Longhan Road,Haiguang Temple,12796.59994,100092,100048,82,11,71,59,12
Haiguang Temple,Longhan Road,12796.59994,100048,100092,51,14,37,25,12
Yuejin North Road,Lijiang Road,12796.33724,100181,100085,25,4,21,18,3
Lijiang Road,Yuejin North Road,12796.33724,100085,100181,19,2,17,14,3
Xuzhou Road,High-Tech Zone,12794.69231,100167,100054,8,1,7,3,4
High-Tech Zone,Xuzhou Road,12794.69231,100054,100167,5,1,4,4,0
The Financial University,Jinshi Bridge,12792.72851,100132,100076,255,61,194,121,73
Jinshi Bridge,The Financial University,12792.72851,100076,100132,223,65,158,75,83
Jianchang Road,Fuxing Gate,12792.72817,100063,100041,60,12,48,38,10
Fuxing Gate,Jianchang Road,12792.72817,100041,100063,57,11,46,25,21
Changling Road,Number Two Bridge,12792.57153,100013,100110,24,9,15,10,5
Number Two Bridge,Changling Road,12792.57153,100110,100013,16,6,10,3,7
Hongqi South Road,Yueya River,12790.35768,100057,100182,277,47,230,168,62
Yueya River,Hongqi South Road,12790.35768,100182,100057,261,45,216,148,68
Tiantai Road,University town,12789.97301,100137,100143,344,112,232,152,80
University town,Tiantai Road,12789.97301,100143,100137,320,93,227,137,90
Beiyangyuan Campus of Tianjin University,Jianshan Road,12789.76779,100007,100066,96,31,65,21,44
Jianshan Road,Beiyangyuan Campus of Tianjin University,12789.76779,100066,100007,78,30,48,23,25
Wujiayao,Jiefang South Road,12789.13503,100150,100068,250,45,205,143,62
Jiefang South Road,Wujiayao,12789.13503,100068,100150,228,44,184,139,45
Dabi Zhuang,Xiangshan Road,12788.90487,100021,100151,34,9,25,20,5
Xiangshan Road,Dabi Zhuang,12788.90487,100151,100021,29,5,24,5,19
Liqi Zhuang South,Zhongshan Gate,12787.06974,100088,100189,25,5,20,13,7
Zhongshan Gate,Liqi Zhuang South,12787.06974,100189,100088,23,2,21,15,6
People's Hospital,Dabi Zhuang,12786.71517,100111,100021,277,65,212,86,126
Dabi Zhuang,People's Hospital,12786.71517,100021,100111,266,56,210,144,66
JinZhong Street,Erwei Road,12786.16392,100080,100036,284,47,237,184,53
Erwei Road,JinZhong Street,12786.16392,100036,100080,220,45,175,107,68
Fengchan River,Chenglin Road,12785.38339,100039,100014,24,7,17,14,3
Chenglin Road,Fengchan River,12785.38339,100014,100039,23,9,14,7,7
Nanlou,Liaohe North Road,12784.42799,100102,100084,77,12,65,45,20
Liaohe North Road,Nanlou,12784.42799,100084,100102,76,11,65,59,6
Nancuiping,Jinghe Road,12783.73379,100100,100071,35,12,23,15,8
Jinghe Road,Nancuiping,12783.73379,100071,100100,26,12,14,10,4
Shunchi Bridge,Chinese Medicine First Affiliated Hospital,12783.32623,100120,100016,119,41,78,44,34
Chinese Medicine First Affiliated Hospital,Shunchi Bridge,12783.32623,100016,100120,115,30,85,32,53
Southwest Tower,Liaohe North Road,12780.17771,100125,100084,303,54,249,163,86
Liaohe North Road,Southwest Tower,12780.17771,100084,100125,303,64,239,174,65
Xuzhou Road,Chinese Medicine First Affiliated Hospital,12779.67123,100167,100016,18,6,12,1,11
Chinese Medicine First Affiliated Hospital,Xuzhou Road,12779.67123,100016,100167,12,1,11,5,6
North China Group,Jintang Road,12776.41702,100107,100077,199,42,157,94,63
Jintang Road,North China Group,12776.41702,100077,100107,189,40,149,88,61
Xingfu Park,Yizhongxin Hospital,12775.1995,100159,100177,224,33,191,130,61
Yizhongxin Hospital,Xingfu Park,12775.1995,100177,100159,185,37,148,95,53
Anshan Road,Youyi South Road,12775.19298,100002,100178,40,5,35,25,10
Youyi South Road,Anshan Road,12775.19298,100178,100002,34,6,28,19,9
Chinese Medicine First Affiliated Hospital,Wanshan Road,12774.77908,100016,100146,34,10,24,7,17
Wanshan Road,Chinese Medicine First Affiliated Hospital,12774.77908,100146,100016,29,8,21,15,6
Xiangshan Road,Second hospital of the Medical University,12773.78499,100151,100115,6,2,4,2,2
Second hospital of the Medical University,Xiangshan Road,12773.78499,100115,100151,3,1,2,0,2
Yixingbu North,Shaliu South Road,12773.23793,100176,100116,68,19,49,24,25
Shaliu South Road,Yixingbu North,12773.23793,100116,100176,65,20,45,25,20
Xuelian South Road,Jinwan Square,12773.12904,100164,100078,2,1,1,0,1
Jingjiang Road,Dongli Culture and Sports Centre,12772.57554,100072,100029,19,2,17,12,5
Dongli Culture and Sports Centre,Jingjiang Road,12772.57554,100029,100072,16,4,12,9,3
Lijiang Road,Southeast Corner,12771.53655,100085,100123,47,19,28,12,16
Southeast Corner,Lijiang Road,12771.53655,100123,100085,44,14,30,20,10
Yueya River,Zhanggui Zhuang,12769.61007,100182,100184,233,45,188,123,65
Zhanggui Zhuang,Yueya River,12769.61007,100184,100182,227,51,176,108,68
Yutai,People's Hospital,12765.42315,100183,100111,32,8,24,17,7
People's Hospital,Yutai,12765.42315,100111,100183,26,7,19,9,10
Youyi South Road,University town,12765.02362,100178,100143,3,1,2,2,0
University town,Youyi South Road,12765.02362,100143,100178,1,0,1,1,0
Yuanyang International Centre,University of Civil Aviation,12764.89395,100179,100142,197,86,111,53,58
University of Civil Aviation,Yuanyang International Centre,12764.89395,100142,100179,186,76,110,65,45
JinZhong River Street,Wangdingdi,12764.50106,100079,100145,95,11,84,74,10
Wangdingdi,JinZhong River Street,12764.50106,100145,100079,94,17,77,64,13
People's Hospital,Meijiang Exhibition Centre,12763.56002,100111,100095,431,143,288,180,108
Meijiang Exhibition Centre,People's Hospital,12763.56002,100095,100111,409,133,276,177,99
Fuxing Gate,Wangdingdi,12763.27202,100041,100145,39,8,31,21,10
Wangdingdi,Fuxing Gate,12763.27202,100145,100041,36,10,26,22,4
Jiefang South Road,Hehui South Road,12762.31944,100068,100052,262,78,184,92,92
Hehui South Road,Jiefang South Road,12762.31944,100052,100068,219,76,143,86,57
Water Park Road East,Shaliu South Road,12761.60708,100147,100116,35,11,24,14,10
Shaliu South Road,Water Park Road East,12761.60708,100116,100147,33,7,26,19,7
Fuxing Road,Nanhe Zhuang,12760.98845,100042,100101,57,11,46,27,19
Nanhe Zhuang,Fuxing Road,12760.98845,100101,100042,56,18,38,28,10
Dongxing Road,Airport Economic Zone,12760.82372,100035,100001,202,31,171,104,67
Airport Economic Zone,Dongxing Road,12760.82372,100001,100035,196,23,173,116,57
Zhongshan Gate,Yibin Road,12758.2285,100189,100171,113,21,92,72,20
Yibin Road,Zhongshan Gate,12758.2285,100171,100189,92,19,73,57,16
Chinese Medicine First Affiliated Hospital,Lilou,12757.16541,100016,100086,107,24,83,22,61
Lilou,Chinese Medicine First Affiliated Hospital,12757.16541,100086,100016,106,26,80,44,36
Honghu Li,University town,12753.57443,100055,100143,545,280,265,145,120
University town,Honghu Li,12753.57443,100143,100055,526,238,288,171,117
Yuejin North Road,Dongli Sanjing Road,12752.92454,100181,100032,7,0,7,7,0
Dongli Sanjing Road,Yuejin North Road,12752.92454,100032,100181,4,0,4,4,0
Liaohe North Road,Anshan West Road,12748.29748,100084,100003,112,25,87,72,15
Anshan West Road,Liaohe North Road,12748.29748,100003,100084,109,22,87,48,39
Dongxing Road,University of Civil Aviation,12747.53885,100035,100142,19,2,17,11,6
University of Civil Aviation,Dongxing Road,12747.53885,100142,100035,16,3,13,12,1
Zhangxing Zhuang,Ruijing XinYuan,12747.36692,100185,100114,28,10,18,11,7
Ruijing XinYuan,Zhangxing Zhuang,12747.36692,100114,100185,20,5,15,8,7
Leyuan Road,Yixingbu North,12746.50331,100083,100176,58,19,39,31,8
Yixingbu North,Leyuan Road,12746.50331,100176,100083,33,3,30,23,7
Fengchan River,Fuxing Road,12745.41657,100039,100042,25,1,24,19,5
Fuxing Road,Fengchan River,12745.41657,100042,100039,21,3,18,9,9
Chinese Medicine First Affiliated Hospital,Jianguo Road,12744.61537,100016,100064,202,48,154,98,56
Jianguo Road,Chinese Medicine First Affiliated Hospital,12744.61537,100064,100016,157,26,131,78,53
Tumour Hospital,Jinmao Industrial Area,12743.14341,100141,100074,14,0,14,9,5
Jinmao Industrial Area,Tumour Hospital,12743.14341,100074,100141,13,0,13,13,0
Gaozhuangzi,Youyi South Road,12741.81943,100043,100178,43,7,36,25,11
Youyi South Road,Gaozhuangzi,12741.81943,100178,100043,34,5,29,20,9
Yihao Bridge,Dengzhou Road,12741.5301,100172,100024,42,2,40,10,30
Dengzhou Road,Yihao Bridge,12741.5301,100024,100172,24,1,23,22,1
Changhong Park,Dengzhou Road,12741.38112,100012,100024,382,91,291,201,90
Dengzhou Road,Changhong Park,12741.38112,100024,100012,329,80,249,181,68
Fengchan River,Dawang Zhuang,12740.643,100039,100023,22,4,18,18,0
Dawang Zhuang,Fengchan River,12740.643,100023,100039,20,3,17,15,2
North Beichen Tech Park,North China Group,12738.01555,100106,100107,75,21,54,24,30
North China Group,North Beichen Tech Park,12738.01555,100107,100106,70,29,41,22,19
Fuxing Gate,Dengzhou Road,12735.52693,100041,100024,34,9,25,15,10
Dengzhou Road,Fuxing Gate,12735.52693,100024,100041,24,5,19,9,10
Qinjian Road,Huaihe Road,12734.48917,100113,100058,28,2,26,17,9
Huaihe Road,Qinjian Road,12734.48917,100058,100113,18,2,16,13,3
North China Group,Taichang Road,12733.97662,100107,100128,272,92,180,96,84
Taichang Road,North China Group,12733.97662,100128,100107,247,96,151,74,77
Jianguo Road,Xiaodian,12733.14331,100064,100155,38,14,24,15,9
Xiaodian,Jianguo Road,12733.14331,100155,100064,35,3,32,17,15
Nancuiping,The Financial University,12732.96041,100100,100132,42,20,22,15,7
The Financial University,Nancuiping,12732.96041,100132,100100,36,9,27,12,15
Xiawafang,Cao Zhuang,12729.09088,100157,100011,827,206,621,424,197
Cao Zhuang,Xiawafang,12729.09088,100011,100157,821,183,638,452,186
Foreign Languages High School,Changling Road,12727.24432,100040,100013,35,4,31,23,8
Changling Road,Foreign Languages High School,12727.24432,100013,100040,23,4,19,8,11
Water Park Road East,Huanyu Road,12725.64568,100147,100059,2,0,2,2,0
Huanyu Road,Water Park Road East,12725.64568,100059,100147,2,0,2,0,2
Jieyuan West Road,Meijiang Road,12724.33902,100069,100097,151,20,131,115,16
Meijiang Road,Jieyuan West Road,12724.33902,100097,100069,143,22,121,87,34
Anshan West Road,Chunhai Road,12722.65075,100003,100017,27,2,25,20,5
Chunhai Road,Anshan West Road,12722.65075,100017,100003,26,7,19,12,7
The Financial University,Donggu Road,12722.39153,100132,100026,783,235,548,275,273
Donggu Road,The Financial University,12722.39153,100026,100132,735,233,502,265,237
Southeast Corner,Hangshuang Road,12722.16577,100123,100051,159,27,132,103,29
Hangshuang Road,Southeast Corner,12722.16577,100051,100123,128,21,107,76,31
Jin Street,Dabi Zhuang,12721.04486,100070,100021,86,19,67,40,27
Dabi Zhuang,Jin Street,12721.04486,100021,100070,85,10,75,54,21
Dabi Zhuang,Yingkou Road,12720.53998,100021,100174,980,346,634,291,343
Yingkou Road,Dabi Zhuang,12720.53998,100174,100021,962,363,599,312,287
Tiantai Road,Chentang Zhuang,12720.12798,100137,100015,222,25,197,152,45
Chentang Zhuang,Tiantai Road,12720.12798,100015,100137,194,25,169,117,52
Benxi Road,Tumour Hospital,12719.04986,100008,100141,472,78,394,264,130
Tumour Hospital,Benxi Road,12719.04986,100141,100008,463,74,389,178,211
Guangkaisima Road,Jiangwan Erzhi Road,12718.96799,100044,100065,16,5,11,5,6
Jiangwan Erzhi Road,Guangkaisima Road,12718.96799,100065,100044,16,2,14,10,4
Zhongshan Gate,Xianyang Road,12718.92905,100189,100153,362,76,286,193,93
Xianyang Road,Zhongshan Gate,12718.92905,100153,100189,347,67,280,193,87
Leyuan Road,JinZhong Street,12718.62349,100083,100080,61,23,38,16,22
JinZhong Street,Leyuan Road,12718.62349,100080,100083,57,20,37,25,12
Changling Road,Beining Park,12718.51756,100013,100006,117,32,85,52,33
Beining Park,Changling Road,12718.51756,100006,100013,98,33,65,45,20
Tian Tower,Cao Zhuang,12716.9972,100133,100011,605,211,394,187,207
Cao Zhuang,Tian Tower,12716.9972,100011,100133,510,148,362,219,143
Chentang Zhuang,Foreign Languages High School,12716.89508,100015,100040,37,4,33,28,5
Foreign Languages High School,Chentang Zhuang,12716.89508,100040,100015,34,4,30,25,5
Lushui Road,Chenglin Road,12715.81721,100093,100014,89,21,68,45,23
Chenglin Road,Lushui Road,12715.81721,100014,100093,80,16,64,37,27
Zhaoyuan Road,Chinese Medicine First Affiliated Hospital,12715.738,100186,100016,23,5,18,9,9
Chinese Medicine First Affiliated Hospital,Zhaoyuan Road,12715.738,100016,100186,20,3,17,4,13
Meijiang Exhibition Centre,Jianguo Road,12714.43971,100095,100064,101,28,73,59,14
Jianguo Road,Meijiang Exhibition Centre,12714.43971,100064,100095,88,19,69,44,25
Chinese Medicine First Affiliated Hospital,Southwest corner,12713.03304,100016,100124,264,56,208,99,109
Southwest corner,Chinese Medicine First Affiliated Hospital,12713.03304,100124,100016,256,61,195,118,77
Heping Road,Xueyuan North Road,12712.48312,100053,100165,3,0,3,0,3
Xueyuan North Road,Heping Road,12712.48312,100165,100053,3,1,2,0,2
Fuxing Gate,Fuxing Road,12711.84053,100041,100042,54,7,47,36,11
Fuxing Road,Fuxing Gate,12711.84053,100042,100041,44,4,40,33,7
Tiedong Road,Chentang Zhuang,12710.75887,100139,100015,212,45,167,128,39
Chentang Zhuang,Tiedong Road,12710.75887,100015,100139,191,27,164,90,74
Binhai International Airport,Yueya River,12710.08962,100010,100182,192,65,127,45,82
Yueya River,Binhai International Airport,12710.08962,100182,100010,185,54,131,70,61
Huaihe Road,Anshan Road,12710.07746,100058,100002,303,57,246,151,95
Anshan Road,Huaihe Road,12710.07746,100002,100058,270,61,209,90,119
Southwest Tower,Benxi Road,12707.52627,100125,100008,270,72,198,121,77
Benxi Road,Southwest Tower,12707.52627,100008,100125,264,49,215,146,69
Dabi Zhuang,Shiyijing Road,12707.16772,100021,100117,65,11,54,41,13
Shiyijing Road,Dabi Zhuang,12707.16772,100117,100021,62,3,59,30,29
Fuxing Gate,Anshan West Road,12706.24685,100041,100003,71,11,60,43,17
Anshan West Road,Fuxing Gate,12706.24685,100003,100041,66,11,55,41,14
North Station,Meijiang Park,12705.89816,100108,100096,29,10,19,11,8
Meijiang Park,North Station,12705.89816,100096,100108,26,6,20,14,6
Liuwei Road,Jiayuan Li,12705.82701,100090,100067,49,19,30,17,13
Jiayuan Li,Liuwei Road,12705.82701,100067,100090,41,13,28,18,10
Cuifu New Village,Shuanglin,12705.48568,100019,100119,19,5,14,7,7
Shuanglin,Cuifu New Village,12705.48568,100119,100019,18,7,11,4,7
Dengzhou South Road,Zhangxing Zhuang,12704.94523,100025,100185,35,9,26,20,6
Zhangxing Zhuang,Dengzhou South Road,12704.94523,100185,100025,29,6,23,13,10
Dongli Culture and Sports Centre,Liuwei Road,12703.71795,100029,100090,15,0,15,11,4
Liuwei Road,Dongli Culture and Sports Centre,12703.71795,100090,100029,11,2,9,7,2
Yixingbu North,Cultural centre,12702.22929,100176,100020,362,122,240,149,91
Cultural centre,Yixingbu North,12702.22929,100020,100176,323,116,207,111,96
Shuanggang,Yingfeng Road,12700.51477,100118,100173,87,19,68,53,15
Yingfeng Road,Shuanggang,12700.51477,100173,100118,83,22,61,42,19
Huanyu Road,Second hospital of the Medical University,12700.17932,100059,100115,1,0,1,1,0
Gulou,The Financial University,12699.44906,100045,100132,638,281,357,131,226
The Financial University,Gulou,12699.44906,100132,100045,625,270,355,160,195
Jingjiang Road,Dongting Road,12699.34031,100072,100034,30,5,25,19,6
Dongting Road,Jingjiang Road,12699.34031,100034,100072,17,3,14,11,3
Cuifu New Village,Yizhongxin Hospital,12697.98644,100019,100177,112,21,91,65,26
Yizhongxin Hospital,Cuifu New Village,12697.98644,100177,100019,99,19,80,42,38
Southwest Tower,Xuefu Industrial Area,12696.55312,100125,100163,85,5,80,76,4
Xuefu Industrial Area,Southwest Tower,12696.55312,100163,100125,73,4,69,57,12
Jianguo Road,Yaohuan Road,12696.24655,100064,100170,32,7,25,17,8
Yaohuan Road,Jianguo Road,12696.24655,100170,100064,32,7,25,13,12
Xuzhou Road,Yaohuan Road,12693.14629,100167,100170,7,3,4,2,2
Yaohuan Road,Xuzhou Road,12693.14629,100170,100167,1,0,1,1,0
Tianjin Station,Jiefang South Road,12692.33033,100135,100068,874,271,603,255,348
Jiefang South Road,Tianjin Station,12692.33033,100068,100135,734,206,528,327,201
Siyuan Road,Airport Economic Zone,12691.19679,100121,100001,55,12,43,33,10
Airport Economic Zone,Siyuan Road,12691.19679,100001,100121,46,9,37,21,16
Zhongshan Road,Jinmao Industrial Area,12685.9674,100190,100074,5,0,5,5,0
Jinmao Industrial Area,Zhongshan Road,12685.9674,100074,100190,2,0,2,2,0
Zhongshan Gate,Yixingbu,12685.77508,100189,100175,77,28,49,26,23
Yixingbu,Zhongshan Gate,12685.77508,100175,100189,73,23,50,27,23
High-Tech Zone,Southeast Corner,12685.6318,100054,100123,379,181,198,146,52
Southeast Corner,High-Tech Zone,12685.6318,100123,100054,369,185,184,101,83
Xuzhou Road,Meijiang Exhibition Centre,12682.34297,100167,100095,12,7,5,3,2
Meijiang Exhibition Centre,Xuzhou Road,12682.34297,100095,100167,3,2,1,0,1
Meijiang Exhibition Centre,Jinnan Campus of Nankai University,12681.41589,100095,100075,71,27,44,16,28
Jinnan Campus of Nankai University,Meijiang Exhibition Centre,12681.41589,100075,100095,69,23,46,34,12
Wangdingdi,Magangchang,12680.46554,100145,100094,2,1,1,1,0
Magangchang,Wangdingdi,12680.46554,100094,100145,1,0,1,1,0
Jiangwan Erzhi Road,Dengzhou Road,12680.29954,100065,100024,41,10,31,26,5
Dengzhou Road,Jiangwan Erzhi Road,12680.29954,100024,100065,26,4,22,16,6
Jiayuan Li,Yueya River,12680.09069,100067,100182,123,35,88,50,38
Yueya River,Jiayuan Li,12680.09069,100182,100067,95,35,60,34,26
Dongli Yijing Road,Yudongcheng,12678.63417,100033,100180,48,7,41,36,5
Yudongcheng,Dongli Yijing Road,12678.63417,100180,100033,45,5,40,34,6
Southeast Corner,Airport Economic Zone,12677.88261,100123,100001,1949,571,1378,887,491
Airport Economic Zone,Southeast Corner,12677.88261,100001,100123,1713,508,1205,769,436
Changling Road,Dengzhou South Road,12677.83336,100013,100025,34,5,29,19,10
Dengzhou South Road,Changling Road,12677.83336,100025,100013,33,8,25,15,10
Meijiang Exhibition Centre,Huashan Li,12677.31546,100095,100060,5,1,4,2,2
Huashan Li,Meijiang Exhibition Centre,12677.31546,100060,100095,2,1,1,1,0
Shunchi Bridge,Yaohuan Road,12676.75379,100120,100170,26,3,23,8,15
Yaohuan Road,Shunchi Bridge,12676.75379,100170,100120,25,5,20,18,2
Meijiang Park,Northwest Corner,12676.4402,100096,100109,50,9,41,33,8
Northwest Corner,Meijiang Park,12676.4402,100109,100096,48,6,42,28,14
Xuefu Industrial Area,Xianyang Road,12675.91115,100163,100153,160,8,152,125,27
Xianyang Road,Xuefu Industrial Area,12675.91115,100153,100163,132,4,128,121,7
Jiangwan Erzhi Road,Haiguang Temple,12675.63387,100065,100048,56,15,41,36,5
Haiguang Temple,Jiangwan Erzhi Road,12675.63387,100048,100065,44,9,35,27,8
Dengzhou South Road,Guangkaisima Road,12674.73676,100025,100044,142,28,114,84,30
Guangkaisima Road,Dengzhou South Road,12674.73676,100044,100025,109,30,79,51,28
University of Civil Aviation,Dongli Culture and Sports Centre,12673.58315,100142,100029,96,60,36,6,30
Dongli Culture and Sports Centre,University of Civil Aviation,12673.58315,100029,100142,90,45,45,10,35
Lijiang Road,Southwest corner,12671.56212,100085,100124,16,4,12,10,2
Southwest corner,Lijiang Road,12671.56212,100124,100085,13,3,10,3,7
Xiaodong Zhuang,Zhongshan Gate,12670.71316,100156,100189,1116,236,880,622,258
Zhongshan Gate,Xiaodong Zhuang,12670.71316,100189,100156,1066,220,846,493,353
Chinese Medicine First Affiliated Hospital,Southeast Corner,12670.61071,100016,100123,243,84,159,88,71
Southeast Corner,Chinese Medicine First Affiliated Hospital,12670.61071,100123,100016,217,75,142,68,74
Shunchi Bridge,Meijiang Exhibition Centre,12669.63716,100120,100095,61,14,47,37,10
Meijiang Exhibition Centre,Shunchi Bridge,12669.63716,100095,100120,45,7,38,24,14
Huaihe Road,Xikang Road,12669.30845,100058,100158,394,69,325,267,58
Xikang Road,Huaihe Road,12669.30845,100158,100058,355,60,295,218,77
Xuzhuangzi,Tianjin Hotel,12668.48199,100168,100134,56,13,43,30,13
Tianjin Hotel,Xuzhuangzi,12668.48199,100134,100168,55,8,47,41,6
Liuyuan,Tiantuo,12666.80025,100091,100138,748,102,646,480,166
Tiantuo,Liuyuan,12666.80025,100138,100091,640,89,551,400,151
Jinwan Square,Xiaodian,12664.46119,100078,100155,178,45,133,59,74
Xiaodian,Jinwan Square,12664.46119,100155,100078,148,37,111,86,25
Bei Zhulin,High-Tech Zone,12663.2816,100004,100054,37,5,32,24,8
High-Tech Zone,Bei Zhulin,12663.2816,100054,100004,36,13,23,16,7
University of Civil Aviation,Xiawafang,12663.10578,100142,100157,289,101,188,117,71
Xiawafang,University of Civil Aviation,12663.10578,100157,100142,288,91,197,126,71
Yingkou Road,Xuelian South Road,12662.85642,100174,100164,84,22,62,37,25
Xuelian South Road,Yingkou Road,12662.85642,100164,100174,55,16,39,21,18
JinZhong Street,Guoshan Road,12662.73805,100080,100047,33,4,29,25,4
Guoshan Road,JinZhong Street,12662.73805,100047,100080,25,10,15,14,1
Sports Centre,Xuelian South Road,12658.58927,100126,100164,10,0,10,9,1
Xuelian South Road,Sports Centre,12658.58927,100164,100126,5,0,5,3,2
Jiangwan Erzhi Road,Jinwan Square,12657.63646,100065,100078,24,9,15,12,3
Jinwan Square,Jiangwan Erzhi Road,12657.63646,100078,100065,13,4,9,7,2
Taichang Road,Jiefang South Road,12655.98715,100128,100068,195,45,150,70,80
Jiefang South Road,Taichang Road,12655.98715,100068,100128,195,56,139,84,55
Cuifu New Village,Youyi South Road,12654.55719,100019,100178,48,10,38,32,6
Youyi South Road,Cuifu New Village,12654.55719,100178,100019,46,7,39,29,10
Meijiang Road,Zhanggui Zhuang,12653.94435,100097,100184,54,7,47,35,12
Zhanggui Zhuang,Meijiang Road,12653.94435,100184,100097,41,7,34,28,6
Heping Road,University of Civil Aviation,12652.96844,100053,100142,3521,1717,1804,476,1328
University of Civil Aviation,Heping Road,12652.96844,100142,100053,2831,1278,1553,802,751
Xingfu Park,Zhaoyuan Road,12650.47644,100159,100186,8,1,7,2,5
Zhaoyuan Road,Xingfu Park,12650.47644,100186,100159,4,0,4,1,3
Dongting Road,Tian Tower,12649.55302,100034,100133,21,5,16,12,4
Tian Tower,Dongting Road,12649.55302,100133,100034,19,2,17,11,6
Siyuan Road,Yuejin North Road,12648.77254,100121,100181,14,0,14,9,5
Yuejin North Road,Siyuan Road,12648.77254,100181,100121,11,1,10,10,0
Zhongshan Gate,Magangchang,12647.71567,100189,100094,6,0,6,1,5
Magangchang,Zhongshan Gate,12647.71567,100094,100189,5,0,5,5,0
Meijiang Park,Beining Park,12646.86141,100096,100006,17,5,12,7,5
Beining Park,Meijiang Park,12646.86141,100006,100096,13,4,9,3,6
Liqi Zhuang South,Fuxing Gate,12646.59265,100088,100041,7,0,7,6,1
Fuxing Gate,Liqi Zhuang South,12646.59265,100041,100088,1,1,0,0,0
Cuifu New Village,Dongli Culture and Sports Centre,12645.44021,100019,100029,18,5,13,8,5
Dongli Culture and Sports Centre,Cuifu New Village,12645.44021,100029,100019,12,4,8,4,4
Shiyijing Road,Jiayuan Li,12641.93539,100117,100067,225,29,196,137,59
Jiayuan Li,Shiyijing Road,12641.93539,100067,100117,219,24,195,175,20
Tianshili,Tian Tower,12641.70488,100136,100133,183,55,128,76,52
Tian Tower,Tianshili,12641.70488,100133,100136,173,67,106,50,56
Chinese Medicine First Affiliated Hospital,Bei Zhulin,12639.96488,100016,100004,31,13,18,9,9
Bei Zhulin,Chinese Medicine First Affiliated Hospital,12639.96488,100004,100016,22,6,16,10,6
Haihe East Road,Airport Economic Zone,12639.85267,100049,100001,9,0,9,9,0
Airport Economic Zone,Haihe East Road,12639.85267,100001,100049,6,0,6,1,5
Heping Road,Fengchan River,12637.88635,100053,100039,433,231,202,87,115
Fengchan River,Heping Road,12637.88635,100039,100053,337,153,184,111,73
Xingfu Park,Benxi Road,12637.21316,100159,100008,104,22,82,37,45
Benxi Road,Xingfu Park,12637.21316,100008,100159,70,10,60,38,22
Liulin Road,Erwei Road,12636.62076,100089,100036,676,34,642,594,48
Erwei Road,Liulin Road,12636.62076,100036,100089,573,22,551,370,181
Dengzhou Road,Jianshan Road,12635.71979,100024,100066,26,4,22,17,5
Jianshan Road,Dengzhou Road,12635.71979,100066,100024,21,4,17,5,12
Huashan Li,University of Civil Aviation,12635.04419,100060,100142,6,2,4,2,2
University of Civil Aviation,Huashan Li,12635.04419,100142,100060,3,1,2,2,0
Liulin Road,Jin Street,12633.71104,100089,100070,232,59,173,96,77
Jin Street,Liulin Road,12633.71104,100070,100089,222,70,152,90,62
Jingjiang Road,Xinxing Village,12630.30773,100072,100162,6,0,6,3,3
Xinxing Village,Jingjiang Road,12630.30773,100162,100072,1,0,1,1,0
Siyuan Road,Longhan Road,12630.12023,100121,100092,4,0,4,4,0
Cao Zhuang,Liuwei Road,12628.56631,100011,100090,204,57,147,90,57
Liuwei Road,Cao Zhuang,12628.56631,100090,100011,189,46,143,69,74
Lushui Road,Dawang Zhuang,12628.32531,100093,100023,50,14,36,24,12
Dawang Zhuang,Lushui Road,12628.32531,100023,100093,30,10,20,13,7
Fuxing Gate,Dongting Road,12627.30408,100041,100034,2,0,2,1,1
Dongting Road,Fuxing Gate,12627.30408,100034,100041,2,1,1,1,0
Dongli Culture and Sports Centre,Xiawafang,12627.16857,100029,100157,28,8,20,14,6
Xiawafang,Dongli Culture and Sports Centre,12627.16857,100157,100029,21,4,17,14,3
Huanyu Road,Xikang Road,12627.09408,100059,100158,1,1,0,0,0
Jiayuan Li,Xiawafang,12625.89984,100067,100157,843,156,687,460,227
Xiawafang,Jiayuan Li,12625.89984,100157,100067,813,156,657,387,270
Cao Zhuang,Cultural centre,12625.28238,100011,100020,724,231,493,330,163
Cultural centre,Cao Zhuang,12625.28238,100020,100011,658,232,426,268,158
Gulou,High-Tech Zone,12624.90913,100045,100054,589,287,302,112,190
High-Tech Zone,Gulou,12624.90913,100054,100045,519,199,320,188,132
Xuzhou Road,Weishan Road,12622.67975,100167,100148,14,3,11,8,3
Weishan Road,Xuzhou Road,12622.67975,100148,100167,2,0,2,1,1
Tian Tower,Yixingbu North,12616.91066,100133,100176,220,67,153,55,98
Yixingbu North,Tian Tower,12616.91066,100176,100133,214,71,143,94,49
Jianchang Road,Jieyuan West Road,12616.31013,100063,100069,59,14,45,33,12
Jieyuan West Road,Jianchang Road,12616.31013,100069,100063,59,18,41,29,12
Yueya River,Xuelian South Road,12615.93002,100182,100164,3,0,3,0,3
Xuelian South Road,Yueya River,12615.93002,100164,100182,3,0,3,3,0
Meijiang Road,Honghu Li,12615.27854,100097,100055,194,35,159,127,32
Honghu Li,Meijiang Road,12615.27854,100055,100097,182,35,147,127,20
Liqi Zhuang South,Heping Road,12614.1887,100088,100053,49,10,39,28,11
Heping Road,Liqi Zhuang South,12614.1887,100053,100088,39,19,20,7,13
Chunhai Road,Jingjiang Road,12613.9516,100017,100072,84,13,71,51,20
Jingjiang Road,Chunhai Road,12613.9516,100072,100017,79,7,72,56,16
Yudongcheng,Huaihe Road,12609.92804,100180,100058,214,26,188,148,40
Huaihe Road,Yudongcheng,12609.92804,100058,100180,205,39,166,121,45
Youyi South Road,Changhong Park,12609.53099,100178,100012,7,4,3,2,1
Bei Zhulin,Fuxing Gate,12608.26426,100004,100041,3,1,2,1,1
Fuxing Gate,Bei Zhulin,12608.26426,100041,100004,3,0,3,1,2
Binhai International Airport,Wandong Road,12608.21218,100010,100144,67,21,46,14,32
Wandong Road,Binhai International Airport,12608.21218,100144,100010,52,16,36,22,14
Xueyuan North Road,Xinxing Village,12607.8195,100165,100162,7,0,7,7,0
Jianchang Road,Meijiang Road,12607.50585,100063,100097,97,16,81,64,17
Meijiang Road,Jianchang Road,12607.50585,100097,100063,73,8,65,51,14
West Station,Laoshan Road,12606.94291,100149,100082,140,46,94,34,60
Laoshan Road,West Station,12606.94291,100082,100149,93,31,62,35,27
Liulin Road,Wujiayao,12605.4627,100089,100150,55,17,38,18,20
Wujiayao,Liulin Road,12605.4627,100150,100089,44,16,28,14,14
Xinxing Village,Cuifu New Village,12604.49817,100162,100019,1,0,1,1,0
Danhebei Road,Jinshi Bridge,12604.33386,100022,100076,43,12,31,22,9
Jinshi Bridge,Danhebei Road,12604.33386,100076,100022,38,9,29,25,4
Fengchan River,Cuifu New Village,12602.94537,100039,100019,13,0,13,8,5
Cuifu New Village,Fengchan River,12602.94537,100019,100039,10,2,8,7,1
Tumour Hospital,Wanshan Road,12602.56264,100141,100146,13,0,13,2,11
Wanshan Road,Tumour Hospital,12602.56264,100146,100141,12,1,11,6,5
Liuyuan,Jinshi Bridge,12600.72224,100091,100076,334,92,242,139,103
Jinshi Bridge,Liuyuan,12600.72224,100076,100091,324,82,242,148,94
West Station,Shaliu South Road,12599.06894,100149,100116,137,59,78,29,49
Shaliu South Road,West Station,12599.06894,100116,100149,113,40,73,40,33
Bei Zhulin,Lijiang Road,12598.49396,100004,100085,1,0,1,0,1
Liqi Zhuang South,Haihe East Road,12597.72172,100088,100049,1,0,1,1,0
Jingli Road,Water Park Road East,12597.2945,100073,100147,251,91,160,111,49
Water Park Road East,Jingli Road,12597.2945,100147,100073,200,54,146,78,68
Second hospital of the Medical University,Bianxing,12595.26451,100115,100009,62,15,47,31,16
Bianxing,Second hospital of the Medical University,12595.26451,100009,100115,55,15,40,17,23
Yutai,Xuelian South Road,12595.06263,100183,100164,10,2,8,5,3
Xuelian South Road,Yutai,12595.06263,100164,100183,5,2,3,1,2
Siyuan Road,Yihao Bridge,12595.03841,100121,100172,34,4,30,21,9
Yihao Bridge,Siyuan Road,12595.03841,100172,100121,27,5,22,5,17
University town,Dawang Zhuang,12594.9204,100143,100023,357,103,254,192,62
Dawang Zhuang,University town,12594.9204,100023,100143,345,111,234,128,106
Benxi Road,Zhigu,12593.59893,100008,100188,176,35,141,90,51
Zhigu,Benxi Road,12593.59893,100188,100008,170,39,131,68,63
Nanzhu Bridge,Tian Tower,12593.30836,100104,100133,5,4,1,0,1
Tian Tower,Nanzhu Bridge,12593.30836,100133,100104,5,2,3,0,3
Shuanglin,Jingjiang Road,12591.82568,100119,100072,151,39,112,66,46
Jingjiang Road,Shuanglin,12591.82568,100072,100119,126,22,104,58,46
Yudongcheng,Yibin Road,12589.7592,100180,100171,353,54,299,233,66
Yibin Road,Yudongcheng,12589.7592,100171,100180,229,49,180,133,47
Yangwu Zhuang,Cultural centre,12589.67859,100169,100020,169,65,104,83,21
Cultural centre,Yangwu Zhuang,12589.67859,100020,100169,167,65,102,63,39
Lingbin Road,Number Two Bridge,12588.32525,100087,100110,51,13,38,22,16
Number Two Bridge,Lingbin Road,12588.32525,100110,100087,40,11,29,25,4
Tian Tower,Laoshan Road,12588.28499,100133,100082,102,38,64,38,26
Laoshan Road,Tian Tower,12588.28499,100082,100133,77,20,57,44,13
Siyuan Road,Tian Tower,12587.44146,100121,100133,55,20,35,16,19
Tian Tower,Siyuan Road,12587.44146,100133,100121,46,15,31,8,23
Benxi Road,Zhou and Deng Memorial Museum,12584.62901,100008,100191,146,52,94,42,52
Zhou and Deng Memorial Museum,Benxi Road,12584.62901,100191,100008,131,33,98,49,49
Tiedong Road,Cao Zhuang,12584.27638,100139,100011,315,94,221,148,73
Cao Zhuang,Tiedong Road,12584.27638,100011,100139,280,97,183,99,84
Yaohuan Road,Southeast Corner,12584.08577,100170,100123,65,23,42,19,23
Southeast Corner,Yaohuan Road,12584.08577,100123,100170,59,24,35,13,22
Fangshan Road,Tumour Hospital,12582.85781,100038,100141,62,13,49,36,13
Tumour Hospital,Fangshan Road,12582.85781,100141,100038,60,11,49,20,29
Liuwei Road,Nanhe Zhuang,12581.71192,100090,100101,19,9,10,2,8
Nanhe Zhuang,Liuwei Road,12581.71192,100101,100090,12,5,7,0,7
Xingfu Park,Tiantuo,12580.61243,100159,100138,125,25,100,71,29
Tiantuo,Xingfu Park,12580.61243,100138,100159,98,19,79,61,18
Professional University,Dawang Zhuang,12579.17758,100112,100023,97,25,72,39,33
Dawang Zhuang,Professional University,12579.17758,100023,100112,95,33,62,32,30
Meijiang Park,Bei Zhulin,12575.46484,100096,100004,6,0,6,6,0
Bei Zhulin,Meijiang Park,12575.46484,100004,100096,1,0,1,0,1
Yibin Road,Nanzhu Bridge,12575.39896,100171,100104,19,6,13,6,7
Nanzhu Bridge,Yibin Road,12575.39896,100104,100171,7,3,4,3,1
Youyi South Road,Dawang Zhuang,12574.39302,100178,100023,5,1,4,2,2
Southeast Corner,Meijiang Exhibition Centre,12573.28246,100123,100095,172,83,89,37,52
Meijiang Exhibition Centre,Southeast Corner,12573.28246,100095,100123,169,83,86,38,48
Lushui Road,Chentang Zhuang,12572.95525,100093,100015,4,3,1,0,1
Chentang Zhuang,Lushui Road,12572.95525,100015,100093,4,2,2,0,2
Yixingbu,Zhou and Deng Memorial Museum,12572.43161,100175,100191,170,51,119,82,37
Zhou and Deng Memorial Museum,Yixingbu,12572.43161,100191,100175,158,34,124,80,44
Beining Park,Chentang Zhuang,12571.9681,100006,100015,100,10,90,73,17
Chentang Zhuang,Beining Park,12571.9681,100015,100006,70,9,61,44,17
Southwest Tower,Hangshuang Road,12570.778,100125,100051,103,10,93,78,15
Hangshuang Road,Southwest Tower,12570.778,100051,100125,74,5,69,54,15
Yudongcheng,Zhou and Deng Memorial Museum,12568.70918,100180,100191,306,86,220,147,73
Zhou and Deng Memorial Museum,Yudongcheng,12568.70918,100191,100180,208,42,166,109,57
Dabi Zhuang,Dongxing Road,12566.23369,100021,100035,27,5,22,12,10
Dongxing Road,Dabi Zhuang,12566.23369,100035,100021,25,2,23,17,6
JinZhong Street,Wanshan Road,12565.78208,100080,100146,1,1,0,0,0
JinZhong River Street,Zuojiang Road,12562.93785,100079,100192,62,11,51,32,19
Zuojiang Road,JinZhong River Street,12562.93785,100192,100079,56,6,50,35,15
Guoshan Road,Cultural centre,12561.69023,100047,100020,69,15,54,31,23
Cultural centre,Guoshan Road,12561.69023,100020,100047,65,15,50,25,25
Changling Road,Xinkai River,12561.18928,100013,100160,79,18,61,47,14
Xinkai River,Changling Road,12561.18928,100160,100013,63,13,50,30,20
Shaliu South Road,Zhou and Deng Memorial Museum,12560.2911,100116,100191,51,12,39,22,17
Zhou and Deng Memorial Museum,Shaliu South Road,12560.2911,100191,100116,42,9,33,22,11
Chentang Zhuang,Huayuan,12558.74476,100015,100061,482,40,442,349,93
Huayuan,Chentang Zhuang,12558.74476,100061,100015,425,37,388,280,108
Guoshan Road,Chunhai Road,12558.62559,100047,100017,30,1,29,20,9
Chunhai Road,Guoshan Road,12558.62559,100017,100047,30,2,28,23,5
Huaihe Road,Xuzhou Road,12558.40585,100058,100167,203,32,171,140,31
Xuzhou Road,Huaihe Road,12558.40585,100167,100058,172,29,143,96,47
Xinli,Cultural centre,12556.72241,100161,100020,248,63,185,129,56
Cultural centre,Xinli,12556.72241,100020,100161,206,55,151,117,34
Xiaobailou,Hangshuang Road,12556.54668,100154,100051,4,1,3,2,1
Hangshuang Road,Xiaobailou,12556.54668,100051,100154,3,0,3,2,1
Cuifu New Village,Tiantuo,12554.47653,100019,100138,204,21,183,150,33
Tiantuo,Cuifu New Village,12554.47653,100138,100019,135,18,117,71,46
Second hospital of the Medical University,Dengzhou South Road,12554.17339,100115,100025,21,4,17,10,7
Dengzhou South Road,Second hospital of the Medical University,12554.17339,100025,100115,17,4,13,7,6
Fuxing Road,Meijiang Park,12554.01462,100042,100096,26,6,20,10,10
Meijiang Park,Fuxing Road,12554.01462,100096,100042,10,5,5,1,4
Xiawafang,Airport Economic Zone,12553.93234,100157,100001,1276,178,1098,808,290
Airport Economic Zone,Xiawafang,12553.93234,100001,100157,1234,182,1052,775,277
Chenglin Road,Youyi South Road,12552.61738,100014,100178,23,1,22,18,4
Youyi South Road,Chenglin Road,12552.61738,100178,100014,16,4,12,8,4
Nanzhu Bridge,Dongxing Road,12549.25387,100104,100035,10,3,7,7,0
Dongxing Road,Nanzhu Bridge,12549.25387,100035,100104,9,3,6,5,1
Qinjian Road,Sports Centre,12548.95806,100113,100126,79,8,71,46,25
Sports Centre,Qinjian Road,12548.95806,100126,100113,65,14,51,30,21
Jianshan Road,Xiangshan Road,12548.06766,100066,100151,15,2,13,13,0
Xiangshan Road,Jianshan Road,12548.06766,100151,100066,12,4,8,2,6
Benxi Road,Water Park Road East,12547.38306,100008,100147,285,90,195,136,59
Water Park Road East,Benxi Road,12547.38306,100147,100008,244,70,174,106,68
Tiantuo,Taichang Road,12546.59764,100138,100128,136,22,114,82,32
Taichang Road,Tiantuo,12546.59764,100128,100138,125,32,93,54,39
Yudongcheng,Xianyang Road,12546.10328,100180,100153,1048,166,882,603,279
Xianyang Road,Yudongcheng,12546.10328,100153,100180,785,138,647,433,214
Liuwei Road,Chunhai Road,12545.09401,100090,100017,15,4,11,6,5
Chunhai Road,Liuwei Road,12545.09401,100017,100090,15,4,11,8,3
Dongjiang Road,Xuzhou Road,12544.88334,100028,100167,3,3,0,0,0
Lilou,Yingkou Road,12544.29833,100086,100174,3064,866,2198,1397,801
Yingkou Road,Lilou,12544.29833,100174,100086,2982,856,2126,1036,1090
Sports Centre,Tiedong Road,12544.0172,100126,100139,53,14,39,20,19
Tiedong Road,Sports Centre,12544.0172,100139,100126,39,10,29,14,15
Cao Zhuang,Shiyijing Road,12542.97533,100011,100117,683,89,594,464,130
Shiyijing Road,Cao Zhuang,12542.97533,100117,100011,619,93,526,361,165
Jiefang South Road,Nanzhu Bridge,12540.65713,100068,100104,1,0,1,0,1
Tianshili,Tiantuo,12539.51846,100136,100138,55,7,48,42,6
Tiantuo,Tianshili,12539.51846,100138,100136,44,8,36,22,14
Lushui Road,Tiantuo,12538.97289,100093,100138,372,60,312,230,82
Tiantuo,Lushui Road,12538.97289,100138,100093,371,64,307,187,120
Southwest Tower,Zhaoyuan Road,12534.66535,100125,100186,7,0,7,3,4
Zhaoyuan Road,Southwest Tower,12534.66535,100186,100125,1,0,1,1,0
Zhongshan Road,Zhanggui Zhuang,12533.81292,100190,100184,306,61,245,146,99
Zhanggui Zhuang,Zhongshan Road,12533.81292,100184,100190,269,62,207,156,51
Liulin Road,Yuanyang International Centre,12532.92705,100089,100179,255,69,186,102,84
Yuanyang International Centre,Liulin Road,12532.92705,100179,100089,255,53,202,130,72
Jinmao Industrial Area,Sports Centre,12532.23525,100074,100126,9,0,9,9,0
Sports Centre,Jinmao Industrial Area,12532.23525,100126,100074,3,0,3,2,1
Jiangwan Erzhi Road,People's Hospital,12531.02897,100065,100111,36,5,31,19,12
People's Hospital,Jiangwan Erzhi Road,12531.02897,100111,100065,32,8,24,17,7
Honghu Li,Dabi Zhuang,12529.87749,100055,100021,109,30,79,41,38
Dabi Zhuang,Honghu Li,12529.87749,100021,100055,100,21,79,47,32
North China Group,Gulou,12526.16152,100107,100045,688,288,400,210,190
Gulou,North China Group,12526.16152,100045,100107,677,302,375,183,192
Zhicheng Road,Second hospital of the Medical University,12521.67674,100187,100115,90,14,76,54,22
Second hospital of the Medical University,Zhicheng Road,12521.67674,100115,100187,86,7,79,66,13
Zhicheng Road,Zhou and Deng Memorial Museum,12521.29929,100187,100191,63,20,43,31,12
Zhou and Deng Memorial Museum,Zhicheng Road,12521.29929,100191,100187,50,13,37,18,19
Xianshuigu West,Meilin Road,12520.49272,100152,100098,530,101,429,255,174
Meilin Road,Xianshuigu West,12520.49272,100098,100152,513,114,399,223,176
Lilou,Yaohuan Road,12518.47297,100086,100170,54,9,45,25,20
Yaohuan Road,Lilou,12518.47297,100170,100086,47,5,42,20,22
Foreign Languages High School,Zuojiang Road,12518.11848,100040,100192,31,4,27,22,5
Zuojiang Road,Foreign Languages High School,12518.11848,100192,100040,25,6,19,15,4
Xuefu Industrial Area,Guangkaisima Road,12515.86849,100163,100044,111,5,106,81,25
Guangkaisima Road,Xuefu Industrial Area,12515.86849,100044,100163,100,9,91,87,4
University of Civil Aviation,Chunhai Road,12514.95921,100142,100017,30,11,19,13,6
Chunhai Road,University of Civil Aviation,12514.95921,100017,100142,21,6,15,12,3
Hangshuang Road,Dawang Zhuang,12513.66706,100051,100023,5,1,4,1,3
Dawang Zhuang,Hangshuang Road,12513.66706,100023,100051,3,2,1,0,1
Hangshuang Road,Youyi South Road,12512.47025,100051,100178,39,6,33,27,6
Youyi South Road,Hangshuang Road,12512.47025,100178,100051,30,0,30,29,1
Heping Road,Xuefu Industrial Area,12512.00362,100053,100163,593,160,433,263,170
Xuefu Industrial Area,Heping Road,12512.00362,100163,100053,571,132,439,319,120
Yihao Bridge,Xiangshan Road,12511.67182,100172,100151,1,1,0,0,0
Xiangshan Road,Yihao Bridge,12511.67182,100151,100172,1,0,1,1,0
Nancuiping,Benxi Road,12511.35274,100100,100008,73,15,58,39,19
Benxi Road,Nancuiping,12511.35274,100008,100100,55,17,38,33,5
Yudongcheng,Meijiang Road,12510.11275,100180,100097,34,3,31,19,12
Meijiang Road,Yudongcheng,12510.11275,100097,100180,26,3,23,18,5
South Station,Xikang Road,12508.54098,100122,100158,2927,645,2282,1421,861
Xikang Road,South Station,12508.54098,100158,100122,2209,593,1616,954,662
Tumour Hospital,Haihe East Road,12507.46765,100141,100049,4,3,1,0,1
Dongli Sanjing Road,Laoshan Road,12505.39176,100032,100082,91,8,83,64,19
Laoshan Road,Dongli Sanjing Road,12505.39176,100082,100032,91,3,88,68,20
Haiguang Temple,Dongting Road,12504.25052,100048,100034,37,6,31,20,11
Dongting Road,Haiguang Temple,12504.25052,100034,100048,34,5,29,24,5
Yutai,Jinmao Industrial Area,12503.77896,100183,100074,20,5,15,9,6
Jinmao Industrial Area,Yutai,12503.77896,100074,100183,15,6,9,7,2
Jieyuan West Road,High-Tech Zone,12503.6675,100069,100054,132,25,107,90,17
High-Tech Zone,Jieyuan West Road,12503.6675,100054,100069,126,17,109,83,26
Jinghe Road,Lingbin Road,12503.46354,100071,100087,20,3,17,9,8
Lingbin Road,Jinghe Road,12503.46354,100087,100071,16,3,13,7,6
Jingjiang Road,Jiefang South Road,12502.56692,100072,100068,329,74,255,159,96
Jiefang South Road,Jingjiang Road,12502.56692,100068,100072,293,66,227,156,71
Nanhe Zhuang,Wandong Road,12502.52515,100101,100144,13,7,6,1,5
Wandong Road,Nanhe Zhuang,12502.52515,100144,100101,11,4,7,4,3
JinZhong River Street,Nancuiping,12501.41398,100079,100100,59,11,48,37,11
Nancuiping,JinZhong River Street,12501.41398,100100,100079,51,16,35,17,18
Jieyuan West Road,Dongxing Road,12501.40139,100069,100035,156,39,117,80,37
Dongxing Road,Jieyuan West Road,12501.40139,100035,100069,152,30,122,76,46
Hongqi South Road,Weishan Road,12499.603,100057,100148,24,4,20,18,2
Weishan Road,Hongqi South Road,12499.603,100148,100057,21,2,19,19,0
Lushui Road,Wangdingdi,12497.18356,100093,100145,29,7,22,16,6
Wangdingdi,Lushui Road,12497.18356,100145,100093,29,6,23,20,3
Hangshuang Road,JinZhong River Street,12497.04808,100051,100079,52,4,48,34,14
JinZhong River Street,Hangshuang Road,12497.04808,100079,100051,44,6,38,33,5
Jinshi Bridge,Meijiang Park,12494.93712,100076,100096,34,5,29,18,11
Meijiang Park,Jinshi Bridge,12494.93712,100096,100076,26,7,19,12,7
Lilou,Shiyijing Road,12494.89346,100086,100117,137,8,129,103,26
Shiyijing Road,Lilou,12494.89346,100117,100086,100,6,94,72,22
Fuxing Road,Professional University,12494.64995,100042,100112,69,17,52,30,22
Professional University,Fuxing Road,12494.64995,100112,100042,60,19,41,29,12
Fangshan Road,Lingbin Road,12494.14988,100038,100087,22,2,20,15,5
Lingbin Road,Fangshan Road,12494.14988,100087,100038,20,2,18,10,8
Yueya River,Lingbin Road,12493.25671,100182,100087,203,50,153,108,45
Lingbin Road,Yueya River,12493.25671,100087,100182,201,44,157,93,64
Gulou,Meijiang Park,12491.6984,100045,100096,76,26,50,18,32
Meijiang Park,Gulou,12491.6984,100096,100045,69,22,47,24,23
Jiayuan Li,Shunchi Bridge,12491.56792,100067,100120,141,35,106,77,29
Shunchi Bridge,Jiayuan Li,12491.56792,100120,100067,108,23,85,46,39
Jin Street,Hangshuang Road,12490.80691,100070,100051,216,19,197,163,34
Hangshuang Road,Jin Street,12490.80691,100051,100070,181,16,165,121,44
JinZhong Street,Anshan Road,12490.50802,100080,100002,451,94,357,238,119
Anshan Road,JinZhong Street,12490.50802,100002,100080,423,95,328,140,188
Taichang Road,Lilou,12489.54267,100128,100086,191,54,137,74,63
Lilou,Taichang Road,12489.54267,100086,100128,183,50,133,94,39
Foreign Languages High School,Yihao Bridge,12488.8276,100040,100172,6,0,6,3,3
Yihao Bridge,Foreign Languages High School,12488.8276,100172,100040,4,0,4,3,1
Tianjin Station,Liuyuan,12487.72967,100135,100091,2466,828,1638,703,935
Liuyuan,Tianjin Station,12487.72967,100091,100135,2001,612,1389,591,798
Lilou,Dongli Sanjing Road,12487.36508,100086,100032,5,0,5,5,0
Dongli Sanjing Road,Lilou,12487.36508,100032,100086,4,0,4,2,2
Guoshan Road,Yixingbu,12487.03566,100047,100175,24,7,17,14,3
Yixingbu,Guoshan Road,12487.03566,100175,100047,16,5,11,7,4
Dongting Road,Jinwan Square,12486.25311,100034,100078,16,5,11,7,4
Jinwan Square,Dongting Road,12486.25311,100078,100034,16,6,10,3,7
Changling Road,Laoshan Road,12485.99056,100013,100082,135,37,98,56,42
Laoshan Road,Changling Road,12485.99056,100082,100013,118,32,86,43,43
Xiaobailou,JinZhong Street,12485.73866,100154,100080,295,71,224,120,104
JinZhong Street,Xiaobailou,12485.73866,100080,100154,253,64,189,120,69
Wanshan Road,Dongli Liujing Road,12485.45192,100146,100031,14,1,13,13,0
Dongli Liujing Road,Wanshan Road,12485.45192,100031,100146,7,1,6,4,2
Foreign Languages High School,Xiangshan Road,12485.30284,100040,100151,11,2,9,7,2
Xiangshan Road,Foreign Languages High School,12485.30284,100151,100040,5,1,4,3,1
Zhaoyuan Road,Yaohuan Road,12484.3479,100186,100170,23,10,13,3,10
Yaohuan Road,Zhaoyuan Road,12484.3479,100170,100186,15,5,10,6,4
Southwest corner,Yaohuan Road,12484.11134,100124,100170,61,12,49,22,27
Yaohuan Road,Southwest corner,12484.11134,100170,100124,54,15,39,26,13
Yixingbu North,Tiantuo,12483.32909,100176,100138,77,13,64,52,12
Tiantuo,Yixingbu North,12483.32909,100138,100176,76,11,65,46,19
Tiedong Road,Yihao Bridge,12482.69139,100139,100172,122,14,108,80,28
Yihao Bridge,Tiedong Road,12482.69139,100172,100139,121,17,104,65,39
Tianjin Station,Liulin Road,12482.65708,100135,100089,626,262,364,142,222
Liulin Road,Tianjin Station,12482.65708,100089,100135,613,282,331,126,205
Jinshi Bridge,Changling Road,12481.99593,100076,100013,113,22,91,59,32
Changling Road,Jinshi Bridge,12481.99593,100013,100076,111,22,89,49,40
North China Group,People's Hospital,12480.65477,100107,100111,354,91,263,149,114
People's Hospital,North China Group,12480.65477,100111,100107,337,68,269,114,155
Xuzhuangzi,Wujiayao,12479.79331,100168,100150,45,11,34,25,9
Wujiayao,Xuzhuangzi,12479.79331,100150,100168,30,6,24,17,7
Zhaoyuan Road,Xiaobailou,12478.14152,100186,100154,25,8,17,9,8
Xiaobailou,Zhaoyuan Road,12478.14152,100154,100186,24,6,18,9,9
JinZhong River Street,Bianxing,12477.27758,100079,100009,49,8,41,26,15
Bianxing,JinZhong River Street,12477.27758,100009,100079,43,8,35,24,11
Changling Road,Northwest Corner,12476.64894,100013,100109,388,104,284,163,121
Northwest Corner,Changling Road,12476.64894,100109,100013,366,94,272,130,142
Jianshan Road,Huanyu Road,12474.46199,100066,100059,2,1,1,0,1
Huanyu Road,Jianshan Road,12474.46199,100059,100066,1,1,0,0,0
Chenglin Road,Xunhai Road,12471.72562,100014,100166,10,1,9,7,2
Xunhai Road,Chenglin Road,12471.72562,100166,100014,9,1,8,7,1
Zhongshan Gate,Yutai,12471.30981,100189,100183,20,4,16,9,7
Yutai,Zhongshan Gate,12471.30981,100183,100189,7,2,5,3,2
Southwest Tower,JinZhong Street,12471.29174,100125,100080,284,54,230,131,99
JinZhong Street,Southwest Tower,12471.29174,100080,100125,267,69,198,141,57
Xiangshan Road,Tianshili,12470.72153,100151,100136,6,2,4,2,2
Tianshili,Xiangshan Road,12470.72153,100136,100151,2,0,2,1,1
Yixingbu,Jianshan Road,12469.60227,100175,100066,6,3,3,0,3
Jianshan Road,Yixingbu,12469.60227,100066,100175,3,1,2,0,2
Chenglin Road,Benxi Road,12468.8555,100014,100008,144,31,113,79,34
Benxi Road,Chenglin Road,12468.8555,100008,100014,127,29,98,62,36
Ruijing XinYuan,Yuanyang International Centre,12466.68906,100114,100179,404,84,320,208,112
Yuanyang International Centre,Ruijing XinYuan,12466.68906,100179,100114,381,90,291,164,127
Yaohuan Road,Wanshan Road,12466.37986,100170,100146,26,12,14,11,3
Wanshan Road,Yaohuan Road,12466.37986,100146,100170,19,8,11,8,3
Anshan Road,Xuefu Industrial Area,12464.34909,100002,100163,295,25,270,182,88
Xuefu Industrial Area,Anshan Road,12464.34909,100163,100002,293,30,263,175,88
Leyuan Road,Xuefu Industrial Area,12463.06395,100083,100163,128,14,114,95,19
Xuefu Industrial Area,Leyuan Road,12463.06395,100163,100083,111,14,97,84,13
Southeast Corner,Huanyu Road,12460.44508,100123,100059,16,7,9,7,2
Huanyu Road,Southeast Corner,12460.44508,100059,100123,13,6,7,5,2
People's Hospital,Zhongshan Gate,12459.64991,100111,100189,121,31,90,39,51
Zhongshan Gate,People's Hospital,12459.64991,100189,100111,109,14,95,64,31
Liaohe North Road,Dongxing Road,12458.95274,100084,100035,44,3,41,35,6
Dongxing Road,Liaohe North Road,12458.95274,100035,100084,40,4,36,30,6
Yihao Bridge,Zhou and Deng Memorial Museum,12458.93499,100172,100191,73,13,60,46,14
Zhou and Deng Memorial Museum,Yihao Bridge,12458.93499,100191,100172,54,13,41,30,11
Zhigu,Nanhe Zhuang,12458.28232,100188,100101,44,11,33,25,8
Nanhe Zhuang,Zhigu,12458.28232,100101,100188,43,15,28,16,12
Xinxing Village,Liuwei Road,12457.44932,100162,100090,14,6,8,3,5
Liuwei Road,Xinxing Village,12457.44932,100090,100162,10,5,5,0,5
Chenglin Road,Professional University,12454.3972,100014,100112,181,54,127,72,55
Professional University,Chenglin Road,12454.3972,100112,100014,181,40,141,93,48
Heping Road,Liuyuan,12454.14944,100053,100091,2607,898,1709,710,999
Liuyuan,Heping Road,12454.14944,100091,100053,2128,694,1434,891,543
Liqi Zhuang South,Xikang Road,12451.78266,100088,100158,19,1,18,13,5
Xikang Road,Liqi Zhuang South,12451.78266,100158,100088,18,5,13,4,9
Huaihe Road,Zhigu,12451.75827,100058,100188,215,42,173,130,43
Zhigu,Huaihe Road,12451.75827,100188,100058,181,32,149,110,39
Fuxing Gate,North Station,12451.47507,100041,100108,146,26,120,58,62
North Station,Fuxing Gate,12451.47507,100108,100041,128,24,104,65,39
Bianxing,Zhangxing Zhuang,12451.36783,100009,100185,17,4,13,5,8
Zhangxing Zhuang,Bianxing,12451.36783,100185,100009,14,0,14,7,7
Xikang Road,JinZhong Street,12451.3556,100158,100080,341,63,278,189,89
JinZhong Street,Xikang Road,12451.3556,100080,100158,320,71,249,199,50
Siyuan Road,Tiantuo,12451.20953,100121,100138,30,5,25,25,0
Tiantuo,Siyuan Road,12451.20953,100138,100121,24,6,18,17,1
Bei Zhulin,Beichen Road,12449.27193,100004,100005,4,2,2,1,1
Beichen Road,Bei Zhulin,12449.27193,100005,100004,1,0,1,1,0
Ruijing XinYuan,Xiaobailou,12448.73307,100114,100154,2622,614,2008,1370,638
Xiaobailou,Ruijing XinYuan,12448.73307,100154,100114,2614,545,2069,1287,782
Magangchang,Yizhongxin Hospital,12448.58243,100094,100177,47,4,43,39,4
Yizhongxin Hospital,Magangchang,12448.58243,100177,100094,44,5,39,31,8
Second hospital of the Medical University,Zhangxing Zhuang,12447.70183,100115,100185,66,12,54,28,26
Zhangxing Zhuang,Second hospital of the Medical University,12447.70183,100185,100115,47,7,40,30,10
Yingfeng Road,JinZhong River Street,12447.51333,100173,100079,190,37,153,91,62
JinZhong River Street,Yingfeng Road,12447.51333,100079,100173,169,43,126,75,51
Heping Road,Professional University,12447.42227,100053,100112,1601,627,974,314,660
Professional University,Heping Road,12447.42227,100112,100053,1285,476,809,434,375
Tianjin Station,Beichen Road,12447.11307,100135,100005,608,183,425,178,247
Beichen Road,Tianjin Station,12447.11307,100005,100135,541,158,383,229,154
Lingbin Road,Minquan Gate,12446.60348,100087,100099,61,11,50,25,25
Minquan Gate,Lingbin Road,12446.60348,100099,100087,56,18,38,28,10
Fuxing Gate,Dongli Liujing Road,12446.56765,100041,100031,6,0,6,6,0
Dongli Liujing Road,Fuxing Gate,12446.56765,100031,100041,5,0,5,3,2
Jinmao Industrial Area,Erwei Road,12446.48651,100074,100036,9,0,9,9,0
Erwei Road,Jinmao Industrial Area,12446.48651,100036,100074,6,0,6,6,0
Zhongshan Road,Dengzhou South Road,12446.12427,100190,100025,35,7,28,20,8
Dengzhou South Road,Zhongshan Road,12446.12427,100025,100190,34,8,26,21,5
Xuzhuangzi,Second hospital of the Medical University,12445.71096,100168,100115,24,3,21,12,9
Second hospital of the Medical University,Xuzhuangzi,12445.71096,100115,100168,22,2,20,14,6
National Exhibition Centre,Huanyu Road,12444.84538,100105,100059,2,1,1,1,0
Huanyu Road,National Exhibition Centre,12444.84538,100059,100105,1,1,0,0,0
Huayuan,Taichang Road,12443.24647,100061,100128,273,51,222,144,78
Taichang Road,Huayuan,12443.24647,100128,100061,258,43,215,148,67
University town,Bianxing,12441.94705,100143,100009,117,31,86,45,41
Bianxing,University town,12441.94705,100009,100143,108,32,76,37,39
Leyuan Road,Benxi Road,12441.57056,100083,100008,86,39,47,15,32
Benxi Road,Leyuan Road,12441.57056,100008,100083,49,20,29,11,18
Jinshi Bridge,Airport Economic Zone,12441.5398,100076,100001,654,89,565,471,94
Airport Economic Zone,Jinshi Bridge,12441.5398,100001,100076,602,81,521,382,139
Laoshan Road,Liaohe North Road,12440.77665,100082,100084,25,5,20,15,5
Liaohe North Road,Laoshan Road,12440.77665,100084,100082,13,3,10,8,2
Meilin Road,Huayuan,12439.88149,100098,100061,279,30,249,210,39
Huayuan,Meilin Road,12439.88149,100061,100098,261,20,241,189,52
Meilin Road,Zhongshan Gate,12438.56028,100098,100189,23,3,20,13,7
Zhongshan Gate,Meilin Road,12438.56028,100189,100098,22,5,17,7,10
Huaihe Road,Nanhe Zhuang,12437.47294,100058,100101,41,6,35,29,6
Nanhe Zhuang,Huaihe Road,12437.47294,100101,100058,28,5,23,19,4
Lingbin Road,Yangwu Zhuang,12436.93597,100087,100169,47,6,41,28,13
Yangwu Zhuang,Lingbin Road,12436.93597,100169,100087,37,4,33,24,9
Zhangxing Zhuang,Tianjin Hotel,12435.88825,100185,100134,94,28,66,43,23
Tianjin Hotel,Zhangxing Zhuang,12435.88825,100134,100185,92,28,64,36,28
Xianyang Road,Liaohe North Road,12434.26388,100153,100084,63,18,45,34,11
Liaohe North Road,Xianyang Road,12434.26388,100084,100153,59,11,48,31,17
Second hospital of the Medical University,Laoshan Road,12432.78168,100115,100082,7,4,3,2,1
Laoshan Road,Second hospital of the Medical University,12432.78168,100082,100115,4,0,4,2,2
Dongli Development Zone,Shiyijing Road,12432.66651,100030,100117,1235,199,1036,777,259
Shiyijing Road,Dongli Development Zone,12432.66651,100117,100030,1176,176,1000,668,332
University town,Zhigu,12431.99434,100143,100188,197,48,149,77,72
Zhigu,University town,12431.99434,100188,100143,179,40,139,77,62
Zhangxing Zhuang,Hongqi South Road,12431.67551,100185,100057,121,29,92,60,32
Hongqi South Road,Zhangxing Zhuang,12431.67551,100057,100185,117,29,88,46,42
Hangshuang Road,Xunhai Road,12431.57849,100051,100166,1,0,1,0,1
Xunhai Road,Hangshuang Road,12431.57849,100166,100051,1,0,1,0,1
Fuxing Gate,Jiefang South Road,12430.53069,100041,100068,28,8,20,8,12
Jiefang South Road,Fuxing Gate,12430.53069,100068,100041,27,12,15,5,10
Wujiayao,Cao Zhuang,12428.68031,100150,100011,409,117,292,165,127
Cao Zhuang,Wujiayao,12428.68031,100011,100150,407,111,296,215,81
Tian Tower,Jianchang Road,12428.02367,100133,100063,100,22,78,34,44
Jianchang Road,Tian Tower,12428.02367,100063,100133,91,20,71,46,25
Jiayuan Li,Wujiayao,12427.15459,100067,100150,427,88,339,258,81
Wujiayao,Jiayuan Li,12427.15459,100150,100067,419,69,350,217,133
Jingjiang Road,Beichen Road,12424.61318,100072,100005,349,50,299,179,120
Beichen Road,Jingjiang Road,12424.61318,100005,100072,305,57,248,166,82
Yuejin North Road,Jinshi Bridge,12424.0858,100181,100076,45,9,36,22,14
Jinshi Bridge,Yuejin North Road,12424.0858,100076,100181,36,9,27,17,10
Meijiang Road,Tiedong Road,12423.8675,100097,100139,58,13,45,33,12
Tiedong Road,Meijiang Road,12423.8675,100139,100097,45,7,38,34,4
Jiayuan Li,Hongqi South Road,12423.53904,100067,100057,207,46,161,132,29
Hongqi South Road,Jiayuan Li,12423.53904,100057,100067,196,44,152,104,48
Yingfeng Road,Wandong Road,12420.35116,100173,100144,37,13,24,15,9
Wandong Road,Yingfeng Road,12420.35116,100144,100173,34,7,27,20,7
Tianshili,Nansun Zhuang,12419.17606,100136,100103,1,0,1,0,1
Changling Road,Xuefu Industrial Area,12417.93741,100013,100163,115,3,112,108,4
Xuefu Industrial Area,Changling Road,12417.93741,100163,100013,106,4,102,87,15
Xuefu Industrial Area,People's Hospital,12416.62361,100163,100111,279,21,258,203,55
People's Hospital,Xuefu Industrial Area,12416.62361,100111,100163,270,18,252,223,29
Yangwu Zhuang,Yingkou Road,12415.69285,100169,100174,1610,613,997,602,395
Yingkou Road,Yangwu Zhuang,12415.69285,100174,100169,1579,585,994,456,538
Liaohe North Road,Haiguang Temple,12412.41419,100084,100048,208,30,178,144,34
Haiguang Temple,Liaohe North Road,12412.41419,100048,100084,154,30,124,74,50
Zhongshan Road,Zuojiang Road,12411.4175,100190,100192,44,9,35,19,16
Zuojiang Road,Zhongshan Road,12411.4175,100192,100190,33,2,31,14,17
Bei Zhulin,Yaohuan Road,12411.04318,100004,100170,6,5,1,1,0
Yaohuan Road,Bei Zhulin,12411.04318,100170,100004,1,0,1,1,0
Dawang Zhuang,Airport Economic Zone,12410.49951,100023,100001,404,57,347,253,94
Airport Economic Zone,Dawang Zhuang,12410.49951,100001,100023,399,68,331,240,91
Changling Road,Gulou,12410.28012,100013,100045,298,95,203,104,99
Gulou,Changling Road,12410.28012,100045,100013,298,84,214,109,105
Tiedong Road,Xiangshan Road,12409.90808,100139,100151,32,5,27,10,17
Xiangshan Road,Tiedong Road,12409.90808,100151,100139,32,12,20,16,4
Jingjiang Road,Xiaodian,12409.2303,100072,100155,91,10,81,62,19
Xiaodian,Jingjiang Road,12409.2303,100155,100072,76,11,65,46,19
Bianxing,Lingbin Road,12409.14327,100009,100087,50,4,46,31,15
Lingbin Road,Bianxing,12409.14327,100087,100009,40,5,35,22,13
Chunhai Road,Zhou and Deng Memorial Museum,12406.04105,100017,100191,10,0,10,1,9
Zhou and Deng Memorial Museum,Chunhai Road,12406.04105,100191,100017,4,2,2,1,1
Longhan Road,Jinshi Bridge,12405.43349,100092,100076,4,3,1,0,1
Jinshi Bridge,Longhan Road,12405.43349,100076,100092,2,0,2,1,1
North Station,Changling Road,12404.22137,100108,100013,144,81,63,28,35
Changling Road,North Station,12404.22137,100013,100108,144,25,119,53,66
Guoshan Road,Xinkai River,12403.59257,100047,100160,19,5,14,12,2
Xinkai River,Guoshan Road,12403.59257,100160,100047,13,4,9,4,5
Dongting Road,Yibin Road,12402.71374,100034,100171,62,3,59,43,16
Yibin Road,Dongting Road,12402.71374,100171,100034,54,7,47,36,11
West Station,Meijiang Park,12401.86144,100149,100096,400,112,288,89,199
Meijiang Park,West Station,12401.86144,100096,100149,257,69,188,120,68
Yingkou Road,Hangshuang Road,12401.32993,100174,100051,64,7,57,45,12
Hangshuang Road,Yingkou Road,12401.32993,100051,100174,60,9,51,45,6
Erwei Road,High-Tech Zone,12400.28073,100036,100054,385,56,329,252,77
High-Tech Zone,Erwei Road,12400.28073,100054,100036,370,46,324,221,103
JinZhong Street,Fengchan River,12399.22723,100080,100039,15,2,13,8,5
Fengchan River,JinZhong Street,12399.22723,100039,100080,6,1,5,5,0
Dabi Zhuang,Dengzhou Road,12399.06887,100021,100024,39,12,27,8,19
Dengzhou Road,Dabi Zhuang,12399.06887,100024,100021,36,4,32,19,13
Liuyuan,Jieyuan West Road,12395.88934,100091,100069,306,77,229,123,106
Jieyuan West Road,Liuyuan,12395.88934,100069,100091,256,67,189,118,71
Wanshan Road,Yixingbu,12390.07968,100146,100175,7,2,5,4,1
Yixingbu,Wanshan Road,12390.07968,100175,100146,6,0,6,3,3
Erwei Road,Lijiang Road,12389.03159,100036,100085,38,4,34,17,17
Lijiang Road,Erwei Road,12389.03159,100085,100036,28,4,24,17,7
Huashan Li,Yueya River,12388.2115,100060,100182,275,59,216,159,57
Yueya River,Huashan Li,12388.2115,100182,100060,271,65,206,135,71
Jinmao Industrial Area,Wujiayao,12388.10665,100074,100150,9,0,9,8,1
Wujiayao,Jinmao Industrial Area,12388.10665,100150,100074,7,1,6,5,1
Xuzhuangzi,Benxi Road,12385.49709,100168,100008,59,10,49,35,14
Benxi Road,Xuzhuangzi,12385.49709,100008,100168,37,10,27,16,11
Dongli Liujing Road,Chunhai Road,12385.38848,100031,100017,2,0,2,1,1
Chunhai Road,Dongli Liujing Road,12385.38848,100017,100031,2,0,2,1,1
Dengzhou Road,Chentang Zhuang,12385.25955,100024,100015,67,15,52,40,12
Chentang Zhuang,Dengzhou Road,12385.25955,100015,100024,65,11,54,31,23
Fangshan Road,North Station,12385.03806,100038,100108,25,9,16,13,3
North Station,Fangshan Road,12385.03806,100108,100038,10,4,6,2,4
Laoshan Road,Tiantai Road,12384.25982,100082,100137,26,9,17,8,9
Tiantai Road,Laoshan Road,12384.25982,100137,100082,23,9,14,10,4
Yixingbu North,Xiangshan Road,12383.62715,100176,100151,24,8,16,7,9
Xiangshan Road,Yixingbu North,12383.62715,100151,100176,20,4,16,8,8
Changhong Park,Huaihe Road,12383.30388,100012,100058,118,27,91,61,30
Huaihe Road,Changhong Park,12383.30388,100058,100012,116,23,93,76,17
Tiantai Road,Changling Road,12383.20127,100137,100013,198,72,126,86,40
Changling Road,Tiantai Road,12383.20127,100013,100137,160,40,120,75,45
Jiayuan Li,Yixingbu,12383.03655,100067,100175,73,19,54,25,29
Yixingbu,Jiayuan Li,12383.03655,100175,100067,71,14,57,39,18
Liqi Zhuang South,Anshan Road,12380.81636,100088,100002,82,23,59,41,18
Anshan Road,Liqi Zhuang South,12380.81636,100002,100088,64,20,44,29,15
Nanhe Zhuang,Jianguo Road,12380.52494,100101,100064,23,10,13,6,7
Jianguo Road,Nanhe Zhuang,12380.52494,100064,100101,14,4,10,3,7
Xianyang Road,Meijiang Park,12380.38588,100153,100096,24,8,16,12,4
Meijiang Park,Xianyang Road,12380.38588,100096,100153,19,6,13,9,4
JinZhong Street,Qinjian Road,12378.42729,100080,100113,318,33,285,268,17
Qinjian Road,JinZhong Street,12378.42729,100113,100080,295,18,277,152,125
Xiawafang,Dongli Development Zone,12376.4057,100157,100030,787,136,651,462,189
Dongli Development Zone,Xiawafang,12376.4057,100030,100157,739,129,610,450,160
Fuxing Road,Chinese Medicine First Affiliated Hospital,12376.32416,100042,100016,96,19,77,49,28
Chinese Medicine First Affiliated Hospital,Fuxing Road,12376.32416,100016,100042,93,16,77,42,35
Qinjian Road,Second hospital of the Medical University,12374.32647,100113,100115,76,17,59,46,13
Second hospital of the Medical University,Qinjian Road,12374.32647,100115,100113,75,18,57,38,19
Shunchi Bridge,Fengchan River,12372.74021,100120,100039,19,3,16,12,4
Fengchan River,Shunchi Bridge,12372.74021,100039,100120,6,0,6,4,2
University town,Nanlou,12371.59127,100143,100102,562,119,443,289,154
Nanlou,University town,12371.59127,100102,100143,487,128,359,213,146
Danhebei Road,Foreign Languages High School,12370.21932,100022,100040,1,0,1,1,0
High-Tech Zone,Meijiang Park,12368.40184,100054,100096,46,12,34,17,17
Meijiang Park,High-Tech Zone,12368.40184,100096,100054,41,9,32,18,14
Liuwei Road,University town,12368.27524,100090,100143,108,39,69,34,35
University town,Liuwei Road,12368.27524,100143,100090,106,34,72,43,29
Xiawafang,High-Tech Zone,12368.18804,100157,100054,508,62,446,358,88
High-Tech Zone,Xiawafang,12368.18804,100054,100157,449,60,389,301,88
Wujiayao,Xiangshan Road,12367.87512,100150,100151,65,8,57,44,13
Xiangshan Road,Wujiayao,12367.87512,100151,100150,60,12,48,32,16
Ruijing XinYuan,Bianxing,12367.63763,100114,100009,49,20,29,13,16
Bianxing,Ruijing XinYuan,12367.63763,100009,100114,33,15,18,9,9
Magangchang,Guoshan Road,12366.86365,100094,100047,10,3,7,7,0
Guoshan Road,Magangchang,12366.86365,100047,100094,9,1,8,7,1
Zhicheng Road,Tumour Hospital,12366.26264,100187,100141,388,72,316,201,115
Tumour Hospital,Zhicheng Road,12366.26264,100141,100187,385,71,314,151,163
Jin Street,Lijiang Road,12365.98832,100070,100085,31,4,27,17,10
Lijiang Road,Jin Street,12365.98832,100085,100070,29,3,26,23,3
Tiantai Road,Nansun Zhuang,12365.36981,100137,100103,29,1,28,20,8
Nansun Zhuang,Tiantai Road,12365.36981,100103,100137,17,1,16,10,6
Gulou,Zhanggui Zhuang,12364.64822,100045,100184,630,204,426,230,196
Zhanggui Zhuang,Gulou,12364.64822,100184,100045,589,184,405,255,150
Yingkou Road,North China Group,12360.75335,100174,100107,3187,1322,1865,793,1072
North China Group,Yingkou Road,12360.75335,100107,100174,3115,1307,1808,855,953
Zhicheng Road,Chentang Zhuang,12359.16402,100187,100015,139,16,123,107,16
Chentang Zhuang,Zhicheng Road,12359.16402,100015,100187,127,22,105,72,33
Liqi Zhuang South,Longhan Road,12356.96029,100088,100092,10,0,10,5,5
Longhan Road,Liqi Zhuang South,12356.96029,100092,100088,7,1,6,3,3
Wandong Road,Wangdingdi,12356.78627,100144,100145,13,3,10,8,2
Wangdingdi,Wandong Road,12356.78627,100145,100144,10,0,10,6,4
Qinjian Road,Taichang Road,12354.98583,100113,100128,239,57,182,106,76
Taichang Road,Qinjian Road,12354.98583,100128,100113,207,43,164,115,49
Chinese Medicine First Affiliated Hospital,Shaliu South Road,12353.23394,100016,100116,64,22,42,18,24
Shaliu South Road,Chinese Medicine First Affiliated Hospital,12353.23394,100116,100016,63,20,43,23,20
West Station,Chinese Medicine First Affiliated Hospital,12351.66263,100149,100016,497,153,344,119,225
Chinese Medicine First Affiliated Hospital,West Station,12351.66263,100016,100149,457,136,321,140,181
Wanshan Road,Tian Tower,12350.72344,100146,100133,20,5,15,8,7
Tian Tower,Wanshan Road,12350.72344,100133,100146,13,4,9,5,4
Xinli,Tucheng,12350.69706,100161,100140,102,9,93,73,20
Tucheng,Xinli,12350.69706,100140,100161,96,12,84,50,34
Benxi Road,Cultural centre,12349.47987,100008,100020,426,180,246,167,79
Cultural centre,Benxi Road,12349.47987,100020,100008,374,130,244,124,120
Shunchi Bridge,Cao Zhuang,12349.26239,100120,100011,837,206,631,428,203
Cao Zhuang,Shunchi Bridge,12349.26239,100011,100120,774,204,570,342,228
Jiayuan Li,Zhicheng Road,12349.12937,100067,100187,28,13,15,8,7
Zhicheng Road,Jiayuan Li,12349.12937,100187,100067,28,14,14,6,8
Zhaoyuan Road,Shunchi Bridge,12349.03953,100186,100120,9,1,8,7,1
Shunchi Bridge,Zhaoyuan Road,12349.03953,100120,100186,6,5,1,1,0
JinZhong River Street,Sports Centre,12348.1106,100079,100126,315,63,252,179,73
Sports Centre,JinZhong River Street,12348.1106,100126,100079,306,63,243,150,93
Fuxing Gate,Zhanggui Zhuang,12347.11476,100041,100184,12,6,6,3,3
Zhanggui Zhuang,Fuxing Gate,12347.11476,100184,100041,10,3,7,6,1
Yudongcheng,Fuxing Road,12345.92714,100180,100042,86,19,67,43,24
Fuxing Road,Yudongcheng,12345.92714,100042,100180,71,16,55,36,19
Tiantai Road,Zuojiang Road,12345.77656,100137,100192,149,32,117,77,40
Zuojiang Road,Tiantai Road,12345.77656,100192,100137,146,25,121,58,63
Qinjian Road,Dongxing Road,12345.55894,100113,100035,70,12,58,37,21
Dongxing Road,Qinjian Road,12345.55894,100035,100113,57,8,49,39,10
Heping Road,Magangchang,12344.87515,100053,100094,118,35,83,44,39
Magangchang,Heping Road,12344.87515,100094,100053,118,40,78,57,21
Nanlou,Hangshuang Road,12344.73212,100102,100051,20,4,16,13,3
Hangshuang Road,Nanlou,12344.73212,100051,100102,19,5,14,8,6
Xingfu Park,Yingfeng Road,12344.29702,100159,100173,202,42,160,106,54
Yingfeng Road,Xingfu Park,12344.29702,100173,100159,189,47,142,85,57
Yihao Bridge,Beining Park,12343.90062,100172,100006,34,9,25,13,12
Beining Park,Yihao Bridge,12343.90062,100006,100172,25,6,19,11,8
Anshan Road,Huanyu Road,12342.4587,100002,100059,39,6,33,26,7
Huanyu Road,Anshan Road,12342.4587,100059,100002,33,6,27,18,9
Yuanyang International Centre,The Financial University,12341.70018,100179,100132,367,103,264,142,122
The Financial University,Yuanyang International Centre,12341.70018,100132,100179,360,85,275,184,91
Wandong Road,Honghu Li,12341.63808,100144,100055,96,27,69,50,19
Honghu Li,Wandong Road,12341.63808,100055,100144,90,27,63,43,20
Jinwan Square,Shuanglin,12341.05796,100078,100119,484,172,312,146,166
Shuanglin,Jinwan Square,12341.05796,100119,100078,457,121,336,257,79
Weishan Road,Jinwan Square,12340.4976,100148,100078,6,4,2,1,1
Magangchang,Xikang Road,12338.23087,100094,100158,14,3,11,10,1
Xikang Road,Magangchang,12338.23087,100158,100094,12,1,11,11,0
Tianjin Station,Xinli,12337.86978,100135,100161,2413,764,1649,578,1071
Xinli,Tianjin Station,12337.86978,100161,100135,2255,733,1522,790,732
Tiedong Road,Huayuan,12337.52114,100139,100061,1008,119,889,711,178
Huayuan,Tiedong Road,12337.52114,100061,100139,960,109,851,604,247
Tiedong Road,Liuyuan,12337.27538,100139,100091,183,41,142,83,59
Liuyuan,Tiedong Road,12337.27538,100091,100139,166,41,125,89,36
Fuxing Road,Lijiang Road,12334.85324,100042,100085,10,0,10,7,3
Lijiang Road,Fuxing Road,12334.85324,100085,100042,9,0,9,6,3
Jieyuan West Road,Yueya River,12334.13584,100069,100182,248,68,180,110,70
Yueya River,Jieyuan West Road,12334.13584,100182,100069,236,63,173,112,61
Shaliu South Road,Changhong Park,12332.36295,100116,100012,110,25,85,61,24
Changhong Park,Shaliu South Road,12332.36295,100012,100116,105,24,81,58,23
Gaozhuangzi,Zhaoyuan Road,12331.83667,100043,100186,2,2,0,0,0
Zhaoyuan Road,Gaozhuangzi,12331.83667,100186,100043,1,1,0,0,0
Fangshan Road,Tian Tower,12331.01861,100038,100133,20,4,16,15,1
Tian Tower,Fangshan Road,12331.01861,100133,100038,15,2,13,8,5
Huaihe Road,Southwest corner,12328.50113,100058,100124,231,50,181,136,45
Southwest corner,Huaihe Road,12328.50113,100124,100058,194,35,159,107,52
Dengzhou South Road,Jianshan Road,12328.45606,100025,100066,18,4,14,8,6
Jianshan Road,Dengzhou South Road,12328.45606,100066,100025,11,2,9,6,3
Xuzhuangzi,Dengzhou South Road,12328.09597,100168,100025,6,2,4,4,0
Dengzhou South Road,Xuzhuangzi,12328.09597,100025,100168,6,2,4,3,1
Fuxing Gate,Tiantuo,12326.25662,100041,100138,64,9,55,36,19
Tiantuo,Fuxing Gate,12326.25662,100138,100041,63,6,57,38,19
Changhong Park,Laoshan Road,12324.2086,100012,100082,119,54,65,43,22
Laoshan Road,Changhong Park,12324.2086,100082,100012,76,23,53,21,32
Bianxing,Zhigu,12322.75825,100009,100188,90,23,67,46,21
Zhigu,Bianxing,12322.75825,100188,100009,62,10,52,27,25
Tianjin Station,Hangshuang Road,12321.37602,100135,100051,77,10,67,52,15
Hangshuang Road,Tianjin Station,12321.37602,100051,100135,72,9,63,44,19
Heping Road,Airport Economic Zone,12321.17861,100053,100001,2026,884,1142,452,690
Airport Economic Zone,Heping Road,12321.17861,100001,100053,1494,553,941,521,420
Fengchan River,Yuanyang International Centre,12320.65497,100039,100179,34,6,28,23,5
Yuanyang International Centre,Fengchan River,12320.65497,100179,100039,34,7,27,11,16
Cao Zhuang,Tumour Hospital,12318.83481,100011,100141,1058,195,863,521,342
Tumour Hospital,Cao Zhuang,12318.83481,100141,100011,1042,192,850,391,459
Nansun Zhuang,Yixingbu North,12317.14035,100103,100176,2,0,2,0,2
Guoshan Road,Tucheng,12316.43341,100047,100140,46,12,34,26,8
Tucheng,Guoshan Road,12316.43341,100140,100047,36,5,31,16,15
Yangwu Zhuang,Changhong Park,12314.24712,100169,100012,166,33,133,106,27
Changhong Park,Yangwu Zhuang,12314.24712,100012,100169,163,29,134,96,38
Zhicheng Road,Jinmao Industrial Area,12313.94484,100187,100074,11,0,11,7,4
Jinmao Industrial Area,Zhicheng Road,12313.94484,100074,100187,7,0,7,7,0
Yihao Bridge,Laoshan Road,12312.87467,100172,100082,2,0,2,0,2
Yuanyang International Centre,Xuelian South Road,12312.08168,100179,100164,25,8,17,13,4
Xuelian South Road,Yuanyang International Centre,12312.08168,100164,100179,16,7,9,5,4
Ruijing XinYuan,Yizhongxin Hospital,12311.51558,100114,100177,317,67,250,159,91
Yizhongxin Hospital,Ruijing XinYuan,12311.51558,100177,100114,234,40,194,91,103
Lijiang Road,West Station,12310.19171,100085,100149,108,25,83,24,59
West Station,Lijiang Road,12310.19171,100149,100085,96,36,60,13,47
Yihao Bridge,Nancuiping,12309.11919,100172,100100,34,8,26,12,14
Nancuiping,Yihao Bridge,12309.11919,100100,100172,24,3,21,14,7
Hongni River East,Xiawafang,12308.24821,100056,100157,423,80,343,253,90
Xiawafang,Hongni River East,12308.24821,100157,100056,412,68,344,210,134
Cuifu New Village,Professional University,12308.13434,100019,100112,58,21,37,14,23
Professional University,Cuifu New Village,12308.13434,100112,100019,49,20,29,16,13
Nanlou,Benxi Road,12307.93384,100102,100008,762,162,600,378,222
Benxi Road,Nanlou,12307.93384,100008,100102,698,141,557,385,172
Haiguang Temple,Jiefang South Road,12307.47713,100048,100068,410,77,333,208,125
Jiefang South Road,Haiguang Temple,12307.47713,100068,100048,410,79,331,252,79
Wanshan Road,Xinkai River,12306.6366,100146,100160,2,0,2,1,1
Xinkai River,Wanshan Road,12306.6366,100160,100146,1,0,1,0,1
Binhai International Airport,Jinmao Industrial Area,12305.9058,100010,100074,55,15,40,17,23
Jinmao Industrial Area,Binhai International Airport,12305.9058,100074,100010,53,12,41,20,21
Jingjiang Road,Benxi Road,12304.00252,100072,100008,197,41,156,122,34
Benxi Road,Jingjiang Road,12304.00252,100008,100072,179,36,143,96,47
Youyi South Road,Wujiayao,12300.94515,100178,100150,2,0,2,2,0
Haihe East Road,Yingkou Road,12300.82664,100049,100174,9,4,5,0,5
Yingkou Road,Haihe East Road,12300.82664,100174,100049,3,2,1,1,0
Guoshan Road,Zhongshan Gate,12300.62582,100047,100189,58,23,35,27,8
Zhongshan Gate,Guoshan Road,12300.62582,100189,100047,57,19,38,27,11
Nanzhu Bridge,Jintang Road,12298.75793,100104,100077,11,1,10,6,4
Jintang Road,Nanzhu Bridge,12298.75793,100077,100104,10,1,9,2,7
Yixingbu,Tucheng,12297.3812,100175,100140,147,22,125,89,36
Tucheng,Yixingbu,12297.3812,100140,100175,146,20,126,88,38
Xuelian South Road,Dongxing Road,12294.72659,100164,100035,1,0,1,0,1
Xiawafang,Jinghe Road,12292.48861,100157,100071,184,28,156,105,51
Jinghe Road,Xiawafang,12292.48861,100071,100157,174,25,149,125,24
Yihao Bridge,Dengzhou South Road,12292.06022,100172,100025,1,0,1,1,0
Yudongcheng,People's Hospital,12291.18061,100180,100111,316,44,272,169,103
People's Hospital,Yudongcheng,12291.18061,100111,100180,253,47,206,110,96
Jinwan Square,Jiefang South Road,12289.47972,100078,100068,179,58,121,56,65
Jiefang South Road,Jinwan Square,12289.47972,100068,100078,158,42,116,78,38
Jieyuan West Road,Changling Road,12289.03849,100069,100013,155,44,111,71,40
Changling Road,Jieyuan West Road,12289.03849,100013,100069,130,41,89,48,41
Liqi Zhuang South,Chenglin Road,12288.56078,100088,100014,64,19,45,27,18
Chenglin Road,Liqi Zhuang South,12288.56078,100014,100088,55,11,44,22,22
Chinese Medicine First Affiliated Hospital,Erwei Road,12288.10575,100016,100036,346,64,282,201,81
Erwei Road,Chinese Medicine First Affiliated Hospital,12288.10575,100036,100016,338,56,282,162,120
Heping Road,Yutai,12287.50651,100053,100183,70,16,54,30,24
Yutai,Heping Road,12287.50651,100183,100053,48,9,39,28,11
Zhanggui Zhuang,Tumour Hospital,12283.97977,100184,100141,450,70,380,286,94
Tumour Hospital,Zhanggui Zhuang,12283.97977,100141,100184,443,69,374,206,168
North China Group,Honghu Li,12283.66647,100107,100055,179,77,102,69,33
Honghu Li,North China Group,12283.66647,100055,100107,157,71,86,62,24
Water Park Road East,Liulin Road,12282.70121,100147,100089,25,18,7,3,4
Liulin Road,Water Park Road East,12282.70121,100089,100147,21,15,6,1,5
Dawang Zhuang,Huanyu Road,12281.00142,100023,100059,1,0,1,0,1
Huanyu Road,Dawang Zhuang,12281.00142,100059,100023,1,0,1,1,0
Xikang Road,Yutai,12280.666,100158,100183,27,3,24,18,6
Yutai,Xikang Road,12280.666,100183,100158,21,4,17,12,5
Dengzhou Road,Wujiayao,12280.49947,100024,100150,269,43,226,181,45
Wujiayao,Dengzhou Road,12280.49947,100150,100024,261,40,221,140,81
High-Tech Zone,Jin Street,12280.08356,100054,100070,178,45,133,82,51
Jin Street,High-Tech Zone,12280.08356,100070,100054,177,80,97,34,63
Xinxing Village,Liulin Road,12279.97749,100162,100089,3,1,2,1,1
Liulin Road,Xinxing Village,12279.97749,100089,100162,1,0,1,0,1
Xinkai River,Number Two Bridge,12279.85956,100160,100110,14,2,12,7,5
Number Two Bridge,Xinkai River,12279.85956,100110,100160,13,3,10,6,4
Tianshili,Southwest Tower,12279.74785,100136,100125,70,14,56,52,4
Southwest Tower,Tianshili,12279.74785,100125,100136,62,10,52,37,15
Airport Economic Zone,Xuzhou Road,12279.39956,100001,100167,440,54,386,326,60
Xuzhou Road,Airport Economic Zone,12279.39956,100167,100001,382,49,333,247,86
Zuojiang Road,Yueya River,12278.89286,100192,100182,148,38,110,61,49
Yueya River,Zuojiang Road,12278.89286,100182,100192,132,31,101,71,30
Nanhe Zhuang,Jinwan Square,12278.33598,100101,100078,123,37,86,49,37
Jinwan Square,Nanhe Zhuang,12278.33598,100078,100101,102,32,70,46,24
Jinshi Bridge,Lingbin Road,12277.74966,100076,100087,95,22,73,58,15
Lingbin Road,Jinshi Bridge,12277.74966,100087,100076,62,13,49,25,24
Cultural centre,Xuelian South Road,12277.58763,100020,100164,5,2,3,2,1
Xuelian South Road,Cultural centre,12277.58763,100164,100020,4,2,2,0,2
JinZhong Street,Nanlou,12273.9241,100080,100102,88,26,62,51,11
Nanlou,JinZhong Street,12273.9241,100102,100080,86,24,62,26,36
Jin Street,North China Group,12270.67268,100070,100107,158,64,94,38,56
North China Group,Jin Street,12270.67268,100107,100070,141,56,85,55,30
The Financial University,Xingfu Park,12269.89105,100132,100159,193,61,132,58,74
Xingfu Park,The Financial University,12269.89105,100159,100132,188,68,120,56,64
JinZhong Street,Shaliu South Road,12269.17882,100080,100116,45,7,38,23,15
Shaliu South Road,JinZhong Street,12269.17882,100116,100080,37,9,28,23,5
Hongni River East,Jiangwan Erzhi Road,12267.81415,100056,100065,20,1,19,17,2
Jiangwan Erzhi Road,Hongni River East,12267.81415,100065,100056,16,1,15,12,3
Tianjin Hotel,Dengzhou Road,12267.15116,100134,100024,148,30,118,78,40
Dengzhou Road,Tianjin Hotel,12267.15116,100024,100134,132,30,102,79,23
Yingfeng Road,Cuifu New Village,12267.08396,100173,100019,48,15,33,19,14
Cuifu New Village,Yingfeng Road,12267.08396,100019,100173,43,13,30,23,7
Xuzhuangzi,Anshan West Road,12266.79026,100168,100003,123,24,99,66,33
Anshan West Road,Xuzhuangzi,12266.79026,100003,100168,93,21,72,38,34
Shuanglin,Haiguang Temple,12266.77454,100119,100048,1601,314,1287,959,328
Haiguang Temple,Shuanglin,12266.77454,100048,100119,1354,261,1093,667,426
Longhan Road,Tumour Hospital,12266.70623,100092,100141,20,1,19,17,2
Tumour Hospital,Longhan Road,12266.70623,100141,100092,17,0,17,14,3
Tian Tower,Number Two Bridge,12265.1047,100133,100110,175,46,129,57,72
Number Two Bridge,Tian Tower,12265.1047,100110,100133,161,44,117,69,48
Chinese Medicine First Affiliated Hospital,Jin Street,12265.06248,100016,100070,195,43,152,90,62
Jin Street,Chinese Medicine First Affiliated Hospital,12265.06248,100070,100016,171,40,131,66,65
JinZhong River Street,Huanyu Road,12264.38243,100079,100059,11,2,9,9,0
Huanyu Road,JinZhong River Street,12264.38243,100059,100079,10,1,9,9,0
Jieyuan West Road,Jintang Road,12258.99434,100069,100077,112,30,82,56,26
Jintang Road,Jieyuan West Road,12258.99434,100077,100069,98,21,77,53,24
Ruijing XinYuan,Xikang Road,12257.56639,100114,100158,462,112,350,248,102
Xikang Road,Ruijing XinYuan,12257.56639,100158,100114,451,82,369,221,148
North China Group,Shiyijing Road,12256.79554,100107,100117,226,44,182,132,50
Shiyijing Road,North China Group,12256.79554,100117,100107,213,41,172,97,75
Cao Zhuang,Beining Park,12255.44458,100011,100006,361,125,236,145,91
Beining Park,Cao Zhuang,12255.44458,100006,100011,317,103,214,137,77
Lilou,Yuejin North Road,12254.11411,100086,100181,7,0,7,2,5
Yuejin North Road,Lilou,12254.11411,100181,100086,3,0,3,2,1
Haihe East Road,Yueya River,12253.90024,100049,100182,3,3,0,0,0
Yueya River,Haihe East Road,12253.90024,100182,100049,1,0,1,0,1
Cuifu New Village,Qinjian Road,12253.48101,100019,100113,165,49,116,87,29
Qinjian Road,Cuifu New Village,12253.48101,100113,100019,97,15,82,45,37
Zhongshan Gate,Fuxing Road,12253.33956,100189,100042,57,11,46,31,15
Fuxing Road,Zhongshan Gate,12253.33956,100042,100189,52,9,43,25,18
Erwei Road,Dengzhou South Road,12250.57221,100036,100025,56,12,44,35,9
Dengzhou South Road,Erwei Road,12250.57221,100025,100036,55,8,47,40,7
Meijiang Road,Shaliu South Road,12250.44691,100097,100116,14,0,14,12,2
Shaliu South Road,Meijiang Road,12250.44691,100116,100097,2,0,2,2,0
Weishan Road,Haiguang Temple,12249.32161,100148,100048,9,5,4,1,3
Haiguang Temple,Weishan Road,12249.32161,100048,100148,5,2,3,2,1
Wandong Road,Nancuiping,12247.1946,100144,100100,32,6,26,21,5
Nancuiping,Wandong Road,12247.1946,100100,100144,28,9,19,17,2
Shuanggang,Xiaobailou,12245.46028,100118,100154,111,17,94,62,32
Xiaobailou,Shuanggang,12245.46028,100154,100118,109,26,83,56,27
Beiyangyuan Campus of Tianjin University,Second hospital of the Medical University,12244.18181,100007,100115,144,64,80,44,36
Second hospital of the Medical University,Beiyangyuan Campus of Tianjin University,12244.18181,100115,100007,122,56,66,20,46
Haihe East Road,Shiyijing Road,12243.81512,100049,100117,1,1,0,0,0
Bei Zhulin,Yudongcheng,12242.35086,100004,100180,10,1,9,4,5
Yudongcheng,Bei Zhulin,12242.35086,100180,100004,8,1,7,3,4
Bei Zhulin,Xiaodian,12242.26024,100004,100155,9,1,8,7,1
Xiaodian,Bei Zhulin,12242.26024,100155,100004,5,1,4,3,1
Xikang Road,Guoshan Road,12241.9487,100158,100047,133,16,117,90,27
Guoshan Road,Xikang Road,12241.9487,100047,100158,122,20,102,86,16
Honghu Li,Chentang Zhuang,12241.37508,100055,100015,738,123,615,459,156
Chentang Zhuang,Honghu Li,12241.37508,100015,100055,708,107,601,419,182
Jinshi Bridge,Nansun Zhuang,12238.61747,100076,100103,16,0,16,13,3
Nansun Zhuang,Jinshi Bridge,12238.61747,100103,100076,12,0,12,10,2
Xingfu Park,Wangdingdi,12238.45721,100159,100145,55,18,37,20,17
Wangdingdi,Xingfu Park,12238.45721,100145,100159,42,11,31,15,16
Jiangwan Erzhi Road,Zhongshan Gate,12236.91562,100065,100189,10,3,7,3,4
Zhongshan Gate,Jiangwan Erzhi Road,12236.91562,100189,100065,3,1,2,2,0
Jianchang Road,North Beichen Tech Park,12236.54735,100063,100106,62,9,53,35,18
North Beichen Tech Park,Jianchang Road,12236.54735,100106,100063,56,11,45,28,17
Yutai,Haihe East Road,12233.03286,100183,100049,3,0,3,3,0
Haihe East Road,Yutai,12233.03286,100049,100183,3,0,3,3,0
Jingjiang Road,Magangchang,12232.25239,100072,100094,56,17,39,24,15
Magangchang,Jingjiang Road,12232.25239,100094,100072,45,13,32,22,10
Xiawafang,Dabi Zhuang,12231.32676,100157,100021,220,57,163,97,66
Dabi Zhuang,Xiawafang,12231.32676,100021,100157,213,69,144,94,50
Wangdingdi,Zhongshan Gate,12230.49669,100145,100189,62,14,48,31,17
Zhongshan Gate,Wangdingdi,12230.49669,100189,100145,60,7,53,42,11
Xiangshan Road,Northwest Corner,12226.81908,100151,100109,123,33,90,46,44
Northwest Corner,Xiangshan Road,12226.81908,100109,100151,87,16,71,25,46
Tucheng,Gaozhuangzi,12226.63664,100140,100043,461,79,382,224,158
Gaozhuangzi,Tucheng,12226.63664,100043,100140,455,81,374,287,87
Heping Road,Meilin Road,12225.7605,100053,100098,172,36,136,75,61
Meilin Road,Heping Road,12225.7605,100098,100053,138,26,112,87,25
Danhebei Road,Beining Park,12225.29234,100022,100006,10,1,9,7,2
Beining Park,Danhebei Road,12225.29234,100006,100022,10,0,10,9,1
Northwest Corner,Wanshan Road,12225.28307,100109,100146,31,4,27,11,16
Wanshan Road,Northwest Corner,12225.28307,100146,100109,26,2,24,19,5
Huayuan,Beining Park,12224.5393,100061,100006,306,25,281,215,66
Beining Park,Huayuan,12224.5393,100006,100061,250,21,229,177,52
Airport Economic Zone,Hangshuang Road,12224.28179,100001,100051,11,0,11,10,1
Hangshuang Road,Airport Economic Zone,12224.28179,100051,100001,10,3,7,5,2
Zhanggui Zhuang,Haiguang Temple,12224.0612,100184,100048,503,88,415,320,95
Haiguang Temple,Zhanggui Zhuang,12224.0612,100048,100184,466,64,402,276,126
Jin Street,Huanyu Road,12222.7982,100070,100059,22,3,19,13,6
Huanyu Road,Jin Street,12222.7982,100059,100070,18,3,15,11,4
Guangkaisima Road,Meijiang Park,12220.34322,100044,100096,57,7,50,34,16
Meijiang Park,Guangkaisima Road,12220.34322,100096,100044,50,10,40,32,8
Yangwu Zhuang,Tianjin Hotel,12219.91282,100169,100134,107,19,88,68,20
Tianjin Hotel,Yangwu Zhuang,12219.91282,100134,100169,89,19,70,42,28
Yixingbu,Yizhongxin Hospital,12219.52206,100175,100177,129,20,109,82,27
Yizhongxin Hospital,Yixingbu,12219.52206,100177,100175,113,19,94,59,35
Meilin Road,Xikang Road,12219.11621,100098,100158,99,11,88,74,14
Xikang Road,Meilin Road,12219.11621,100158,100098,88,9,79,52,27
Tian Tower,The Financial University,12219.02575,100133,100132,448,168,280,160,120
The Financial University,Tian Tower,12219.02575,100132,100133,384,104,280,196,84
Liaohe North Road,Xiaobailou,12218.31453,100084,100154,213,44,169,130,39
Xiaobailou,Liaohe North Road,12218.31453,100154,100084,181,41,140,73,67
Nanlou,Tianshili,12216.62501,100102,100136,66,22,44,34,10
Tianshili,Nanlou,12216.62501,100136,100102,55,11,44,36,8
University town,Liqi Zhuang South,12215.08146,100143,100088,4,1,3,2,1
Liqi Zhuang South,University town,12215.08146,100088,100143,2,1,1,1,0
Yuanyang International Centre,Binhai International Airport,12208.73223,100179,100010,939,304,635,304,331
Binhai International Airport,Yuanyang International Centre,12208.73223,100010,100179,910,280,630,193,437
Jianshan Road,Laoshan Road,12207.06436,100066,100082,8,1,7,2,5
Laoshan Road,Jianshan Road,12207.06436,100082,100066,5,1,4,1,3
Fangshan Road,Northwest Corner,12205.57825,100038,100109,91,26,65,42,23
Northwest Corner,Fangshan Road,12205.57825,100109,100038,91,20,71,38,33
Hongni River East,Dongli Culture and Sports Centre,12204.34155,100056,100029,5,2,3,3,0
Dongli Culture and Sports Centre,Hongni River East,12204.34155,100029,100056,2,0,2,1,1
Erwei Road,Yaohuan Road,12201.58081,100036,100170,74,13,61,27,34
Yaohuan Road,Erwei Road,12201.58081,100170,100036,69,11,58,43,15
Dongli Yijing Road,Taichang Road,12200.74723,100033,100128,65,12,53,39,14
Taichang Road,Dongli Yijing Road,12200.74723,100128,100033,35,4,31,26,5
Chenglin Road,Nansun Zhuang,12199.92072,100014,100103,6,2,4,3,1
Nansun Zhuang,Chenglin Road,12199.92072,100103,100014,4,0,4,2,2
Jinmao Industrial Area,Tianjin Hotel,12199.73056,100074,100134,3,0,3,2,1
Tianjin Hotel,Jinmao Industrial Area,12199.73056,100134,100074,2,0,2,1,1
Weishan Road,Guoshan Road,12197.24668,100148,100047,39,7,32,29,3
Guoshan Road,Weishan Road,12197.24668,100047,100148,27,2,25,20,5
Wujiayao,Dengzhou South Road,12192.19235,100150,100025,123,21,102,72,30
Dengzhou South Road,Wujiayao,12192.19235,100025,100150,107,16,91,65,26
Erwei Road,Meijiang Exhibition Centre,12190.7775,100036,100095,75,29,46,27,19
Meijiang Exhibition Centre,Erwei Road,12190.7775,100095,100036,71,25,46,29,17
Yuejin North Road,Cultural centre,12190.50202,100181,100020,131,32,99,61,38
Cultural centre,Yuejin North Road,12190.50202,100020,100181,110,34,76,38,38
Southwest corner,The Financial University,12189.47876,100124,100132,590,180,410,228,182
The Financial University,Southwest corner,12189.47876,100132,100124,582,186,396,225,171
Nancuiping,Cuifu New Village,12188.3959,100100,100019,15,5,10,2,8
Cuifu New Village,Nancuiping,12188.3959,100019,100100,15,2,13,8,5
Shuanglin,Dengzhou Road,12187.60438,100119,100024,36,7,29,24,5
Dengzhou Road,Shuanglin,12187.60438,100024,100119,23,4,19,12,7
Zhicheng Road,Yizhongxin Hospital,12185.61489,100187,100177,93,17,76,63,13
Yizhongxin Hospital,Zhicheng Road,12185.61489,100177,100187,77,7,70,36,34
Yixingbu,Cultural centre,12184.81274,100175,100020,171,54,117,74,43
Cultural centre,Yixingbu,12184.81274,100020,100175,151,55,96,63,33
Dongxing Road,Lilou,12183.77515,100035,100086,43,7,36,26,10
Lilou,Dongxing Road,12183.77515,100086,100035,40,3,37,27,10
Southeast Corner,Dabi Zhuang,12182.97489,100123,100021,126,52,74,25,49
Dabi Zhuang,Southeast Corner,12182.97489,100021,100123,92,40,52,28,24
JinZhong River Street,Number Two Bridge,12180.66125,100079,100110,64,24,40,23,17
Number Two Bridge,JinZhong River Street,12180.66125,100110,100079,56,14,42,29,13
West Station,High-Tech Zone,12180.24849,100149,100054,638,239,399,147,252
High-Tech Zone,West Station,12180.24849,100054,100149,589,161,428,206,222
Tianjin Hotel,Xiangshan Road,12179.49903,100134,100151,38,15,23,12,11
Xiangshan Road,Tianjin Hotel,12179.49903,100151,100134,35,14,21,17,4
Jin Street,Yaohuan Road,12178.53754,100070,100170,70,18,52,21,31
Yaohuan Road,Jin Street,12178.53754,100170,100070,56,7,49,40,9
Lushui Road,Yizhongxin Hospital,12178.29234,100093,100177,515,96,419,326,93
Yizhongxin Hospital,Lushui Road,12178.29234,100177,100093,406,74,332,177,155
Meijiang Road,Haihe Education Zone,12177.09522,100097,100050,25,4,21,12,9
Haihe Education Zone,Meijiang Road,12177.09522,100050,100097,25,5,20,14,6
Yudongcheng,Number Two Bridge,12174.99814,100180,100110,12,2,10,3,7
Number Two Bridge,Yudongcheng,12174.99814,100110,100180,5,4,1,0,1
Yuanyang International Centre,University town,12174.93236,100179,100143,564,211,353,166,187
University town,Yuanyang International Centre,12174.93236,100143,100179,549,188,361,199,162
Yuejin North Road,Gulou,12174.46159,100181,100045,141,53,88,46,42
Gulou,Yuejin North Road,12174.46159,100045,100181,141,55,86,39,47
Zhongshan Gate,Anshan West Road,12173.47152,100189,100003,219,29,190,144,46
Anshan West Road,Zhongshan Gate,12173.47152,100003,100189,217,27,190,138,52
Longhan Road,Cultural centre,12171.84971,100092,100020,5,0,5,3,2
Cultural centre,Longhan Road,12171.84971,100020,100092,4,0,4,2,2
Jieyuan West Road,Yixingbu,12171.47303,100069,100175,106,37,69,52,17
Yixingbu,Jieyuan West Road,12171.47303,100175,100069,96,33,63,46,17
Changling Road,Shuanggang,12170.23572,100013,100118,25,6,19,6,13
Shuanggang,Changling Road,12170.23572,100118,100013,20,4,16,5,11
Yizhongxin Hospital,Jianchang Road,12170.075,100177,100063,55,13,42,15,27
Jianchang Road,Yizhongxin Hospital,12170.075,100063,100177,49,9,40,31,9
Liqi Zhuang South,Dawang Zhuang,12169.09413,100088,100023,16,1,15,6,9
Dawang Zhuang,Liqi Zhuang South,12169.09413,100023,100088,14,2,12,3,9
Huashan Li,Guorui Road,12168.66056,100060,100046,31,7,24,20,4
Guorui Road,Huashan Li,12168.66056,100046,100060,23,2,21,16,5
Meijiang Exhibition Centre,Jin Street,12167.73422,100095,100070,70,15,55,32,23
Jin Street,Meijiang Exhibition Centre,12167.73422,100070,100095,61,19,42,23,19
Tumour Hospital,Siyuan Road,12167.05572,100141,100121,138,14,124,87,37
Siyuan Road,Tumour Hospital,12167.05572,100121,100141,131,15,116,99,17
Huashan Li,Zhou and Deng Memorial Museum,12165.89131,100060,100191,169,54,115,78,37
Zhou and Deng Memorial Museum,Huashan Li,12165.89131,100191,100060,147,46,101,73,28
South Station,Yibin Road,12164.23974,100122,100171,619,157,462,294,168
Yibin Road,South Station,12164.23974,100171,100122,482,157,325,215,110
Heping Road,Xuelian South Road,12163.79573,100053,100164,40,11,29,21,8
Xuelian South Road,Heping Road,12163.79573,100164,100053,34,7,27,18,9
Magangchang,Liuwei Road,12163.39481,100094,100090,24,3,21,17,4
Liuwei Road,Magangchang,12163.39481,100090,100094,20,5,15,10,5
Liuyuan,Yingkou Road,12163.33337,100091,100174,8796,2984,5812,3400,2412
Yingkou Road,Liuyuan,12163.33337,100174,100091,8393,2961,5432,2517,2915
Binhai International Airport,Dengzhou South Road,12162.16161,100010,100025,62,10,52,20,32
Dengzhou South Road,Binhai International Airport,12162.16161,100025,100010,38,6,32,15,17
Taichang Road,Jiangwan Erzhi Road,12162.0468,100128,100065,77,18,59,30,29
Jiangwan Erzhi Road,Taichang Road,12162.0468,100065,100128,74,19,55,27,28
Wangdingdi,Cuifu New Village,12161.24415,100145,100019,37,5,32,19,13
Cuifu New Village,Wangdingdi,12161.24415,100019,100145,35,6,29,22,7
Jianchang Road,Yihao Bridge,12159.33478,100063,100172,73,12,61,53,8
Yihao Bridge,Jianchang Road,12159.33478,100172,100063,63,7,56,39,17
Yuanyang International Centre,Professional University,12159.18954,100179,100112,331,113,218,98,120
Professional University,Yuanyang International Centre,12159.18954,100112,100179,303,93,210,136,74
Dabi Zhuang,Xuzhou Road,12158.02801,100021,100167,164,27,137,113,24
Xuzhou Road,Dabi Zhuang,12158.02801,100167,100021,118,11,107,79,28
Nancuiping,Huashan Li,12157.96892,100100,100060,19,7,12,7,5
Huashan Li,Nancuiping,12157.96892,100060,100100,13,6,7,4,3
Dabi Zhuang,Northwest Corner,12157.93566,100021,100109,322,94,228,127,101
Northwest Corner,Dabi Zhuang,12157.93566,100109,100021,314,100,214,116,98
Magangchang,National Exhibition Centre,12155.98217,100094,100105,2,0,2,1,1
National Exhibition Centre,Magangchang,12155.98217,100105,100094,1,1,0,0,0
Changhong Park,JinZhong Street,12153.91652,100012,100080,216,69,147,78,69
JinZhong Street,Changhong Park,12153.91652,100080,100012,188,50,138,95,43
Yutai,Fuxing Gate,12153.77235,100183,100041,24,7,17,15,2
Fuxing Gate,Yutai,12153.77235,100041,100183,22,8,14,11,3
Chentang Zhuang,Liqi Zhuang South,12153.64282,100015,100088,20,3,17,6,11
Liqi Zhuang South,Chentang Zhuang,12153.64282,100088,100015,11,5,6,6,0
Minquan Gate,Yihao Bridge,12153.1859,100099,100172,36,14,22,13,9
Yihao Bridge,Minquan Gate,12153.1859,100172,100099,27,6,21,8,13
Cuifu New Village,Nanzhu Bridge,12152.5085,100019,100104,59,9,50,41,9
Nanzhu Bridge,Cuifu New Village,12152.5085,100104,100019,58,13,45,39,6
Jiayuan Li,Xuzhou Road,12150.99358,100067,100167,8,1,7,7,0
Xuzhou Road,Jiayuan Li,12150.99358,100167,100067,6,1,5,3,2
Zhongshan Gate,Bei Zhulin,12149.76328,100189,100004,12,2,10,7,3
Bei Zhulin,Zhongshan Gate,12149.76328,100004,100189,11,3,8,6,2
Fuxing Road,Yaohuan Road,12147.40246,100042,100170,8,3,5,5,0
Yaohuan Road,Fuxing Road,12147.40246,100170,100042,6,0,6,0,6
Liuyuan,Beining Park,12146.47699,100091,100006,367,76,291,175,116
Beining Park,Liuyuan,12146.47699,100006,100091,330,79,251,141,110
Jianshan Road,Bianxing,12139.4873,100066,100009,45,7,38,21,17
Bianxing,Jianshan Road,12139.4873,100009,100066,38,5,33,23,10
Zhicheng Road,Jianshan Road,12138.81949,100187,100066,53,12,41,35,6
Jianshan Road,Zhicheng Road,12138.81949,100066,100187,41,3,38,23,15
Yingfeng Road,Weishan Road,12138.43482,100173,100148,11,5,6,5,1
Weishan Road,Yingfeng Road,12138.43482,100148,100173,4,1,3,1,2
Zhicheng Road,Jieyuan West Road,12137.56586,100187,100069,51,11,40,29,11
Jieyuan West Road,Zhicheng Road,12137.56586,100069,100187,44,11,33,19,14
Hongni River East,Shaliu South Road,12136.91838,100056,100116,26,6,20,16,4
Shaliu South Road,Hongni River East,12136.91838,100116,100056,10,5,5,5,0
Danhebei Road,North China Group,12136.78669,100022,100107,5,2,3,1,2
North China Group,Danhebei Road,12136.78669,100107,100022,3,1,2,2,0
Youyi South Road,Dengzhou Road,12136.6759,100178,100024,50,11,39,19,20
Dengzhou Road,Youyi South Road,12136.6759,100024,100178,47,9,38,26,12
Jianguo Road,The Financial University,12133.40771,100064,100132,165,52,113,55,58
The Financial University,Jianguo Road,12133.40771,100132,100064,125,39,86,64,22
Dongli Sanjing Road,Chentang Zhuang,12133.34599,100032,100015,6,0,6,5,1
Chentang Zhuang,Dongli Sanjing Road,12133.34599,100015,100032,6,0,6,6,0
University of Civil Aviation,Magangchang,12133.26,100142,100094,44,4,40,29,11
Magangchang,University of Civil Aviation,12133.26,100094,100142,44,4,40,21,19
Yuejin North Road,Xikang Road,12132.83604,100181,100158,109,16,93,83,10
Xikang Road,Yuejin North Road,12132.83604,100158,100181,84,10,74,45,29
Lingbin Road,Zhongshan Road,12131.00358,100087,100190,44,11,33,15,18
Zhongshan Road,Lingbin Road,12131.00358,100190,100087,43,7,36,19,17
Zhangxing Zhuang,Fangshan Road,12130.33884,100185,100038,3,0,3,2,1
Fangshan Road,Zhangxing Zhuang,12130.33884,100038,100185,3,1,2,2,0
Jianchang Road,Airport Economic Zone,12129.93845,100063,100001,207,30,177,161,16
Airport Economic Zone,Jianchang Road,12129.93845,100001,100063,137,16,121,78,43
Lilou,Cultural centre,12129.03434,100086,100020,178,51,127,83,44
Cultural centre,Lilou,12129.03434,100020,100086,169,45,124,67,57
Dengzhou Road,Dongli Culture and Sports Centre,12127.55892,100024,100029,12,5,7,7,0
Dongli Culture and Sports Centre,Dengzhou Road,12127.55892,100029,100024,7,0,7,5,2
Longhan Road,Gulou,12127.28654,100092,100045,23,8,15,10,5
Gulou,Longhan Road,12127.28654,100045,100092,12,7,5,0,5
Guoshan Road,Anshan Road,12127.18036,100047,100002,117,28,89,46,43
Anshan Road,Guoshan Road,12127.18036,100002,100047,105,22,83,56,27
Tianjin Station,High-Tech Zone,12126.85947,100135,100054,1876,714,1162,622,540
High-Tech Zone,Tianjin Station,12126.85947,100054,100135,1806,528,1278,667,611
Chentang Zhuang,Yibin Road,12124.77751,100015,100171,80,10,70,38,32
Yibin Road,Chentang Zhuang,12124.77751,100171,100015,67,5,62,49,13
Leyuan Road,Dengzhou Road,12124.16225,100083,100024,24,7,17,7,10
Dengzhou Road,Leyuan Road,12124.16225,100024,100083,14,6,8,3,5
West Station,Yaohuan Road,12122.74094,100149,100170,92,33,59,10,49
Yaohuan Road,West Station,12122.74094,100170,100149,73,29,44,17,27
Minquan Gate,Zuojiang Road,12119.54468,100099,100192,49,14,35,22,13
Zuojiang Road,Minquan Gate,12119.54468,100192,100099,42,11,31,17,14
Jintang Road,Dongli Development Zone,12116.80983,100077,100030,102,19,83,55,28
Dongli Development Zone,Jintang Road,12116.80983,100030,100077,80,15,65,54,11
Xiangshan Road,Changling Road,12113.62042,100151,100013,111,24,87,50,37
Changling Road,Xiangshan Road,12113.62042,100013,100151,90,23,67,35,32
Zuojiang Road,Xinkai River,12113.26955,100192,100160,46,9,37,27,10
Xinkai River,Zuojiang Road,12113.26955,100160,100192,41,9,32,16,16
Jianguo Road,Fengchan River,12112.36249,100064,100039,17,4,13,4,9
Fengchan River,Jianguo Road,12112.36249,100039,100064,10,3,7,4,3
Jin Street,Zhanggui Zhuang,12109.15938,100070,100184,148,18,130,75,55
Zhanggui Zhuang,Jin Street,12109.15938,100184,100070,134,18,116,86,30
Yuejin North Road,Jianchang Road,12106.5472,100181,100063,20,6,14,10,4
Jianchang Road,Yuejin North Road,12106.5472,100063,100181,19,4,15,13,2
Tianjin Hotel,Huanyu Road,12105.89337,100134,100059,9,3,6,3,3
Huanyu Road,Tianjin Hotel,12105.89337,100059,100134,9,2,7,6,1
Jieyuan West Road,Taichang Road,12105.42712,100069,100128,349,104,245,146,99
Taichang Road,Jieyuan West Road,12105.42712,100128,100069,332,92,240,105,135
Huaihe Road,Taichang Road,12105.36314,100058,100128,322,92,230,141,89
Taichang Road,Huaihe Road,12105.36314,100128,100058,312,87,225,108,117
Qinjian Road,Jintang Road,12103.1519,100113,100077,158,31,127,90,37
Jintang Road,Qinjian Road,12103.1519,100077,100113,143,34,109,81,28
Zhaoyuan Road,Xuzhou Road,12100.60395,100186,100167,27,9,18,16,2
Xuzhou Road,Zhaoyuan Road,12100.60395,100167,100186,16,1,15,12,3
Shuanglin,Liqi Zhuang South,12098.6701,100119,100088,8,5,3,3,0
Liqi Zhuang South,Shuanglin,12098.6701,100088,100119,4,3,1,0,1
Meilin Road,Anshan West Road,12097.65111,100098,100003,406,79,327,250,77
Anshan West Road,Meilin Road,12097.65111,100003,100098,365,56,309,207,102
Lijiang Road,Tianjin Station,12095.89714,100085,100135,187,36,151,44,107
Tianjin Station,Lijiang Road,12095.89714,100135,100085,147,60,87,33,54
JinZhong River Street,Zhou and Deng Memorial Museum,12095.65189,100079,100191,59,23,36,23,13
Zhou and Deng Memorial Museum,JinZhong River Street,12095.65189,100191,100079,57,11,46,19,27
Foreign Languages High School,Dengzhou Road,12095.46684,100040,100024,17,2,15,12,3
Dengzhou Road,Foreign Languages High School,12095.46684,100024,100040,13,2,11,9,2
Dongting Road,Zhongshan Gate,12094.52875,100034,100189,10,1,9,6,3
Zhongshan Gate,Dongting Road,12094.52875,100189,100034,6,1,5,4,1
Zhigu,Shuanggang,12094.04879,100188,100118,78,9,69,51,18
Shuanggang,Zhigu,12094.04879,100118,100188,62,7,55,38,17
Wanshan Road,Guangkaisima Road,12092.42884,100146,100044,26,12,14,7,7
Guangkaisima Road,Wanshan Road,12092.42884,100044,100146,21,6,15,11,4
Fuxing Gate,Yizhongxin Hospital,12091.3065,100041,100177,107,10,97,72,25
Yizhongxin Hospital,Fuxing Gate,12091.3065,100177,100041,85,10,75,59,16
Tiantuo,Chunhai Road,12090.00281,100138,100017,13,2,11,6,5
Chunhai Road,Tiantuo,12090.00281,100017,100138,10,2,8,3,5
Chentang Zhuang,Xianyang Road,12088.8212,100015,100153,314,52,262,182,80
Xianyang Road,Chentang Zhuang,12088.8212,100153,100015,286,55,231,188,43
Tianjin Station,Huanyu Road,12088.71038,100135,100059,33,10,23,14,9
Huanyu Road,Tianjin Station,12088.71038,100059,100135,24,5,19,15,4
Xunhai Road,Jiangwan Erzhi Road,12088.04675,100166,100065,20,4,16,9,7
Jiangwan Erzhi Road,Xunhai Road,12088.04675,100065,100166,15,6,9,5,4
Minquan Gate,Ruijing XinYuan,12088.02413,100099,100114,158,53,105,61,44
Ruijing XinYuan,Minquan Gate,12088.02413,100114,100099,137,44,93,44,49
Longhan Road,Jianchang Road,12087.89489,100092,100063,6,1,5,4,1
Number Two Bridge,Sports Centre,12087.6848,100110,100126,144,28,116,87,29
Sports Centre,Number Two Bridge,12087.6848,100126,100110,132,35,97,56,41
Xinxing Village,Dengzhou Road,12086.61688,100162,100024,1,0,1,1,0
High-Tech Zone,Meijiang Road,12086.36604,100054,100097,180,20,160,137,23
Meijiang Road,High-Tech Zone,12086.36604,100097,100054,174,15,159,135,24
Xiangshan Road,Guangkaisima Road,12084.6212,100151,100044,86,26,60,36,24
Guangkaisima Road,Xiangshan Road,12084.6212,100044,100151,84,24,60,32,28
Lijiang Road,Taichang Road,12084.22596,100085,100128,93,15,78,50,28
Taichang Road,Lijiang Road,12084.22596,100128,100085,73,25,48,24,24
Fuxing Gate,Changhong Park,12083.56018,100041,100012,153,35,118,82,36
Changhong Park,Fuxing Gate,12083.56018,100012,100041,122,19,103,75,28
Dengzhou Road,Tianshili,12080.88553,100024,100136,20,5,15,9,6
Tianshili,Dengzhou Road,12080.88553,100136,100024,17,2,15,9,6
Chunhai Road,Yingkou Road,12078.41935,100017,100174,90,31,59,32,27
Yingkou Road,Chunhai Road,12078.41935,100174,100017,81,23,58,35,23
Professional University,Shunchi Bridge,12077.92918,100112,100120,55,12,43,31,12
Shunchi Bridge,Professional University,12077.92918,100120,100112,55,7,48,41,7
Jintang Road,Huaihe Road,12076.97753,100077,100058,225,33,192,125,67
Huaihe Road,Jintang Road,12076.97753,100058,100077,208,31,177,130,47
JinZhong Street,Professional University,12076.96487,100080,100112,62,19,43,19,24
Professional University,JinZhong Street,12076.96487,100112,100080,61,16,45,22,23
Xikang Road,Longhan Road,12075.06278,100158,100092,3,1,2,2,0
Longhan Road,Xikang Road,12075.06278,100092,100158,3,1,2,1,1
Dengzhou South Road,Zhicheng Road,12074.10171,100025,100187,46,6,40,26,14
Zhicheng Road,Dengzhou South Road,12074.10171,100187,100025,36,7,29,16,13
Cao Zhuang,Xuzhou Road,12073.73288,100011,100167,774,109,665,541,124
Xuzhou Road,Cao Zhuang,12073.73288,100167,100011,686,113,573,398,175
Hehui South Road,Dongting Road,12073.65723,100052,100034,40,5,35,12,23
Dongting Road,Hehui South Road,12073.65723,100034,100052,31,6,25,9,16
Fangshan Road,Guangkaisima Road,12072.72401,100038,100044,43,11,32,26,6
Guangkaisima Road,Fangshan Road,12072.72401,100044,100038,31,5,26,17,9
Danhebei Road,Minquan Gate,12070.44211,100022,100099,11,5,6,3,3
Minquan Gate,Danhebei Road,12070.44211,100099,100022,4,4,0,0,0
Yihao Bridge,Northwest Corner,12069.47293,100172,100109,153,24,129,85,44
Northwest Corner,Yihao Bridge,12069.47293,100109,100172,136,21,115,68,47
Lingbin Road,Xuelian South Road,12067.42775,100087,100164,6,1,5,4,1
Xuelian South Road,Lingbin Road,12067.42775,100164,100087,4,1,3,3,0
Shaliu South Road,Yaohuan Road,12065.33579,100116,100170,99,16,83,61,22
Yaohuan Road,Shaliu South Road,12065.33579,100170,100116,66,12,54,31,23
Lijiang Road,Wandong Road,12063.98262,100085,100144,24,3,21,12,9
Wandong Road,Lijiang Road,12063.98262,100144,100085,19,1,18,11,7
Ruijing XinYuan,Jinwan Square,12062.26061,100114,100078,395,81,314,212,102
Jinwan Square,Ruijing XinYuan,12062.26061,100078,100114,390,100,290,173,117
Southwest Tower,Bianxing,12059.79888,100125,100009,65,16,49,32,17
Bianxing,Southwest Tower,12059.79888,100009,100125,47,10,37,26,11
Liqi Zhuang South,Changhong Park,12059.58883,100088,100012,14,7,7,5,2
Changhong Park,Liqi Zhuang South,12059.58883,100012,100088,8,4,4,3,1
Shiyijing Road,Chunhai Road,12059.00968,100117,100017,6,3,3,2,1
Chunhai Road,Shiyijing Road,12059.00968,100017,100117,6,3,3,3,0
Longhan Road,Sports Centre,12055.79806,100092,100126,12,6,6,3,3
Sports Centre,Longhan Road,12055.79806,100126,100092,8,5,3,2,1
Anshan Road,Yutai,12054.13417,100002,100183,106,20,86,44,42
Yutai,Anshan Road,12054.13417,100183,100002,90,23,67,49,18
Magangchang,Anshan Road,12053.59548,100094,100002,118,29,89,66,23
Anshan Road,Magangchang,12053.59548,100002,100094,87,29,58,27,31
Jiangwan Erzhi Road,Heping Road,12053.11232,100065,100053,109,21,88,75,13
Heping Road,Jiangwan Erzhi Road,12053.11232,100053,100065,104,17,87,53,34
Number Two Bridge,Huashan Li,12052.32168,100110,100060,6,1,5,2,3
Huashan Li,Number Two Bridge,12052.32168,100060,100110,3,1,2,1,1
West Station,Nanhe Zhuang,12052.21303,100149,100101,612,222,390,119,271
Nanhe Zhuang,West Station,12052.21303,100101,100149,595,214,381,170,211
Benxi Road,Tianshili,12051.90483,100008,100136,25,8,17,9,8
Tianshili,Benxi Road,12051.90483,100136,100008,18,3,15,4,11
Nancuiping,Xingfu Park,12051.44273,100100,100159,114,35,79,54,25
Xingfu Park,Nancuiping,12051.44273,100159,100100,113,31,82,50,32
Xueyuan North Road,Chinese Medicine First Affiliated Hospital,12050.47629,100165,100016,9,2,7,5,2
Chinese Medicine First Affiliated Hospital,Xueyuan North Road,12050.47629,100016,100165,8,1,7,4,3
Southwest corner,Guoshan Road,12049.70496,100124,100047,217,53,164,114,50
Guoshan Road,Southwest corner,12049.70496,100047,100124,195,54,141,79,62
Shunchi Bridge,The Financial University,12049.37369,100120,100132,113,27,86,57,29
The Financial University,Shunchi Bridge,12049.37369,100132,100120,103,28,75,52,23
Xuzhuangzi,Xiaodian,12047.66455,100168,100155,18,2,16,11,5
Xiaodian,Xuzhuangzi,12047.66455,100155,100168,15,2,13,7,6
Jiangwan Erzhi Road,Xikang Road,12046.27181,100065,100158,15,1,14,10,4
Xikang Road,Jiangwan Erzhi Road,12046.27181,100158,100065,8,1,7,5,2
North China Group,Dabi Zhuang,12046.00617,100107,100021,152,42,110,63,47
Dabi Zhuang,North China Group,12046.00617,100021,100107,146,42,104,59,45
Bianxing,Tianjin Hotel,12045.68703,100009,100134,97,24,73,64,9
Tianjin Hotel,Bianxing,12045.68703,100134,100009,86,23,63,37,26
Yutai,University town,12043.9648,100183,100143,6,1,5,1,4
University town,Yutai,12043.9648,100143,100183,4,0,4,0,4
Meijiang Park,Yuanyang International Centre,12043.90879,100096,100179,26,5,21,13,8
Yuanyang International Centre,Meijiang Park,12043.90879,100179,100096,23,2,21,14,7
Guangkaisima Road,Liaohe North Road,12042.81202,100044,100084,55,11,44,20,24
Liaohe North Road,Guangkaisima Road,12042.81202,100084,100044,50,6,44,34,10
Jinwan Square,Fengchan River,12042.43197,100078,100039,119,32,87,53,34
Fengchan River,Jinwan Square,12042.43197,100039,100078,106,27,79,56,23
Jingjiang Road,Huayuan,12041.79796,100072,100061,788,81,707,597,110
Huayuan,Jingjiang Road,12041.79796,100061,100072,706,56,650,483,167
JinZhong River Street,Fuxing Gate,12041.69925,100079,100041,135,35,100,73,27
Fuxing Gate,JinZhong River Street,12041.69925,100041,100079,134,26,108,60,48
Liqi Zhuang South,Meilin Road,12040.00452,100088,100098,7,3,4,0,4
Meilin Road,Liqi Zhuang South,12040.00452,100098,100088,7,2,5,1,4
Tianshili,Wujiayao,12038.95974,100136,100150,254,38,216,167,49
Wujiayao,Tianshili,12038.95974,100150,100136,238,46,192,111,81
Weishan Road,Zhongshan Gate,12038.81398,100148,100189,2,2,0,0,0
Zhongshan Gate,Weishan Road,12038.81398,100189,100148,1,1,0,0,0
Xuzhuangzi,Beichen Road,12036.94032,100168,100005,40,9,31,25,6
Beichen Road,Xuzhuangzi,12036.94032,100005,100168,36,3,33,26,7
Leyuan Road,Xiangshan Road,12036.51012,100083,100151,7,3,4,0,4
Xiangshan Road,Leyuan Road,12036.51012,100151,100083,2,0,2,0,2
Xuzhuangzi,Xianyang Road,12036.48166,100168,100153,69,6,63,42,21
Xianyang Road,Xuzhuangzi,12036.48166,100153,100168,53,7,46,32,14
Wangdingdi,Benxi Road,12035.22552,100145,100008,39,11,28,23,5
Benxi Road,Wangdingdi,12035.22552,100008,100145,34,8,26,19,7
Jinshi Bridge,University town,12034.29813,100076,100143,1184,364,820,458,362
University town,Jinshi Bridge,12034.29813,100143,100076,1032,284,748,447,301
Nanlou,Shuanggang,12033.64572,100102,100118,15,5,10,5,5
Shuanggang,Nanlou,12033.64572,100118,100102,12,5,7,3,4
Cuifu New Village,Changling Road,12033.38753,100019,100013,59,10,49,35,14
Changling Road,Cuifu New Village,12033.38753,100013,100019,50,16,34,22,12
Changling Road,Yuanyang International Centre,12030.9676,100013,100179,237,43,194,113,81
Yuanyang International Centre,Changling Road,12030.9676,100179,100013,186,32,154,85,69
Yixingbu,Shaliu South Road,12030.17007,100175,100116,24,6,18,8,10
Shaliu South Road,Yixingbu,12030.17007,100116,100175,11,3,8,7,1
Dawang Zhuang,Magangchang,12029.74006,100023,100094,12,3,9,6,3
Magangchang,Dawang Zhuang,12029.74006,100094,100023,9,1,8,7,1
Guoshan Road,Zhaoyuan Road,12029.56202,100047,100186,19,2,17,16,1
Zhaoyuan Road,Guoshan Road,12029.56202,100186,100047,12,1,11,10,1
Liuwei Road,Changling Road,12029.05846,100090,100013,44,20,24,6,18
Changling Road,Liuwei Road,12029.05846,100013,100090,26,12,14,4,10
Youyi South Road,Dongting Road,12028.67563,100178,100034,1,0,1,1,0
Danhebei Road,Yueya River,12028.02325,100022,100182,75,20,55,45,10
Yueya River,Danhebei Road,12028.02325,100182,100022,71,15,56,47,9
Haihe Education Zone,Zuojiang Road,12027.35121,100050,100192,62,13,49,31,18
Zuojiang Road,Haihe Education Zone,12027.35121,100192,100050,32,11,21,16,5
Fuxing Gate,Hangshuang Road,12026.45679,100041,100051,6,1,5,4,1
Hangshuang Road,Fuxing Gate,12026.45679,100051,100041,4,0,4,3,1
Tucheng,Jieyuan West Road,12026.446,100140,100069,365,93,272,170,102
Jieyuan West Road,Tucheng,12026.446,100069,100140,342,92,250,175,75
Zhongshan Gate,Shuanglin,12026.24558,100189,100119,63,11,52,31,21
Shuanglin,Zhongshan Gate,12026.24558,100119,100189,55,16,39,27,12
Liulin Road,Guorui Road,12022.39686,100089,100046,11,6,5,1,4
Guorui Road,Liulin Road,12022.39686,100046,100089,4,2,2,0,2
Erwei Road,Xiangshan Road,12021.86062,100036,100151,52,5,47,29,18
Xiangshan Road,Erwei Road,12021.86062,100151,100036,49,9,40,29,11
Jinghe Road,Sports Centre,12021.78263,100071,100126,17,5,12,10,2
Sports Centre,Jinghe Road,12021.78263,100126,100071,12,2,10,5,5
Jingli Road,Southwest Tower,12021.28192,100073,100125,41,5,36,23,13
Southwest Tower,Jingli Road,12021.28192,100125,100073,41,10,31,18,13
Tian Tower,Benxi Road,12021.03819,100133,100008,497,181,316,147,169
Benxi Road,Tian Tower,12021.03819,100008,100133,419,145,274,175,99
Cuifu New Village,Meijiang Park,12021.01892,100019,100096,10,2,8,7,1
Meijiang Park,Cuifu New Village,12021.01892,100096,100019,8,5,3,3,0
Wandong Road,Dongli Sanjing Road,12020.56992,100144,100032,36,1,35,35,0
Dongli Sanjing Road,Wandong Road,12020.56992,100032,100144,31,2,29,19,10
Dengzhou Road,Tiedong Road,12020.07209,100024,100139,119,23,96,73,23
Tiedong Road,Dengzhou Road,12020.07209,100139,100024,112,14,98,56,42
Longhan Road,Yutai,12019.6545,100092,100183,169,23,146,80,66
Yutai,Longhan Road,12019.6545,100183,100092,161,26,135,95,40
Guangkaisima Road,Yihao Bridge,12019.50354,100044,100172,105,15,90,58,32
Yihao Bridge,Guangkaisima Road,12019.50354,100172,100044,92,18,74,54,20
Xuzhuangzi,Haiguang Temple,12017.8692,100168,100048,113,16,97,76,21
Haiguang Temple,Xuzhuangzi,12017.8692,100048,100168,79,12,67,41,26
Liuwei Road,Meijiang Park,12017.32765,100090,100096,2,2,0,0,0
Meijiang Park,Liuwei Road,12017.32765,100096,100090,1,0,1,1,0
Xuzhuangzi,Cultural centre,12016.7503,100168,100020,82,13,69,37,32
Cultural centre,Xuzhuangzi,12016.7503,100020,100168,55,10,45,28,17
Jieyuan West Road,Xingfu Park,12014.78489,100069,100159,150,34,116,67,49
Xingfu Park,Jieyuan West Road,12014.78489,100159,100069,132,29,103,46,57
Gaozhuangzi,Jinmao Industrial Area,12013.81015,100043,100074,9,2,7,5,2
Jinmao Industrial Area,Gaozhuangzi,12013.81015,100074,100043,7,1,6,5,1
West Station,Fengchan River,12011.61085,100149,100039,123,45,78,15,63
Fengchan River,West Station,12011.61085,100039,100149,74,14,60,35,25
Xuzhou Road,The Financial University,12011.27024,100167,100132,24,8,16,9,7
The Financial University,Xuzhou Road,12011.27024,100132,100167,13,1,12,8,4
Dongli Yijing Road,Youyi South Road,12010.58413,100033,100178,52,5,47,39,8
Youyi South Road,Dongli Yijing Road,12010.58413,100178,100033,28,3,25,19,6
Shaliu South Road,Xinkai River,12010.03334,100116,100160,25,2,23,11,12
Xinkai River,Shaliu South Road,12010.03334,100160,100116,19,3,16,8,8
Tumour Hospital,Shuanglin,12008.41604,100141,100119,184,40,144,75,69
Shuanglin,Tumour Hospital,12008.41604,100119,100141,182,33,149,100,49
Tianjin Hotel,Jingli Road,12007.17007,100134,100073,238,44,194,129,65
Jingli Road,Tianjin Hotel,12007.17007,100073,100134,238,41,197,147,50
Minquan Gate,Airport Economic Zone,12005.3147,100099,100001,173,30,143,122,21
Airport Economic Zone,Minquan Gate,12005.3147,100001,100099,146,26,120,88,32
Honghu Li,Lingbin Road,12004.32068,100055,100087,111,31,80,55,25
Lingbin Road,Honghu Li,12004.32068,100087,100055,101,24,77,52,25
Wangdingdi,Minquan Gate,12003.49907,100145,100099,45,6,39,19,20
Minquan Gate,Wangdingdi,12003.49907,100099,100145,36,9,27,17,10
Second hospital of the Medical University,Wanshan Road,11999.27182,100115,100146,11,0,11,11,0
Wanshan Road,Second hospital of the Medical University,11999.27182,100146,100115,7,2,5,5,0
Jinmao Industrial Area,Southwest corner,11998.89152,100074,100124,43,0,43,41,2
Southwest corner,Jinmao Industrial Area,11998.89152,100124,100074,39,1,38,30,8
Zuojiang Road,The Financial University,11997.68811,100192,100132,1,0,1,1,0
Huaihe Road,Gulou,11997.64293,100058,100045,285,83,202,134,68
Gulou,Huaihe Road,11997.64293,100045,100058,285,80,205,91,114
Wujiayao,Yixingbu North,11996.13731,100150,100176,214,37,177,121,56
Yixingbu North,Wujiayao,11996.13731,100176,100150,206,35,171,127,44
Yixingbu North,Southwest Tower,11996.07639,100176,100125,528,91,437,283,154
Southwest Tower,Yixingbu North,11996.07639,100125,100176,506,68,438,266,172
Yixingbu North,Benxi Road,11995.71546,100176,100008,35,11,24,13,11
Benxi Road,Yixingbu North,11995.71546,100008,100176,22,7,15,13,2
Yixingbu North,Dengzhou Road,11993.79116,100176,100024,134,18,116,72,44
Dengzhou Road,Yixingbu North,11993.79116,100024,100176,110,22,88,63,25
Dengzhou Road,Huashan Li,11993.00467,100024,100060,13,1,12,8,4
Huashan Li,Dengzhou Road,11993.00467,100060,100024,12,2,10,2,8
Tian Tower,Jiefang South Road,11992.63698,100133,100068,265,92,173,84,89
Jiefang South Road,Tian Tower,11992.63698,100068,100133,251,77,174,95,79
Anshan Road,Meilin Road,11992.38816,100002,100098,161,25,136,76,60
Meilin Road,Anshan Road,11992.38816,100098,100002,152,28,124,89,35
Tianjin Hotel,Qinjian Road,11991.16518,100134,100113,223,47,176,137,39
Qinjian Road,Tianjin Hotel,11991.16518,100113,100134,200,31,169,137,32
National Exhibition Centre,Fuxing Gate,11990.91853,100105,100041,18,0,18,11,7
Fuxing Gate,National Exhibition Centre,11990.91853,100041,100105,11,2,9,7,2
Xuzhuangzi,Zhongshan Gate,11990.4947,100168,100189,60,7,53,38,15
Zhongshan Gate,Xuzhuangzi,11990.4947,100189,100168,37,5,32,20,12
Nancuiping,Tiedong Road,11989.84513,100100,100139,62,23,39,28,11
Tiedong Road,Nancuiping,11989.84513,100139,100100,60,16,44,24,20
Jinwan Square,Liulin Road,11989.76574,100078,100089,67,37,30,1,29
Liulin Road,Jinwan Square,11989.76574,100089,100078,38,19,19,12,7
Tucheng,Qinjian Road,11989.66965,100140,100113,1150,296,854,577,277
Qinjian Road,Tucheng,11989.66965,100113,100140,1059,208,851,620,231
Siyuan Road,Second hospital of the Medical University,11989.66606,100121,100115,14,1,13,8,5
Second hospital of the Medical University,Siyuan Road,11989.66606,100115,100121,8,1,7,3,4
Yudongcheng,Nanhe Zhuang,11989.3282,100180,100101,58,12,46,36,10
Nanhe Zhuang,Yudongcheng,11989.3282,100101,100180,49,8,41,28,13
Meilin Road,Zhou and Deng Memorial Museum,11987.69125,100098,100191,48,8,40,31,9
Zhou and Deng Memorial Museum,Meilin Road,11987.69125,100191,100098,43,6,37,23,14
Minquan Gate,Yuejin North Road,11985.95841,100099,100181,11,3,8,8,0
Yuejin North Road,Minquan Gate,11985.95841,100181,100099,11,0,11,8,3
Xueyuan North Road,Xingfu Park,11985.21472,100165,100159,2,2,0,0,0
Xingfu Park,Xueyuan North Road,11985.21472,100159,100165,1,1,0,0,0
Xianyang Road,Chinese Medicine First Affiliated Hospital,11984.88812,100153,100016,215,52,163,118,45
Chinese Medicine First Affiliated Hospital,Xianyang Road,11984.88812,100016,100153,194,36,158,97,61
Jiefang South Road,Yibin Road,11984.74325,100068,100171,445,97,348,219,129
Yibin Road,Jiefang South Road,11984.74325,100171,100068,399,88,311,171,140
Zhanggui Zhuang,Xuzhou Road,11982.34279,100184,100167,21,0,21,18,3
Xuzhou Road,Zhanggui Zhuang,11982.34279,100167,100184,12,3,9,8,1
Jianchang Road,Tumour Hospital,11981.97715,100063,100141,360,51,309,222,87
Tumour Hospital,Jianchang Road,11981.97715,100141,100063,343,53,290,168,122
Zhongshan Gate,Zhangxing Zhuang,11980.81928,100189,100185,39,7,32,19,13
Zhangxing Zhuang,Zhongshan Gate,11980.81928,100185,100189,39,14,25,13,12
Xingfu Park,Meijiang Park,11980.44154,100159,100096,65,19,46,32,14
Meijiang Park,Xingfu Park,11980.44154,100096,100159,48,11,37,22,15
Dongli Culture and Sports Centre,Lijiang Road,11980.2176,100029,100085,23,9,14,3,11
Lijiang Road,Dongli Culture and Sports Centre,11980.2176,100085,100029,23,8,15,7,8
Fangshan Road,Second hospital of the Medical University,11979.56699,100038,100115,6,3,3,0,3
Second hospital of the Medical University,Fangshan Road,11979.56699,100115,100038,3,0,3,1,2
Yuejin North Road,Anshan Road,11978.06382,100181,100002,159,27,132,84,48
Anshan Road,Yuejin North Road,11978.06382,100002,100181,108,29,79,34,45
Nanlou,Yixingbu North,11977.53543,100102,100176,104,16,88,42,46
Yixingbu North,Nanlou,11977.53543,100176,100102,104,20,84,47,37
JinZhong River Street,Hongqi South Road,11975.20621,100079,100057,299,64,235,160,75
Hongqi South Road,JinZhong River Street,11975.20621,100057,100079,229,40,189,109,80
Nansun Zhuang,Tiedong Road,11975.17061,100103,100139,4,1,3,3,0
Tiedong Road,Nansun Zhuang,11975.17061,100139,100103,2,0,2,0,2
People's Hospital,Meijiang Park,11974.39756,100111,100096,105,28,77,37,40
Meijiang Park,People's Hospital,11974.39756,100096,100111,105,23,82,50,32
West Station,Fuxing Gate,11974.18289,100149,100041,919,363,556,173,383
Fuxing Gate,West Station,11974.18289,100041,100149,845,282,563,274,289
Fuxing Gate,Hongqi South Road,11973.97718,100041,100057,167,32,135,105,30
Hongqi South Road,Fuxing Gate,11973.97718,100057,100041,133,20,113,89,24
Xingfu Park,Changling Road,11973.24671,100159,100013,452,107,345,174,171
Changling Road,Xingfu Park,11973.24671,100013,100159,448,110,338,218,120
JinZhong Street,Southwest corner,11972.43925,100080,100124,200,63,137,97,40
Southwest corner,JinZhong Street,11972.43925,100124,100080,191,53,138,72,66
Jinmao Industrial Area,Beining Park,11972.1816,100074,100006,1,1,0,0,0
Liaohe North Road,Yibin Road,11971.5995,100084,100171,77,10,67,47,20
Yibin Road,Liaohe North Road,11971.5995,100171,100084,56,9,47,32,15
North Station,Guoshan Road,11971.08684,100108,100047,24,2,22,10,12
Guoshan Road,North Station,11971.08684,100047,100108,17,3,14,11,3
Dabi Zhuang,Laoshan Road,11970.41344,100021,100082,23,8,15,6,9
Laoshan Road,Dabi Zhuang,11970.41344,100082,100021,21,8,13,3,10
Liaohe North Road,Erwei Road,11968.25314,100084,100036,56,15,41,28,13
Erwei Road,Liaohe North Road,11968.25314,100036,100084,54,9,45,21,24
Minquan Gate,Longhan Road,11967.3061,100099,100092,1,0,1,1,0
Longhan Road,Minquan Gate,11967.3061,100092,100099,1,0,1,1,0
Huashan Li,Guangkaisima Road,11967.14789,100060,100044,239,54,185,139,46
Guangkaisima Road,Huashan Li,11967.14789,100044,100060,226,54,172,114,58
Siyuan Road,Wujiayao,11966.66811,100121,100150,56,11,45,35,10
Wujiayao,Siyuan Road,11966.66811,100150,100121,50,12,38,18,20
University town,Jianguo Road,11966.63989,100143,100064,274,93,181,101,80
Jianguo Road,University town,11966.63989,100064,100143,265,99,166,93,73
Benxi Road,Siyuan Road,11966.24626,100008,100121,10,0,10,7,3
Siyuan Road,Benxi Road,11966.24626,100121,100008,6,1,5,3,2
Southwest corner,Meijiang Park,11965.75732,100124,100096,67,15,52,39,13
Meijiang Park,Southwest corner,11965.75732,100096,100124,51,6,45,26,19
Yutai,Chenglin Road,11965.49811,100183,100014,53,13,40,25,15
Chenglin Road,Yutai,11965.49811,100014,100183,50,9,41,20,21
Dongli Yijing Road,Yuejin North Road,11965.31867,100033,100181,1,0,1,0,1
Minquan Gate,Sports Centre,11964.92256,100099,100126,75,24,51,42,9
Sports Centre,Minquan Gate,11964.92256,100126,100099,67,19,48,37,11
Chinese Medicine First Affiliated Hospital,Taichang Road,11962.77458,100016,100128,282,89,193,91,102
Taichang Road,Chinese Medicine First Affiliated Hospital,11962.77458,100128,100016,265,73,192,108,84
Tucheng,Xunhai Road,11962.74311,100140,100166,18,1,17,11,6
Xunhai Road,Tucheng,11962.74311,100166,100140,11,5,6,1,5
Number Two Bridge,Water Park Road East,11960.58495,100110,100147,58,9,49,37,12
Water Park Road East,Number Two Bridge,11960.58495,100147,100110,52,8,44,28,16
Dengzhou South Road,Tianjin Hotel,11959.88744,100025,100134,121,18,103,71,32
Tianjin Hotel,Dengzhou South Road,11959.88744,100134,100025,106,16,90,51,39
Chinese Medicine First Affiliated Hospital,Tianjin Station,11956.81518,100016,100135,815,248,567,241,326
Tianjin Station,Chinese Medicine First Affiliated Hospital,11956.81518,100135,100016,798,244,554,259,295
Leyuan Road,Yixingbu,11956.21603,100083,100175,25,13,12,7,5
Yixingbu,Leyuan Road,11956.21603,100175,100083,10,3,7,3,4
Yangwu Zhuang,Sports Centre,11955.25505,100169,100126,12,5,7,7,0
Sports Centre,Yangwu Zhuang,11955.25505,100126,100169,7,4,3,0,3
Nansun Zhuang,Cuifu New Village,11954.17634,100103,100019,1,1,0,0,0
Cuifu New Village,Nansun Zhuang,11954.17634,100019,100103,1,1,0,0,0
Zuojiang Road,Number Two Bridge,11953.72633,100192,100110,9,2,7,1,6
Number Two Bridge,Zuojiang Road,11953.72633,100110,100192,8,2,6,0,6
Professional University,Jianguo Road,11950.89707,100112,100064,152,36,116,52,64
Jianguo Road,Professional University,11950.89707,100064,100112,113,24,89,46,43
Haihe East Road,Yuanyang International Centre,11950.0519,100049,100179,2,1,1,0,1
Yuanyang International Centre,Haihe East Road,11950.0519,100179,100049,1,0,1,0,1
Wandong Road,Changling Road,11949.87169,100144,100013,96,19,77,57,20
Changling Road,Wandong Road,11949.87169,100013,100144,79,19,60,47,13
Siyuan Road,Chentang Zhuang,11949.75078,100121,100015,66,11,55,44,11
Chentang Zhuang,Siyuan Road,11949.75078,100015,100121,63,9,54,32,22
Liuwei Road,Liaohe North Road,11948.60019,100090,100084,24,5,19,6,13
Liaohe North Road,Liuwei Road,11948.60019,100084,100090,24,7,17,9,8
Tianjin Station,Xiaodian,11945.34313,100135,100155,682,231,451,209,242
Xiaodian,Tianjin Station,11945.34313,100155,100135,640,221,419,231,188
Chenglin Road,Bianxing,11944.89875,100014,100009,91,16,75,54,21
Bianxing,Chenglin Road,11944.89875,100009,100014,90,15,75,56,19
Yihao Bridge,Meijiang Park,11944.71583,100172,100096,5,1,4,1,3
Meijiang Park,Yihao Bridge,11944.71583,100096,100172,3,0,3,3,0
Yudongcheng,Lijiang Road,11943.94312,100180,100085,284,72,212,137,75
Lijiang Road,Yudongcheng,11943.94312,100085,100180,239,58,181,116,65
Lijiang Road,Xianyang Road,11943.4172,100085,100153,29,4,25,13,12
Xianyang Road,Lijiang Road,11943.4172,100153,100085,22,5,17,14,3
Laoshan Road,Lilou,11943.17821,100082,100086,69,14,55,34,21
Lilou,Laoshan Road,11943.17821,100086,100082,60,19,41,31,10
Chinese Medicine First Affiliated Hospital,High-Tech Zone,11941.54341,100016,100054,151,28,123,90,33
High-Tech Zone,Chinese Medicine First Affiliated Hospital,11941.54341,100054,100016,141,22,119,81,38
Lilou,Jintang Road,11941.3681,100086,100077,109,23,86,60,26
Jintang Road,Lilou,11941.3681,100077,100086,89,20,69,42,27
Lingbin Road,Jinmao Industrial Area,11941.07373,100087,100074,7,0,7,5,2
Jinmao Industrial Area,Lingbin Road,11941.07373,100074,100087,5,0,5,5,0
Yingfeng Road,Benxi Road,11939.46281,100173,100008,194,40,154,103,51
Benxi Road,Yingfeng Road,11939.46281,100008,100173,164,38,126,76,50
Weishan Road,Jingjiang Road,11938.3543,100148,100072,51,13,38,18,20
Jingjiang Road,Weishan Road,11938.3543,100072,100148,40,10,30,15,15
Wandong Road,Meijiang Park,11938.14088,100144,100096,4,1,3,3,0
Meijiang Park,Wandong Road,11938.14088,100096,100144,2,1,1,0,1
Cuifu New Village,Jieyuan West Road,11935.66277,100019,100069,212,38,174,121,53
Jieyuan West Road,Cuifu New Village,11935.66277,100069,100019,155,24,131,91,40
Yingkou Road,Lushui Road,11934.8936,100174,100093,349,123,226,72,154
Lushui Road,Yingkou Road,11934.8936,100093,100174,311,110,201,77,124
Fuxing Gate,Zhongshan Road,11932.6381,100041,100190,216,49,167,112,55
Zhongshan Road,Fuxing Gate,11932.6381,100190,100041,176,44,132,76,56
Changling Road,Yihao Bridge,11931.77464,100013,100172,51,12,39,29,10
Yihao Bridge,Changling Road,11931.77464,100172,100013,32,5,27,17,10
Lijiang Road,Jingjiang Road,11931.44353,100085,100072,40,6,34,28,6
Jingjiang Road,Lijiang Road,11931.44353,100072,100085,28,3,25,18,7
Guoshan Road,The Financial University,11929.84451,100047,100132,31,6,25,10,15
The Financial University,Guoshan Road,11929.84451,100132,100047,25,5,20,14,6
Fangshan Road,Chinese Medicine First Affiliated Hospital,11928.51103,100038,100016,72,22,50,36,14
Chinese Medicine First Affiliated Hospital,Fangshan Road,11928.51103,100016,100038,67,22,45,17,28
Bianxing,Nanlou,11927.51735,100009,100102,215,42,173,141,32
Nanlou,Bianxing,11927.51735,100102,100009,211,29,182,116,66
Sports Centre,Bianxing,11927.46235,100126,100009,43,15,28,11,17
Bianxing,Sports Centre,11927.46235,100009,100126,35,9,26,15,11
Zhicheng Road,Tianjin Hotel,11927.39078,100187,100134,234,58,176,118,58
Tianjin Hotel,Zhicheng Road,11927.39078,100134,100187,216,60,156,97,59
Changhong Park,Meijiang Exhibition Centre,11926.86222,100012,100095,447,150,297,129,168
Meijiang Exhibition Centre,Changhong Park,11926.86222,100095,100012,429,138,291,145,146
Tianjin Station,Meijiang Exhibition Centre,11926.63953,100135,100095,589,232,357,168,189
Meijiang Exhibition Centre,Tianjin Station,11926.63953,100095,100135,535,212,323,162,161
Jiangwan Erzhi Road,Yuejin North Road,11926.61824,100065,100181,32,7,25,20,5
Yuejin North Road,Jiangwan Erzhi Road,11926.61824,100181,100065,31,8,23,20,3
Yuejin North Road,Tucheng,11925.49736,100181,100140,95,20,75,47,28
Tucheng,Yuejin North Road,11925.49736,100140,100181,94,18,76,53,23
Tianshili,Anshan West Road,11925.3398,100136,100003,72,9,63,48,15
Anshan West Road,Tianshili,11925.3398,100003,100136,61,9,52,34,18
South Station,Tumour Hospital,11924.75669,100122,100141,1490,221,1269,748,521
Tumour Hospital,South Station,11924.75669,100141,100122,1122,203,919,381,538
Fuxing Road,High-Tech Zone,11920.99695,100042,100054,164,22,142,115,27
High-Tech Zone,Fuxing Road,11920.99695,100054,100042,141,18,123,95,28
Longhan Road,Anshan Road,11920.29056,100092,100002,64,11,53,33,20
Anshan Road,Longhan Road,11920.29056,100002,100092,63,4,59,29,30
Huayuan,Cao Zhuang,11920.15424,100061,100011,386,91,295,200,95
Cao Zhuang,Huayuan,11920.15424,100011,100061,328,84,244,185,59
University town,Meijiang Exhibition Centre,11915.68703,100143,100095,178,89,89,65,24
Meijiang Exhibition Centre,University town,11915.68703,100095,100143,170,80,90,47,43
Haihe East Road,Cultural centre,11915.55786,100049,100020,1,0,1,0,1
Hangshuang Road,Jinwan Square,11912.05571,100051,100078,2,0,2,2,0
Northwest Corner,North China Group,11911.72464,100109,100107,502,174,328,143,185
North China Group,Northwest Corner,11911.72464,100107,100109,465,149,316,179,137
Southwest corner,Number Two Bridge,11910.73195,100124,100110,309,69,240,144,96
Number Two Bridge,Southwest corner,11910.73195,100110,100124,277,65,212,171,41
Beichen Road,Fengchan River,11910.69344,100005,100039,21,3,18,13,5
Fengchan River,Beichen Road,11910.69344,100039,100005,19,2,17,14,3
Cao Zhuang,Water Park Road East,11910.47385,100011,100147,684,246,438,234,204
Water Park Road East,Cao Zhuang,11910.47385,100147,100011,610,193,417,247,170
Youyi South Road,Yingkou Road,11909.95779,100178,100174,64,19,45,24,21
Yingkou Road,Youyi South Road,11909.95779,100174,100178,55,11,44,34,10
Tianjin Station,Yaohuan Road,11908.44636,100135,100170,175,59,116,49,67
Yaohuan Road,Tianjin Station,11908.44636,100170,100135,169,55,114,57,57
Meilin Road,Chenglin Road,11908.07658,100098,100014,104,23,81,56,25
Chenglin Road,Meilin Road,11908.07658,100014,100098,93,22,71,37,34
Dawang Zhuang,Dabi Zhuang,11905.97374,100023,100021,47,9,38,13,25
Dabi Zhuang,Dawang Zhuang,11905.97374,100021,100023,45,8,37,22,15
Huaihe Road,People's Hospital,11905.15917,100058,100111,173,36,137,89,48
People's Hospital,Huaihe Road,11905.15917,100111,100058,143,23,120,61,59
Huashan Li,Liqi Zhuang South,11904.07039,100060,100088,4,1,3,0,3
Liqi Zhuang South,Huashan Li,11904.07039,100088,100060,3,1,2,0,2
Southeast Corner,The Financial University,11902.20972,100123,100132,588,309,279,128,151
The Financial University,Southeast Corner,11902.20972,100132,100123,544,304,240,110,130
Chentang Zhuang,Yuejin North Road,11900.09502,100015,100181,44,6,38,28,10
Yuejin North Road,Chentang Zhuang,11900.09502,100181,100015,35,4,31,22,9
High-Tech Zone,Lijiang Road,11900.07249,100054,100085,26,11,15,13,2
Lijiang Road,High-Tech Zone,11900.07249,100085,100054,19,5,14,7,7
Tiantai Road,Wandong Road,11898.78336,100137,100144,44,7,37,31,6
Wandong Road,Tiantai Road,11898.78336,100144,100137,37,1,36,25,11
Dongli Liujing Road,Shuanglin,11898.6451,100031,100119,6,2,4,4,0
Shuanglin,Dongli Liujing Road,11898.6451,100119,100031,5,1,4,4,0
Haiguang Temple,Liulin Road,11898.58975,100048,100089,300,43,257,140,117
Liulin Road,Haiguang Temple,11898.58975,100089,100048,291,62,229,138,91
Zhongshan Gate,Jiefang South Road,11897.75536,100189,100068,154,37,117,69,48
Jiefang South Road,Zhongshan Gate,11897.75536,100068,100189,153,37,116,67,49
Yaohuan Road,Taichang Road,11896.77519,100170,100128,100,31,69,46,23
Taichang Road,Yaohuan Road,11896.77519,100128,100170,94,32,62,31,31
Tumour Hospital,Yudongcheng,11895.72234,100141,100180,685,103,582,323,259
Yudongcheng,Tumour Hospital,11895.72234,100180,100141,652,87,565,401,164
Liuyuan,Anshan West Road,11894.41691,100091,100003,1218,209,1009,752,257
Anshan West Road,Liuyuan,11894.41691,100003,100091,1168,218,950,629,321
Magangchang,Hongqi South Road,11891.17069,100094,100057,37,9,28,16,12
Hongqi South Road,Magangchang,11891.17069,100057,100094,28,3,25,12,13
Meijiang Exhibition Centre,Taichang Road,11890.29635,100095,100128,176,88,88,58,30
Taichang Road,Meijiang Exhibition Centre,11890.29635,100128,100095,145,67,78,39,39
University of Civil Aviation,Xingfu Park,11889.3396,100142,100159,114,23,91,45,46
Xingfu Park,University of Civil Aviation,11889.3396,100159,100142,94,23,71,37,34
Yizhongxin Hospital,Taichang Road,11888.63087,100177,100128,190,48,142,86,56
Taichang Road,Yizhongxin Hospital,11888.63087,100128,100177,187,47,140,78,62
Changhong Park,Yutai,11888.47217,100012,100183,56,14,42,26,16
Yutai,Changhong Park,11888.47217,100183,100012,35,8,27,18,9
Yueya River,Yizhongxin Hospital,11887.90071,100182,100177,214,49,165,124,41
Yizhongxin Hospital,Yueya River,11887.90071,100177,100182,213,47,166,116,50
Dongli Culture and Sports Centre,Nanlou,11886.59628,100029,100102,36,8,28,21,7
Nanlou,Dongli Culture and Sports Centre,11886.59628,100102,100029,30,10,20,7,13
Yueya River,Water Park Road East,11884.8318,100182,100147,229,101,128,85,43
Water Park Road East,Yueya River,11884.8318,100147,100182,151,53,98,59,39
Foreign Languages High School,Lingbin Road,11882.97423,100040,100087,37,2,35,31,4
Lingbin Road,Foreign Languages High School,11882.97423,100087,100040,34,4,30,22,8
Yueya River,Zhou and Deng Memorial Museum,11882.93823,100182,100191,98,24,74,47,27
Zhou and Deng Memorial Museum,Yueya River,11882.93823,100191,100182,83,23,60,41,19
Heping Road,Dongting Road,11881.72897,100053,100034,88,20,68,44,24
Dongting Road,Heping Road,11881.72897,100034,100053,68,13,55,41,14
Xuzhuangzi,Tucheng,11878.28674,100168,100140,46,11,35,26,9
Tucheng,Xuzhuangzi,11878.28674,100140,100168,36,7,29,15,14
Dongting Road,Xikang Road,11875.08468,100034,100158,31,6,25,20,5
Xikang Road,Dongting Road,11875.08468,100158,100034,22,4,18,12,6
Wanshan Road,North Station,11874.6532,100146,100108,9,0,9,7,2
North Station,Wanshan Road,11874.6532,100108,100146,8,0,8,2,6
Lingbin Road,Beining Park,11874.24747,100087,100006,64,8,56,37,19
Beining Park,Lingbin Road,11874.24747,100006,100087,53,17,36,21,15
Huanyu Road,Airport Economic Zone,11874.15686,100059,100001,33,5,28,22,6
Airport Economic Zone,Huanyu Road,11874.15686,100001,100059,24,7,17,12,5
Wandong Road,Liaohe North Road,11871.96294,100144,100084,55,13,42,34,8
Liaohe North Road,Wandong Road,11871.96294,100084,100144,54,12,42,35,7
Zhongshan Road,Fangshan Road,11871.51787,100190,100038,20,6,14,10,4
Fangshan Road,Zhongshan Road,11871.51787,100038,100190,17,8,9,8,1
Zhangxing Zhuang,Zhou and Deng Memorial Museum,11870.7264,100185,100191,115,38,77,42,35
Zhou and Deng Memorial Museum,Zhangxing Zhuang,11870.7264,100191,100185,98,32,66,48,18
Weishan Road,Liuwei Road,11869.49671,100148,100090,53,13,40,32,8
Liuwei Road,Weishan Road,11869.49671,100090,100148,47,15,32,21,11
Yixingbu North,Anshan West Road,11869.15043,100176,100003,187,32,155,113,42
Anshan West Road,Yixingbu North,11869.15043,100003,100176,173,26,147,99,48
Meilin Road,Yutai,11868.88786,100098,100183,3,1,2,1,1
Yutai,Meilin Road,11868.88786,100183,100098,1,0,1,0,1
Jinmao Industrial Area,Haiguang Temple,11868.44948,100074,100048,33,1,32,23,9
Haiguang Temple,Jinmao Industrial Area,11868.44948,100048,100074,16,0,16,12,4
Jinwan Square,Professional University,11868.41037,100078,100112,408,124,284,116,168
Professional University,Jinwan Square,11868.41037,100112,100078,407,111,296,208,88
High-Tech Zone,Zuojiang Road,11868.31106,100054,100192,90,9,81,63,18
Zuojiang Road,High-Tech Zone,11868.31106,100192,100054,76,7,69,55,14
Jingjiang Road,Dongjiang Road,11860.55788,100072,100028,2,1,1,1,0
Dongjiang Road,Jingjiang Road,11860.55788,100028,100072,1,1,0,0,0
JinZhong River Street,Water Park Road East,11859.25043,100079,100147,139,61,78,46,32
Water Park Road East,JinZhong River Street,11859.25043,100147,100079,96,32,64,42,22
JinZhong River Street,Jiayuan Li,11858.85755,100079,100067,161,51,110,58,52
Jiayuan Li,JinZhong River Street,11858.85755,100067,100079,155,41,114,76,38
Anshan West Road,Taichang Road,11857.53913,100003,100128,253,51,202,135,67
Taichang Road,Anshan West Road,11857.53913,100128,100003,228,39,189,108,81
Chunhai Road,Wangdingdi,11856.63756,100017,100145,1,0,1,1,0
Wangdingdi,Chunhai Road,11856.63756,100145,100017,1,0,1,1,0
Dawang Zhuang,Yutai,11853.3342,100023,100183,36,3,33,26,7
Yutai,Dawang Zhuang,11853.3342,100183,100023,30,2,28,25,3
Dongting Road,Huayuan,11852.71006,100034,100061,58,5,53,49,4
Huayuan,Dongting Road,11852.71006,100061,100034,54,4,50,36,14
Laoshan Road,Wujiayao,11851.24223,100082,100150,59,20,39,23,16
Wujiayao,Laoshan Road,11851.24223,100150,100082,47,9,38,19,19
Jingjiang Road,Chinese Medicine First Affiliated Hospital,11850.5652,100072,100016,535,130,405,255,150
Chinese Medicine First Affiliated Hospital,Jingjiang Road,11850.5652,100016,100072,512,119,393,184,209
Xiangshan Road,Haiguang Temple,11848.21795,100151,100048,134,25,109,79,30
Haiguang Temple,Xiangshan Road,11848.21795,100048,100151,121,27,94,57,37
Yingfeng Road,Fuxing Gate,11847.46357,100173,100041,48,13,35,26,9
Fuxing Gate,Yingfeng Road,11847.46357,100041,100173,47,11,36,25,11
Huashan Li,Northwest Corner,11846.10202,100060,100109,1872,477,1395,879,516
Northwest Corner,Huashan Li,11846.10202,100109,100060,1853,459,1394,731,663
Sports Centre,Yueya River,11841.92375,100126,100182,426,106,320,175,145
Yueya River,Sports Centre,11841.92375,100182,100126,354,96,258,174,84
Jiayuan Li,Dawang Zhuang,11840.74141,100067,100023,125,24,101,69,32
Dawang Zhuang,Jiayuan Li,11840.74141,100023,100067,93,18,75,37,38
North Station,Zuojiang Road,11840.3652,100108,100192,58,18,40,19,21
Zuojiang Road,North Station,11840.3652,100192,100108,56,14,42,24,18
Siyuan Road,Anshan West Road,11839.68123,100121,100003,56,16,40,27,13
Anshan West Road,Siyuan Road,11839.68123,100003,100121,43,7,36,24,12
University of Civil Aviation,Weishan Road,11839.3619,100142,100148,66,23,43,15,28
Weishan Road,University of Civil Aviation,11839.3619,100148,100142,44,9,35,28,7
Laoshan Road,Tianjin Hotel,11838.49573,100082,100134,57,22,35,26,9
Tianjin Hotel,Laoshan Road,11838.49573,100134,100082,41,13,28,18,10
Jianguo Road,Meijiang Park,11835.61632,100064,100096,14,4,10,4,6
Meijiang Park,Jianguo Road,11835.61632,100096,100064,12,4,8,6,2
Yixingbu,Tian Tower,11835.20025,100175,100133,527,135,392,251,141
Tian Tower,Yixingbu,11835.20025,100133,100175,519,137,382,153,229
Huanyu Road,Liqi Zhuang South,11832.02591,100059,100088,1,0,1,0,1
Gulou,JinZhong Street,11830.49098,100045,100080,371,143,228,108,120
JinZhong Street,Gulou,11830.49098,100080,100045,361,155,206,106,100
Dengzhou Road,Northwest Corner,11830.404,100024,100109,704,152,552,386,166
Northwest Corner,Dengzhou Road,11830.404,100109,100024,702,158,544,344,200
Chentang Zhuang,People's Hospital,11829.82679,100015,100111,195,35,160,108,52
People's Hospital,Chentang Zhuang,11829.82679,100111,100015,165,31,134,94,40
Yutai,Chentang Zhuang,11826.96063,100183,100015,31,8,23,17,6
Chentang Zhuang,Yutai,11826.96063,100015,100183,28,7,21,12,9
Lingbin Road,Yuanyang International Centre,11826.72133,100087,100179,134,24,110,75,35
Yuanyang International Centre,Lingbin Road,11826.72133,100179,100087,110,17,93,63,30
Shiyijing Road,Lushui Road,11825.4432,100117,100093,84,14,70,49,21
Lushui Road,Shiyijing Road,11825.4432,100093,100117,77,9,68,56,12
Southwest corner,High-Tech Zone,11825.16894,100124,100054,351,89,262,168,94
High-Tech Zone,Southwest corner,11825.16894,100054,100124,319,69,250,173,77
Guangkaisima Road,Chinese Medicine First Affiliated Hospital,11824.84547,100044,100016,192,40,152,85,67
Chinese Medicine First Affiliated Hospital,Guangkaisima Road,11824.84547,100016,100044,170,37,133,75,58
Northwest Corner,Zuojiang Road,11824.65382,100109,100192,126,26,100,71,29
Zuojiang Road,Northwest Corner,11824.65382,100192,100109,117,20,97,77,20
Changling Road,Jianguo Road,11822.67513,100013,100064,131,25,106,73,33
Jianguo Road,Changling Road,11822.67513,100064,100013,114,35,79,48,31
High-Tech Zone,Haiguang Temple,11822.2437,100054,100048,711,118,593,451,142
Haiguang Temple,High-Tech Zone,11822.2437,100048,100054,665,92,573,397,176
Meilin Road,Dawang Zhuang,11820.58467,100098,100023,84,10,74,69,5
Dawang Zhuang,Meilin Road,11820.58467,100023,100098,64,5,59,41,18
University town,Northwest Corner,11820.20988,100143,100109,1414,505,909,549,360
Northwest Corner,University town,11820.20988,100109,100143,1401,579,822,376,446
Jiangwan Erzhi Road,Anshan Road,11819.73998,100065,100002,99,15,84,62,22
Anshan Road,Jiangwan Erzhi Road,11819.73998,100002,100065,88,6,82,60,22
Xuzhou Road,Changling Road,11819.57487,100167,100013,16,1,15,7,8
Changling Road,Xuzhou Road,11819.57487,100013,100167,16,3,13,12,1
Xueyuan North Road,Yaohuan Road,11819.08618,100165,100170,16,2,14,8,6
Yaohuan Road,Xueyuan North Road,11819.08618,100170,100165,12,4,8,4,4
Xingfu Park,Anshan West Road,11819.04933,100159,100003,222,40,182,146,36
Anshan West Road,Xingfu Park,11819.04933,100003,100159,215,32,183,124,59
Cuifu New Village,Chunhai Road,11818.20674,100019,100017,65,12,53,40,13
Chunhai Road,Cuifu New Village,11818.20674,100017,100019,46,5,41,29,12
Leyuan Road,Dengzhou South Road,11816.89853,100083,100025,21,6,15,9,6
Dengzhou South Road,Leyuan Road,11816.89853,100025,100083,20,9,11,5,6
Xueyuan North Road,Xiaobailou,11812.87981,100165,100154,3,0,3,1,2
Xiaobailou,Xueyuan North Road,11812.87981,100154,100165,3,2,1,0,1
Jiangwan Erzhi Road,University town,11809.57061,100065,100143,13,6,7,3,4
University town,Jiangwan Erzhi Road,11809.57061,100143,100065,11,6,5,3,2
Jintang Road,Nanhe Zhuang,11806.79142,100077,100101,77,15,62,42,20
Nanhe Zhuang,Jintang Road,11806.79142,100101,100077,72,21,51,19,32
Xuzhou Road,University town,11804.10824,100167,100143,31,16,15,8,7
University town,Xuzhou Road,11804.10824,100143,100167,16,9,7,5,2
Xunhai Road,Yudongcheng,11804.01594,100166,100180,75,14,61,40,21
Yudongcheng,Xunhai Road,11804.01594,100180,100166,67,11,56,32,24
Xuzhou Road,Meijiang Park,11803.51958,100167,100096,1,0,1,0,1
Changling Road,Shunchi Bridge,11803.18237,100013,100120,111,30,81,75,6
Shunchi Bridge,Changling Road,11803.18237,100120,100013,89,25,64,40,24
Second hospital of the Medical University,Weishan Road,11802.41441,100115,100148,2,0,2,2,0
Xiangshan Road,JinZhong Street,11802.00366,100151,100080,50,1,49,30,19
JinZhong Street,Xiangshan Road,11802.00366,100080,100151,49,6,43,33,10
Qinjian Road,Jianshan Road,11801.81559,100113,100066,50,5,45,31,14
Jianshan Road,Qinjian Road,11801.81559,100066,100113,39,4,35,26,9
Haihe East Road,Heping Road,11801.76595,100049,100053,6,3,3,3,0
Tianshili,Dongxing Road,11798.21931,100136,100035,53,3,50,47,3
Dongxing Road,Tianshili,11798.21931,100035,100136,40,3,37,33,4
Shuanglin,Sports Centre,11797.50787,100119,100126,143,56,87,65,22
Sports Centre,Shuanglin,11797.50787,100126,100119,129,43,86,39,47
Chenglin Road,Nanzhu Bridge,11796.93453,100014,100104,57,12,45,29,16
Nanzhu Bridge,Chenglin Road,11796.93453,100104,100014,52,4,48,26,22
Huayuan,Nanzhu Bridge,11796.4654,100061,100104,19,1,18,12,6
Nanzhu Bridge,Huayuan,11796.4654,100104,100061,11,3,8,7,1
Wujiayao,Jianchang Road,11796.29407,100150,100063,139,27,112,54,58
Jianchang Road,Wujiayao,11796.29407,100063,100150,131,27,104,78,26
North Station,Number Two Bridge,11795.46481,100108,100110,83,28,55,22,33
Number Two Bridge,North Station,11795.46481,100110,100108,66,20,46,31,15
Huaihe Road,Yingkou Road,11794.06671,100058,100174,909,260,649,396,253
Yingkou Road,Huaihe Road,11794.06671,100174,100058,890,247,643,336,307
Tiantuo,Zhongshan Gate,11793.48129,100138,100189,168,16,152,110,42
Zhongshan Gate,Tiantuo,11793.48129,100189,100138,163,23,140,108,32
Tian Tower,Zhicheng Road,11792.7162,100133,100187,143,47,96,59,37
Zhicheng Road,Tian Tower,11792.7162,100187,100133,122,31,91,56,35
Nancuiping,Minquan Gate,11792.6655,100100,100099,91,17,74,41,33
Minquan Gate,Nancuiping,11792.6655,100099,100100,76,18,58,29,29
Jianshan Road,Xuzhuangzi,11792.39492,100066,100168,13,4,9,3,6
Xuzhuangzi,Jianshan Road,11792.39492,100168,100066,13,4,9,9,0
Liuwei Road,Dongjiang Road,11791.70029,100090,100028,1,1,0,0,0
Shunchi Bridge,Meijiang Park,11790.81376,100120,100096,25,9,16,9,7
Meijiang Park,Shunchi Bridge,11790.81376,100096,100120,22,3,19,13,6
Jingli Road,Tumour Hospital,11790.41001,100073,100141,320,45,275,192,83
Tumour Hospital,Jingli Road,11790.41001,100141,100073,303,32,271,138,133
Second hospital of the Medical University,Shuanglin,11789.84602,100115,100119,13,3,10,10,0
Shuanglin,Second hospital of the Medical University,11789.84602,100119,100115,12,4,8,8,0
Zhongshan Gate,Yuejin North Road,11787.23146,100189,100181,21,7,14,11,3
Yuejin North Road,Zhongshan Gate,11787.23146,100181,100189,21,7,14,11,3
Chinese Medicine First Affiliated Hospital,Lushui Road,11786.66555,100016,100093,116,32,84,21,63
Lushui Road,Chinese Medicine First Affiliated Hospital,11786.66555,100093,100016,101,26,75,38,37
Dengzhou South Road,Southwest corner,11786.45473,100025,100124,153,33,120,91,29
Southwest corner,Dengzhou South Road,11786.45473,100124,100025,148,32,116,69,47
Zhangxing Zhuang,Jianshan Road,11785.1222,100185,100066,33,6,27,20,7
Jianshan Road,Zhangxing Zhuang,11785.1222,100066,100185,24,6,18,9,9
Jianchang Road,Benxi Road,11784.65661,100063,100008,32,12,20,15,5
Benxi Road,Jianchang Road,11784.65661,100008,100063,22,3,19,9,10
Leyuan Road,Zhicheng Road,11784.40187,100083,100187,34,7,27,9,18
Zhicheng Road,Leyuan Road,11784.40187,100187,100083,30,5,25,12,13
Lijiang Road,Guangkaisima Road,11783.37455,100085,100044,6,1,5,1,4
Guangkaisima Road,Lijiang Road,11783.37455,100044,100085,6,3,3,0,3
Beining Park,Zuojiang Road,11782.27132,100006,100192,86,22,64,30,34
Zuojiang Road,Beining Park,11782.27132,100192,100006,79,21,58,23,35
Zhangxing Zhuang,Guoshan Road,11782.07986,100185,100047,30,9,21,19,2
Guoshan Road,Zhangxing Zhuang,11782.07986,100047,100185,17,4,13,9,4
Shaliu South Road,Tumour Hospital,11777.73325,100116,100141,240,39,201,149,52
Tumour Hospital,Shaliu South Road,11777.73325,100141,100116,216,41,175,87,88
Jinshi Bridge,Sports Centre,11777.10921,100076,100126,57,15,42,30,12
Sports Centre,Jinshi Bridge,11777.10921,100126,100076,50,15,35,20,15
Nanzhu Bridge,Dongli Sanjing Road,11774.05478,100104,100032,52,5,47,42,5
Dongli Sanjing Road,Nanzhu Bridge,11774.05478,100032,100104,39,4,35,30,5
Wanshan Road,Jianshan Road,11773.55449,100146,100066,3,1,2,0,2
Jianshan Road,Wanshan Road,11773.55449,100066,100146,2,0,2,2,0
Cao Zhuang,Jinshi Bridge,11772.82164,100011,100076,456,112,344,219,125
Jinshi Bridge,Cao Zhuang,11772.82164,100076,100011,446,119,327,220,107
Shiyijing Road,Youyi South Road,11771.51091,100117,100178,6,0,6,1,5
Youyi South Road,Shiyijing Road,11771.51091,100178,100117,5,2,3,3,0
Zhongshan Gate,Longhan Road,11768.57915,100189,100092,1,1,0,0,0
Chentang Zhuang,Meilin Road,11765.21462,100015,100098,4,0,4,4,0
Meilin Road,Chentang Zhuang,11765.21462,100098,100015,3,0,3,1,2
University of Civil Aviation,Dongjiang Road,11761.56549,100142,100028,8,0,8,6,2
Dongjiang Road,University of Civil Aviation,11761.56549,100028,100142,7,0,7,7,0
West Station,Professional University,11760.84423,100149,100112,415,157,258,102,156
Professional University,West Station,11760.84423,100112,100149,326,93,233,107,126
Zuojiang Road,Fuxing Road,11759.53579,100192,100042,47,9,38,19,19
Fuxing Road,Zuojiang Road,11759.53579,100042,100192,30,10,20,6,14
Nanzhu Bridge,Hangshuang Road,11756.7874,100104,100051,38,5,33,29,4
Hangshuang Road,Nanzhu Bridge,11756.7874,100051,100104,37,4,33,27,6
Xianyang Road,Yaohuan Road,11755.96642,100153,100170,48,17,31,14,17
Yaohuan Road,Xianyang Road,11755.96642,100170,100153,40,12,28,20,8
Liaohe North Road,Xiawafang,11754.92944,100084,100157,346,77,269,193,76
Xiawafang,Liaohe North Road,11754.92944,100157,100084,302,64,238,130,108
Haiguang Temple,Dengzhou Road,11754.04351,100048,100024,580,88,492,309,183
Dengzhou Road,Haiguang Temple,11754.04351,100024,100048,576,96,480,376,104
Jianshan Road,Fangshan Road,11753.84966,100066,100038,9,0,9,6,3
Fangshan Road,Jianshan Road,11753.84966,100038,100066,7,1,6,6,0
Xuzhuangzi,Fangshan Road,11753.48957,100168,100038,2,1,1,1,0
Liqi Zhuang South,Wujiayao,11751.00299,100088,100150,12,0,12,7,5
Wujiayao,Liqi Zhuang South,11751.00299,100150,100088,11,0,11,6,5
Chunhai Road,Dongxing Road,11747.89137,100017,100035,2,1,1,1,0
Bei Zhulin,Zuojiang Road,11747.7681,100004,100192,25,8,17,14,3
Zuojiang Road,Bei Zhulin,11747.7681,100192,100004,16,9,7,4,3
Airport Economic Zone,Jianguo Road,11744.53481,100001,100064,961,243,718,418,300
Jianguo Road,Airport Economic Zone,11744.53481,100064,100001,937,225,712,440,272
Cuifu New Village,Anshan West Road,11744.2216,100019,100003,217,36,181,140,41
Anshan West Road,Cuifu New Village,11744.2216,100003,100019,151,26,125,72,53
Yaohuan Road,Jingjiang Road,11743.99275,100170,100072,65,11,54,31,23
Jingjiang Road,Yaohuan Road,11743.99275,100072,100170,50,6,44,25,19
Huaihe Road,Jin Street,11742.15408,100058,100070,191,31,160,129,31
Jin Street,Huaihe Road,11742.15408,100070,100058,178,39,139,88,51
Cao Zhuang,Dawang Zhuang,11741.78135,100011,100023,555,135,420,294,126
Dawang Zhuang,Cao Zhuang,11741.78135,100023,100011,533,135,398,242,156
Huanyu Road,Tumour Hospital,11741.77185,100059,100141,20,2,18,13,5
Tumour Hospital,Huanyu Road,11741.77185,100141,100059,20,2,18,6,12
Huashan Li,Jinshi Bridge,11741.74609,100060,100076,456,111,345,235,110
Jinshi Bridge,Huashan Li,11741.74609,100076,100060,449,109,340,227,113
Yibin Road,Wandong Road,11741.56267,100171,100144,58,7,51,32,19
Wandong Road,Yibin Road,11741.56267,100144,100171,53,9,44,30,14
Lijiang Road,Haiguang Temple,11740.04042,100085,100048,61,11,50,36,14
Haiguang Temple,Lijiang Road,11740.04042,100048,100085,56,12,44,32,12
Heping Road,Dabi Zhuang,11739.16035,100053,100021,986,364,622,229,393
Dabi Zhuang,Heping Road,11739.16035,100021,100053,762,290,472,250,222
Dongli Liujing Road,Magangchang,11738.30889,100031,100094,27,0,27,21,6
Magangchang,Dongli Liujing Road,11738.30889,100094,100031,16,0,16,16,0
Meijiang Exhibition Centre,Jingjiang Road,11736.87612,100095,100072,228,71,157,92,65
Jingjiang Road,Meijiang Exhibition Centre,11736.87612,100072,100095,218,88,130,83,47
South Station,Wujiayao,11736.7185,100122,100150,2839,650,2189,1369,820
Wujiayao,South Station,11736.7185,100150,100122,2507,672,1835,1152,683
Heping Road,Shuanglin,11736.53382,100053,100119,1536,523,1013,410,603
Shuanglin,Heping Road,11736.53382,100119,100053,1225,366,859,562,297
Yuejin North Road,Jianguo Road,11736.10921,100181,100064,39,5,34,30,4
Jianguo Road,Yuejin North Road,11736.10921,100064,100181,21,6,15,10,5
Heping Road,Weishan Road,11735.97346,100053,100148,53,17,36,19,17
Weishan Road,Heping Road,11735.97346,100148,100053,23,5,18,11,7
Dongjiang Road,Cuifu New Village,11733.42255,100028,100019,6,1,5,5,0
Cuifu New Village,Dongjiang Road,11733.42255,100019,100028,4,0,4,2,2
North China Group,Southeast Corner,11732.60271,100107,100123,593,211,382,217,165
Southeast Corner,North China Group,11732.60271,100123,100107,561,204,357,166,191
Dengzhou South Road,Beining Park,11732.33848,100025,100006,39,7,32,25,7
Beining Park,Dengzhou South Road,11732.33848,100006,100025,37,4,33,16,17
Hongni River East,Nanlou,11731.77769,100056,100102,480,76,404,320,84
Nanlou,Hongni River East,11731.77769,100102,100056,452,59,393,253,140
Chenglin Road,Jiangwan Erzhi Road,11731.10392,100014,100065,40,5,35,23,12
Jiangwan Erzhi Road,Chenglin Road,11731.10392,100065,100014,37,4,33,22,11
Shuanglin,Xikang Road,11729.88953,100119,100158,496,87,409,322,87
Xikang Road,Shuanglin,11729.88953,100158,100119,395,64,331,206,125
Xinkai River,Chentang Zhuang,11729.74883,100160,100015,20,2,18,15,3
Chentang Zhuang,Xinkai River,11729.74883,100015,100160,16,2,14,11,3
Foreign Languages High School,Meijiang Road,11729.69989,100040,100097,93,12,81,62,19
Meijiang Road,Foreign Languages High School,11729.69989,100097,100040,64,11,53,41,12
Weishan Road,Xikang Road,11729.32918,100148,100158,5,1,4,1,3
Xikang Road,Weishan Road,11729.32918,100158,100148,5,3,2,0,2
Huaihe Road,Shiyijing Road,11728.27694,100058,100117,118,17,101,81,20
Shiyijing Road,Huaihe Road,11728.27694,100117,100058,99,9,90,51,39
Jianchang Road,Tiantuo,11728.05588,100063,100138,40,8,32,26,6
Tiantuo,Jianchang Road,11728.05588,100138,100063,37,10,27,17,10
Yihao Bridge,Lingbin Road,11727.52837,100172,100087,49,7,42,19,23
Lingbin Road,Yihao Bridge,11727.52837,100087,100172,37,12,25,22,3
Xuefu Industrial Area,Cultural centre,11726.40995,100163,100020,148,18,130,103,27
Cultural centre,Xuefu Industrial Area,11726.40995,100020,100163,130,15,115,99,16
Xiangshan Road,Dongli Sanjing Road,11724.03977,100151,100032,108,14,94,76,18
Dongli Sanjing Road,Xiangshan Road,11724.03977,100032,100151,102,12,90,66,24
Nansun Zhuang,Shunchi Bridge,11723.97118,100103,100120,1,0,1,0,1
Shunchi Bridge,Nansun Zhuang,11723.97118,100120,100103,1,0,1,1,0
Qinjian Road,Huayuan,11722.47324,100113,100061,457,46,411,355,56
Huayuan,Qinjian Road,11722.47324,100061,100113,423,55,368,283,85
Lijiang Road,Jinwan Square,11722.04301,100085,100078,21,5,16,7,9
Jinwan Square,Lijiang Road,11722.04301,100078,100085,5,2,3,3,0
Hangshuang Road,Yueya River,11720.87008,100051,100182,68,12,56,48,8
Yueya River,Hangshuang Road,11720.87008,100182,100051,64,5,59,48,11
Laoshan Road,Dongli Yijing Road,11717.78589,100082,100033,32,5,27,26,1
Dongli Yijing Road,Laoshan Road,11717.78589,100033,100082,20,4,16,14,2
Longhan Road,Jianguo Road,11717.4569,100092,100064,6,2,4,1,3
Jianguo Road,Longhan Road,11717.4569,100064,100092,5,2,3,1,2
Fengchan River,North Beichen Tech Park,11717.37765,100039,100106,3,2,1,0,1
North Beichen Tech Park,Fengchan River,11717.37765,100106,100039,1,1,0,0,0
Xinkai River,Lingbin Road,11716.91919,100160,100087,32,4,28,16,12
Lingbin Road,Xinkai River,11716.91919,100087,100160,30,4,26,14,12
Dongjiang Road,Xiawafang,11715.15091,100028,100157,2,2,0,0,0
Jinwan Square,Airport Economic Zone,11714.91311,100078,100001,642,144,498,261,237
Airport Economic Zone,Jinwan Square,11714.91311,100001,100078,596,119,477,342,135
High-Tech Zone,Yaohuan Road,11712.62171,100054,100170,43,7,36,25,11
Yaohuan Road,High-Tech Zone,11712.62171,100170,100054,34,10,24,22,2
Liuyuan,Jianguo Road,11711.64684,100091,100064,673,140,533,424,109
Jianguo Road,Liuyuan,11711.64684,100064,100091,624,131,493,307,186
Liuwei Road,Lingbin Road,11711.33604,100090,100087,16,2,14,7,7
Lingbin Road,Liuwei Road,11711.33604,100087,100090,9,2,7,5,2
Hangshuang Road,Shiyijing Road,11710.78495,100051,100117,1,0,1,1,0
Changling Road,Southeast Corner,11710.51435,100013,100123,270,107,163,91,72
Southeast Corner,Changling Road,11710.51435,100123,100013,257,93,164,80,84
Huaihe Road,Honghu Li,11708.17087,100058,100055,24,12,12,11,1
Honghu Li,Huaihe Road,11708.17087,100055,100058,22,10,12,8,4
Lushui Road,Hongqi South Road,11707.88871,100093,100057,385,72,313,231,82
Hongqi South Road,Lushui Road,11707.88871,100057,100093,347,64,283,171,112
Lingbin Road,Haihe East Road,11705.39797,100087,100049,2,0,2,0,2
Haihe East Road,Lingbin Road,11705.39797,100049,100087,2,0,2,0,2
Jinghe Road,Water Park Road East,11705.06619,100071,100147,185,70,115,80,35
Water Park Road East,Jinghe Road,11705.06619,100147,100071,153,50,103,67,36
Dongli Liujing Road,Huashan Li,11704.04538,100031,100060,1,0,1,1,0
Yingfeng Road,Minquan Gate,11703.55959,100173,100099,137,32,105,57,48
Minquan Gate,Yingfeng Road,11703.55959,100099,100173,111,31,80,44,36
Siyuan Road,Jinmao Industrial Area,11701.96976,100121,100074,4,0,4,4,0
Jinmao Industrial Area,Siyuan Road,11701.96976,100074,100121,3,0,3,3,0
Xianyang Road,Wandong Road,11701.81275,100153,100144,154,34,120,78,42
Wandong Road,Xianyang Road,11701.81275,100144,100153,144,31,113,89,24
Lilou,Dongli Yijing Road,11699.75921,100086,100033,18,4,14,14,0
Dongli Yijing Road,Lilou,11699.75921,100033,100086,13,3,10,9,1
Jiayuan Li,Zhangxing Zhuang,11698.55648,100067,100185,13,5,8,3,5
Zhangxing Zhuang,Jiayuan Li,11698.55648,100185,100067,13,6,7,3,4
Binhai International Airport,Chenglin Road,11695.53766,100010,100014,213,49,164,52,112
Chenglin Road,Binhai International Airport,11695.53766,100014,100010,192,44,148,85,63
Leyuan Road,Laoshan Road,11695.50682,100083,100082,7,4,3,1,2
Laoshan Road,Leyuan Road,11695.50682,100082,100083,6,3,3,2,1
University town,Southeast Corner,11695.04772,100143,100123,1163,642,521,293,228
Southeast Corner,University town,11695.04772,100123,100143,1092,603,489,269,220
Southeast Corner,Meijiang Park,11694.45906,100123,100096,61,14,47,22,25
Meijiang Park,Southeast Corner,11694.45906,100096,100123,37,15,22,16,6
Tiantuo,Yixingbu,11693.04181,100138,100175,114,15,99,73,26
Yixingbu,Tiantuo,11693.04181,100175,100138,106,19,87,68,19
Zhongshan Road,Cao Zhuang,11689.58184,100190,100011,341,81,260,134,126
Cao Zhuang,Zhongshan Road,11689.58184,100011,100190,341,94,247,154,93
Zhongshan Gate,Liulin Road,11688.08211,100189,100089,2,1,1,0,1
Liulin Road,Zhongshan Gate,11688.08211,100089,100189,1,0,1,1,0
Guangkaisima Road,Dengzhou Road,11685.69002,100044,100024,432,95,337,256,81
Dengzhou Road,Guangkaisima Road,11685.69002,100024,100044,390,97,293,217,76
Liuwei Road,Airport Economic Zone,11685.49529,100090,100001,65,29,36,20,16
Airport Economic Zone,Liuwei Road,11685.49529,100001,100090,48,15,33,24,9
Zhangxing Zhuang,Wanshan Road,11685.12389,100185,100146,10,7,3,3,0
Wanshan Road,Zhangxing Zhuang,11685.12389,100146,100185,5,2,3,1,2
Yingfeng Road,Tiedong Road,11684.9643,100173,100139,57,13,44,34,10
Tiedong Road,Yingfeng Road,11684.9643,100139,100173,47,5,42,28,14
Heping Road,Jiefang South Road,11684.95558,100053,100068,587,200,387,170,217
Jiefang South Road,Heping Road,11684.95558,100068,100053,420,123,297,208,89
Xueyuan North Road,Shunchi Bridge,11683.77782,100165,100120,3,2,1,1,0
Shunchi Bridge,Xueyuan North Road,11683.77782,100120,100165,3,2,1,0,1
Tianshili,North Beichen Tech Park,11683.63398,100136,100106,9,3,6,5,1
North Beichen Tech Park,Tianshili,11683.63398,100106,100136,4,0,4,2,2
Wandong Road,Hongqi South Road,11679.30713,100144,100057,54,10,44,30,14
Hongqi South Road,Wandong Road,11679.30713,100057,100144,49,10,39,32,7
Bianxing,Jingjiang Road,11679.21433,100009,100072,216,37,179,145,34
Jingjiang Road,Bianxing,11679.21433,100072,100009,214,36,178,110,68
Jiefang South Road,Xikang Road,11678.3113,100068,100158,286,59,227,139,88
Xikang Road,Jiefang South Road,11678.3113,100158,100068,255,50,205,120,85
Cao Zhuang,Benxi Road,11676.84548,100011,100008,389,128,261,131,130
Benxi Road,Cao Zhuang,11676.84548,100008,100011,345,129,216,115,101
Shaliu South Road,Dongli Liujing Road,11675.16118,100116,100031,30,2,28,27,1
Dongli Liujing Road,Shaliu South Road,11675.16118,100031,100116,25,0,25,18,7
Shuanggang,Nancuiping,11675.07406,100118,100100,66,18,48,31,17
Nancuiping,Shuanggang,11675.07406,100100,100118,52,18,34,21,13
Ruijing XinYuan,Tiantuo,11674.17367,100114,100138,374,70,304,212,92
Tiantuo,Ruijing XinYuan,11674.17367,100138,100114,336,60,276,195,81
Dengzhou South Road,Haiguang Temple,11672.53518,100025,100048,185,26,159,131,28
Haiguang Temple,Dengzhou South Road,11672.53518,100048,100025,151,24,127,74,53
Wanshan Road,Changling Road,11672.28241,100146,100013,53,13,40,28,12
Changling Road,Wanshan Road,11672.28241,100013,100146,49,11,38,26,12
Yueya River,Meijiang Road,11671.84223,100182,100097,199,26,173,141,32
Meijiang Road,Yueya River,11671.84223,100097,100182,193,21,172,105,67
Minquan Gate,Chentang Zhuang,11668.8998,100099,100015,88,13,75,58,17
Chentang Zhuang,Minquan Gate,11668.8998,100015,100099,87,16,71,50,21
Foreign Languages High School,Laoshan Road,11666.81141,100040,100082,7,0,7,1,6
Laoshan Road,Foreign Languages High School,11666.81141,100082,100040,7,1,6,4,2
Xueyuan North Road,Gaozhuangzi,11666.57495,100165,100043,1,1,0,0,0
Fuxing Gate,Meijiang Exhibition Centre,11664.83989,100041,100095,18,1,17,6,11
Meijiang Exhibition Centre,Fuxing Gate,11664.83989,100095,100041,18,5,13,6,7
Nanzhu Bridge,Anshan West Road,11660.88485,100104,100003,10,1,9,8,1
Anshan West Road,Nanzhu Bridge,11660.88485,100003,100104,3,0,3,2,1
Tiantuo,Zhicheng Road,11659.13464,100138,100187,77,9,68,43,25
Zhicheng Road,Tiantuo,11659.13464,100187,100138,68,13,55,44,11
Fangshan Road,Yaohuan Road,11658.13668,100038,100170,45,15,30,22,8
Yaohuan Road,Fangshan Road,11658.13668,100170,100038,36,10,26,11,15
Liulin Road,Xingfu Park,11657.37271,100089,100159,101,34,67,18,49
Xingfu Park,Liulin Road,11657.37271,100159,100089,90,34,56,30,26
Lilou,Changling Road,11654.66874,100086,100013,125,27,98,67,31
Changling Road,Lilou,11654.66874,100013,100086,112,25,87,57,30
Changhong Park,Jiangwan Erzhi Road,11654.07798,100012,100065,26,4,22,17,5
Jiangwan Erzhi Road,Changhong Park,11654.07798,100065,100012,9,3,6,6,0
Tianshili,Laoshan Road,11652.2301,100136,100082,3,0,3,1,2
Laoshan Road,Tianshili,11652.2301,100082,100136,2,1,1,0,1
Erwei Road,Wanshan Road,11651.74181,100036,100146,15,2,13,6,7
Wanshan Road,Erwei Road,11651.74181,100146,100036,5,2,3,1,2
Zhongshan Road,Sports Centre,11649.32266,100190,100126,38,19,19,7,12
Sports Centre,Zhongshan Road,11649.32266,100126,100190,28,9,19,15,4
Dongting Road,Anshan Road,11648.35663,100034,100002,77,4,73,56,17
Anshan Road,Dongting Road,11648.35663,100002,100034,75,11,64,24,40
Jinwan Square,Huanyu Road,11645.40345,100078,100059,3,2,1,0,1
Minquan Gate,Bianxing,11644.18597,100099,100009,24,7,17,3,14
Bianxing,Minquan Gate,11644.18597,100009,100099,20,8,12,3,9
Xianyang Road,Zuojiang Road,11643.59981,100153,100192,77,19,58,32,26
Zuojiang Road,Xianyang Road,11643.59981,100192,100153,60,17,43,29,14
Jinshi Bridge,Zuojiang Road,11643.15073,100076,100192,48,18,30,15,15
Zuojiang Road,Jinshi Bridge,11643.15073,100192,100076,46,16,30,14,16
Gulou,Zuojiang Road,11639.91202,100045,100192,116,42,74,40,34
Zuojiang Road,Gulou,11639.91202,100192,100045,115,40,75,39,36
Chinese Medicine First Affiliated Hospital,Haiguang Temple,11639.11459,100016,100048,615,101,514,358,156
Haiguang Temple,Chinese Medicine First Affiliated Hospital,11639.11459,100048,100016,533,86,447,284,163
Xiaobailou,Xinli,11637.33517,100154,100161,307,75,232,137,95
Xinli,Xiaobailou,11637.33517,100161,100154,294,57,237,154,83
Bei Zhulin,University town,11637.18628,100004,100143,89,46,43,29,14
University town,Bei Zhulin,11637.18628,100143,100004,74,39,35,17,18
People's Hospital,Chinese Medicine First Affiliated Hospital,11636.90644,100111,100016,488,86,402,234,168
Chinese Medicine First Affiliated Hospital,People's Hospital,11636.90644,100016,100111,486,119,367,200,167
Dabi Zhuang,Fuxing Road,11636.41399,100021,100042,117,30,87,50,37
Fuxing Road,Dabi Zhuang,11636.41399,100042,100021,110,32,78,49,29
Zhigu,Airport Economic Zone,11635.28417,100188,100001,427,69,358,246,112
Airport Economic Zone,Zhigu,11635.28417,100001,100188,425,74,351,235,116
Dengzhou Road,Nanzhu Bridge,11634.62721,100024,100104,65,22,43,26,17
Nanzhu Bridge,Dengzhou Road,11634.62721,100104,100024,56,18,38,29,9
Meilin Road,Jiangwan Erzhi Road,11634.49367,100098,100065,2,0,2,0,2
Lingbin Road,Northwest Corner,11632.37885,100087,100109,228,64,164,102,62
Northwest Corner,Lingbin Road,11632.37885,100109,100087,224,56,168,89,79
Wandong Road,Lingbin Road,11632.14927,100144,100087,38,10,28,23,5
Lingbin Road,Wandong Road,11632.14927,100087,100144,27,3,24,18,6
Erwei Road,Fangshan Road,11632.03699,100036,100038,26,4,22,10,12
Fangshan Road,Erwei Road,11632.03699,100038,100036,26,5,21,18,3
Second hospital of the Medical University,Jieyuan West Road,11630.88964,100115,100069,163,33,130,88,42
Jieyuan West Road,Second hospital of the Medical University,11630.88964,100069,100115,121,29,92,75,17
High-Tech Zone,Xiaobailou,11628.14405,100054,100154,966,199,767,598,169
Xiaobailou,High-Tech Zone,11628.14405,100154,100054,851,207,644,430,214
Magangchang,Cuifu New Village,11626.44479,100094,100019,39,4,35,19,16
Cuifu New Village,Magangchang,11626.44479,100019,100094,36,5,31,23,8
Yixingbu,Xiangshan Road,11626.30127,100175,100151,23,2,21,13,8
Xiangshan Road,Yixingbu,11626.30127,100151,100175,18,2,16,5,11
Dengzhou Road,Erwei Road,11625.44555,100024,100036,168,51,117,79,38
Erwei Road,Dengzhou Road,11625.44555,100036,100024,145,37,108,47,61
Yizhongxin Hospital,Chunhai Road,11624.75445,100177,100017,29,1,28,25,3
Chunhai Road,Yizhongxin Hospital,11624.75445,100017,100177,26,2,24,10,14
Southwest Tower,Guoshan Road,11623.04834,100125,100047,153,26,127,91,36
Guoshan Road,Southwest Tower,11623.04834,100047,100125,134,17,117,86,31
Chenglin Road,Xinli,11622.96815,100014,100161,118,19,99,68,31
Xinli,Chenglin Road,11622.96815,100161,100014,104,19,85,58,27
North Beichen Tech Park,Tiedong Road,11622.82054,100106,100139,78,10,68,40,28
Tiedong Road,North Beichen Tech Park,11622.82054,100139,100106,68,10,58,37,21
Dongxing Road,Yixingbu North,11622.37943,100035,100176,78,25,53,27,26
Yixingbu North,Dongxing Road,11622.37943,100176,100035,73,18,55,32,23
Dongting Road,Anshan West Road,11622.29977,100034,100003,94,11,83,60,23
Anshan West Road,Dongting Road,11622.29977,100003,100034,75,17,58,34,24
University of Civil Aviation,Zhigu,11621.99931,100142,100188,84,25,59,38,21
Zhigu,University of Civil Aviation,11621.99931,100188,100142,74,15,59,24,35
Chinese Medicine First Affiliated Hospital,Jinwan Square,11621.11717,100016,100078,165,40,125,93,32
Jinwan Square,Chinese Medicine First Affiliated Hospital,11621.11717,100078,100016,148,35,113,50,63
Gaozhuangzi,Nanzhu Bridge,11619.89563,100043,100104,58,10,48,42,6
Nanzhu Bridge,Gaozhuangzi,11619.89563,100104,100043,53,4,49,33,16
Dawang Zhuang,Jiangwan Erzhi Road,11618.94002,100023,100065,37,2,35,25,10
Jiangwan Erzhi Road,Dawang Zhuang,11618.94002,100065,100023,36,4,32,26,6
Jianguo Road,Lingbin Road,11618.42886,100064,100087,80,31,49,31,18
Lingbin Road,Jianguo Road,11618.42886,100087,100064,76,27,49,25,24
Dengzhou South Road,Lijiang Road,11617.93205,100025,100085,39,11,28,14,14
Lijiang Road,Dengzhou South Road,11617.93205,100085,100025,29,4,25,21,4
Tiantai Road,Meijiang Road,11616.12472,100137,100097,249,54,195,146,49
Meijiang Road,Tiantai Road,11616.12472,100097,100137,206,37,169,118,51
People's Hospital,JinZhong Street,11615.01188,100111,100080,353,75,278,132,146
JinZhong Street,People's Hospital,11615.01188,100080,100111,340,73,267,179,88
Changling Road,Zhaoyuan Road,11613.24133,100013,100186,25,4,21,8,13
Zhaoyuan Road,Changling Road,11613.24133,100186,100013,21,6,15,9,6
Xianyang Road,Tianshili,11611.3062,100153,100136,66,14,52,39,13
Tianshili,Xianyang Road,11611.3062,100136,100153,55,13,42,30,12
Changling Road,Southwest corner,11610.53992,100013,100124,339,117,222,132,90
Southwest corner,Changling Road,11610.53992,100124,100013,297,100,197,113,84
West Station,Yudongcheng,11608.26949,100149,100180,845,254,591,188,403
Yudongcheng,West Station,11608.26949,100180,100149,646,217,429,257,172
Jinshi Bridge,Ruijing XinYuan,11608.09566,100076,100114,175,53,122,71,51
Ruijing XinYuan,Jinshi Bridge,11608.09566,100114,100076,163,44,119,75,44
Yutai,Shuanglin,11605.8498,100183,100119,45,17,28,14,14
Shuanglin,Yutai,11605.8498,100119,100183,45,19,26,24,2
Xiaobailou,Nanzhu Bridge,11604.1223,100154,100104,120,21,99,61,38
Nanzhu Bridge,Xiaobailou,11604.1223,100104,100154,105,17,88,77,11
Xingfu Park,Hongqi South Road,11603.25299,100159,100057,241,61,180,125,55
Hongqi South Road,Xingfu Park,11603.25299,100057,100159,228,42,186,125,61
Xiaobailou,Guoshan Road,11603.07152,100154,100047,95,21,74,45,29
Guoshan Road,Xiaobailou,11603.07152,100047,100154,88,20,68,40,28
Tianjin Hotel,Siyuan Road,11601.45857,100134,100121,44,4,40,20,20
Siyuan Road,Tianjin Hotel,11601.45857,100121,100134,44,4,40,23,17
Gulou,University town,11598.81381,100045,100143,1811,912,899,364,535
University town,Gulou,11598.81381,100143,100045,1520,719,801,389,412
Professional University,Xiaodian,11595.92838,100112,100155,104,21,83,68,15
Xiaodian,Professional University,11595.92838,100155,100112,103,24,79,61,18
Yaohuan Road,Guangkaisima Road,11595.92377,100170,100044,23,5,18,12,6
Guangkaisima Road,Yaohuan Road,11595.92377,100044,100170,22,2,20,10,10
Lijiang Road,People's Hospital,11595.43552,100085,100111,47,13,34,17,17
People's Hospital,Lijiang Road,11595.43552,100111,100085,39,10,29,16,13
Xikang Road,Zhanggui Zhuang,11594.89537,100158,100184,408,76,332,188,144
Zhanggui Zhuang,Xikang Road,11594.89537,100184,100158,403,58,345,254,91
Nancuiping,Cao Zhuang,11594.14539,100100,100011,290,113,177,120,57
Cao Zhuang,Nancuiping,11594.14539,100011,100100,224,69,155,101,54
Wanshan Road,Wujiayao,11593.36195,100146,100150,4,2,2,2,0
Wujiayao,Wanshan Road,11593.36195,100150,100146,3,2,1,0,1
Nansun Zhuang,Foreign Languages High School,11593.32787,100103,100040,2,0,2,1,1
Foreign Languages High School,Nansun Zhuang,11593.32787,100040,100103,1,0,1,0,1
Tiedong Road,Water Park Road East,11592.88457,100139,100147,86,39,47,33,14
Water Park Road East,Tiedong Road,11592.88457,100147,100139,81,30,51,24,27
Nanhe Zhuang,Tianjin Station,11592.72476,100101,100135,436,139,297,125,172
Tianjin Station,Nanhe Zhuang,11592.72476,100135,100101,403,140,263,101,162
Zhangxing Zhuang,Tucheng,11592.4254,100185,100140,172,33,139,104,35
Tucheng,Zhangxing Zhuang,11592.4254,100140,100185,166,29,137,93,44
Gulou,Huashan Li,11591.68746,100045,100060,627,228,399,172,227
Huashan Li,Gulou,11591.68746,100060,100045,525,197,328,175,153
Laoshan Road,Tiedong Road,11591.41665,100082,100139,38,13,25,16,9
Tiedong Road,Laoshan Road,11591.41665,100139,100082,31,12,19,8,11
Tianshili,Haiguang Temple,11591.32299,100136,100048,259,43,216,179,37
Haiguang Temple,Tianshili,11591.32299,100048,100136,234,40,194,132,62
Yudongcheng,Tian Tower,11589.61158,100180,100133,602,137,465,323,142
Tian Tower,Yudongcheng,11589.61158,100133,100180,553,158,395,226,169
Benxi Road,Liuwei Road,11589.40783,100008,100090,40,9,31,21,10
Liuwei Road,Benxi Road,11589.40783,100090,100008,29,10,19,9,10
Chentang Zhuang,Laoshan Road,11589.15912,100015,100082,67,17,50,41,9
Laoshan Road,Chentang Zhuang,11589.15912,100082,100015,59,8,51,38,13
West Station,Zuojiang Road,11588.19769,100149,100192,583,181,402,134,268
Zuojiang Road,West Station,11588.19769,100192,100149,580,152,428,268,160
University of Civil Aviation,Shunchi Bridge,11587.90269,100142,100120,44,14,30,19,11
Shunchi Bridge,University of Civil Aviation,11587.90269,100120,100142,43,4,39,26,13
Xinli,Southwest Tower,11586.65823,100161,100125,428,58,370,298,72
Southwest Tower,Xinli,11586.65823,100125,100161,399,58,341,234,107
Jianchang Road,Chentang Zhuang,11586.60718,100063,100015,183,16,167,123,44
Chentang Zhuang,Jianchang Road,11586.60718,100015,100063,129,18,111,73,38
Xiaobailou,Cao Zhuang,11584.3738,100154,100011,1840,489,1351,764,587
Cao Zhuang,Xiaobailou,11584.3738,100011,100154,1828,482,1346,885,461
Xingfu Park,Zhanggui Zhuang,11580.45915,100159,100184,177,30,147,85,62
Zhanggui Zhuang,Xingfu Park,11580.45915,100184,100159,162,31,131,67,64
North Station,Shaliu South Road,11579.91349,100108,100116,83,51,32,25,7
Shaliu South Road,North Station,11579.91349,100116,100108,39,6,33,22,11
Wujiayao,Yutai,11579.88633,100150,100183,17,3,14,9,5
Yutai,Wujiayao,11579.88633,100183,100150,16,3,13,9,4
Magangchang,Second hospital of the Medical University,11579.69157,100094,100115,2,1,1,0,1
JinZhong Street,Dongxing Road,11579.33249,100080,100035,103,16,87,77,10
Dongxing Road,JinZhong Street,11579.33249,100035,100080,82,18,64,41,23
Second hospital of the Medical University,Zhanggui Zhuang,11577.93987,100115,100184,73,15,58,24,34
Zhanggui Zhuang,Second hospital of the Medical University,11577.93987,100184,100115,58,12,46,26,20
Meilin Road,Tiantuo,11577.44215,100098,100138,237,35,202,165,37
Tiantuo,Meilin Road,11577.44215,100138,100098,211,39,172,115,57
Taichang Road,Nanhe Zhuang,11575.85723,100128,100101,193,104,89,52,37
Nanhe Zhuang,Taichang Road,11575.85723,100101,100128,179,69,110,47,63
Jin Street,JinZhong Street,11575.00214,100070,100080,153,35,118,62,56
JinZhong Street,Jin Street,11575.00214,100080,100070,127,30,97,68,29
Yixingbu,Nansun Zhuang,11574.75581,100175,100103,5,0,5,4,1
Nansun Zhuang,Yixingbu,11574.75581,100103,100175,1,0,1,0,1
Dengzhou South Road,Dongli Sanjing Road,11574.51935,100025,100032,3,1,2,2,0
Dongli Sanjing Road,Dengzhou South Road,11574.51935,100032,100025,2,0,2,1,1
Yingkou Road,JinZhong Street,11574.49726,100174,100080,1228,375,853,384,469
JinZhong Street,Yingkou Road,11574.49726,100080,100174,1209,421,788,443,345
Lingbin Road,Xuefu Industrial Area,11573.66732,100087,100163,40,3,37,33,4
Xuefu Industrial Area,Lingbin Road,11573.66732,100163,100087,38,1,37,33,4
Wujiayao,Fangshan Road,11573.65713,100150,100038,16,4,12,3,9
Fangshan Road,Wujiayao,11573.65713,100038,100150,14,2,12,10,2
Zhanggui Zhuang,Southeast Corner,11571.08941,100184,100123,538,166,372,257,115
Southeast Corner,Zhanggui Zhuang,11571.08941,100123,100184,479,128,351,201,150
Second hospital of the Medical University,High-Tech Zone,11569.99315,100115,100054,244,19,225,206,19
High-Tech Zone,Second hospital of the Medical University,11569.99315,100054,100115,217,22,195,157,38
Cuifu New Village,Lingbin Road,11567.22933,100019,100087,56,15,41,35,6
Lingbin Road,Cuifu New Village,11567.22933,100087,100019,39,8,31,19,12
Lingbin Road,Gulou,11566.01003,100087,100045,129,44,85,53,32
Gulou,Lingbin Road,11566.01003,100045,100087,113,44,69,36,33
Number Two Bridge,Erwei Road,11565.78372,100110,100036,105,23,82,57,25
Erwei Road,Number Two Bridge,11565.78372,100036,100110,99,15,84,52,32
Laoshan Road,Yixingbu North,11565.13572,100082,100176,71,23,48,25,23
Yixingbu North,Laoshan Road,11565.13572,100176,100082,65,25,40,29,11
Xianshuigu West,Lushui Road,11564.19956,100152,100093,2563,784,1779,916,863
Lushui Road,Xianshuigu West,11564.19956,100093,100152,2502,728,1774,1046,728
Jianshan Road,Shuanglin,11564.12869,100066,100119,11,4,7,7,0
Shuanglin,Jianshan Road,11564.12869,100119,100066,4,0,4,4,0
Dabi Zhuang,Liuwei Road,11564.12374,100021,100090,41,9,32,15,17
Liuwei Road,Dabi Zhuang,11564.12374,100090,100021,33,4,29,11,18
Chenglin Road,Dongting Road,11564.04505,100014,100034,27,6,21,16,5
Dongting Road,Chenglin Road,11564.04505,100034,100014,19,3,16,14,2
JinZhong Street,Shiyijing Road,11561.125,100080,100117,184,21,163,138,25
Shiyijing Road,JinZhong Street,11561.125,100117,100080,174,22,152,94,58
Qinjian Road,Liaohe North Road,11560.5165,100113,100084,21,4,17,11,6
Liaohe North Road,Qinjian Road,11560.5165,100084,100113,6,0,6,4,2
Lingbin Road,North Station,11559.95128,100087,100108,49,14,35,25,10
North Station,Lingbin Road,11559.95128,100108,100087,40,16,24,12,12
Zhongshan Gate,Yizhongxin Hospital,11558.53117,100189,100177,154,24,130,97,33
Yizhongxin Hospital,Zhongshan Gate,11558.53117,100177,100189,150,37,113,83,30
Yaohuan Road,Lushui Road,11557.74385,100170,100093,9,2,7,4,3
Lushui Road,Yaohuan Road,11557.74385,100093,100170,2,1,1,0,1
Wangdingdi,Chentang Zhuang,11557.15103,100145,100015,101,10,91,79,12
Chentang Zhuang,Wangdingdi,11557.15103,100015,100145,89,8,81,67,14
Yixingbu North,Xianyang Road,11555.11683,100176,100153,105,28,77,46,31
Xianyang Road,Yixingbu North,11555.11683,100153,100176,98,16,82,53,29
Guangkaisima Road,Xuzhuangzi,11553.4466,100044,100168,32,10,22,12,10
Xuzhuangzi,Guangkaisima Road,11553.4466,100168,100044,29,10,19,12,7
Jinwan Square,High-Tech Zone,11552.73136,100078,100054,733,257,476,187,289
High-Tech Zone,Jinwan Square,11552.73136,100054,100078,733,194,539,333,206
Yaohuan Road,Haiguang Temple,11552.58965,100170,100048,165,30,135,98,37
Haiguang Temple,Yaohuan Road,11552.58965,100048,100170,128,27,101,48,53
Xuzhuangzi,Yibin Road,11550.3843,100168,100171,110,17,93,72,21
Yibin Road,Xuzhuangzi,11550.3843,100171,100168,89,9,80,68,12
Xuefu Industrial Area,Yingkou Road,11548.33833,100163,100174,1228,290,938,648,290
Yingkou Road,Xuefu Industrial Area,11548.33833,100174,100163,1049,277,772,496,276
National Exhibition Centre,Weishan Road,11547.08048,100105,100148,2,0,2,0,2
Xinkai River,Xiangshan Road,11542.85819,100160,100151,6,3,3,2,1
Xiangshan Road,Xinkai River,11542.85819,100151,100160,2,0,2,0,2
Haiguang Temple,Meijiang Exhibition Centre,11541.78633,100048,100095,222,60,162,91,71
Meijiang Exhibition Centre,Haiguang Temple,11541.78633,100095,100048,195,44,151,99,52
Xuzhou Road,Lingbin Road,11539.15067,100167,100087,7,1,6,1,5
Lingbin Road,Xuzhou Road,11539.15067,100087,100167,5,0,5,3,2
Tiantai Road,Lingbin Road,11538.93118,100137,100087,80,23,57,37,20
Lingbin Road,Tiantai Road,11538.93118,100087,100137,78,18,60,36,24
Yizhongxin Hospital,Jingjiang Road,11537.79731,100177,100072,235,38,197,122,75
Jingjiang Road,Yizhongxin Hospital,11537.79731,100072,100177,233,38,195,129,66
Bei Zhulin,Changling Road,11537.47176,100004,100013,13,4,9,4,5
Changling Road,Bei Zhulin,11537.47176,100013,100004,13,2,11,7,4
Liaohe North Road,Anshan Road,11536.1048,100084,100002,220,58,162,109,53
Anshan Road,Liaohe North Road,11536.1048,100002,100084,203,48,155,75,80
Huanyu Road,Yingkou Road,11535.13084,100059,100174,87,38,49,24,25
Yingkou Road,Huanyu Road,11535.13084,100174,100059,75,27,48,19,29
Zhangxing Zhuang,Yizhongxin Hospital,11535.04199,100185,100177,63,10,53,42,11
Yizhongxin Hospital,Zhangxing Zhuang,11535.04199,100177,100185,45,14,31,21,10
Yaohuan Road,Jinwan Square,11534.59223,100170,100078,54,16,38,33,5
Jinwan Square,Yaohuan Road,11534.59223,100078,100170,38,7,31,20,11
Cuifu New Village,Zhanggui Zhuang,11534.33595,100019,100184,31,5,26,21,5
Zhanggui Zhuang,Cuifu New Village,11534.33595,100184,100019,26,6,20,15,5
Meilin Road,Hehui South Road,11533.98312,100098,100052,215,34,181,115,66
Hehui South Road,Meilin Road,11533.98312,100052,100098,197,38,159,121,38
Siyuan Road,North Beichen Tech Park,11533.86654,100121,100106,39,5,34,28,6
North Beichen Tech Park,Siyuan Road,11533.86654,100106,100121,37,3,34,25,9
Yixingbu North,Haiguang Temple,11533.26714,100176,100048,320,63,257,193,64
Haiguang Temple,Yixingbu North,11533.26714,100048,100176,320,62,258,155,103
Sports Centre,Huanyu Road,11530.86368,100126,100059,20,3,17,6,11
Huanyu Road,Sports Centre,11530.86368,100059,100126,15,2,13,9,4
Magangchang,Yingfeng Road,11530.00251,100094,100173,11,5,6,6,0
Yingfeng Road,Magangchang,11530.00251,100173,100094,7,3,4,4,0
Binhai International Airport,Fangshan Road,11529.90019,100010,100038,63,13,50,15,35
Fangshan Road,Binhai International Airport,11529.90019,100038,100010,50,11,39,22,17
Zhongshan Road,Meijiang Road,11529.17296,100190,100097,78,16,62,49,13
Meijiang Road,Zhongshan Road,11529.17296,100097,100190,66,12,54,34,20
Cuifu New Village,Hongqi South Road,11526.03994,100019,100057,142,21,121,73,48
Hongqi South Road,Cuifu New Village,11526.03994,100057,100019,122,18,104,73,31
Shaliu South Road,Tian Tower,11525.89404,100116,100133,101,23,78,52,26
Tian Tower,Shaliu South Road,11525.89404,100133,100116,99,19,80,42,38
Siyuan Road,Xianyang Road,11525.64763,100121,100153,33,5,28,20,8
Xianyang Road,Siyuan Road,11525.64763,100153,100121,31,8,23,14,9
Benxi Road,Shiyijing Road,11525.51621,100008,100117,168,20,148,121,27
Shiyijing Road,Benxi Road,11525.51621,100117,100008,141,16,125,80,45
Meijiang Exhibition Centre,Jinwan Square,11523.78892,100095,100078,120,33,87,73,14
Jinwan Square,Meijiang Exhibition Centre,11523.78892,100078,100095,108,27,81,50,31
Binhai International Airport,Xingfu Park,11522.98493,100010,100159,195,58,137,49,88
Xingfu Park,Binhai International Airport,11522.98493,100159,100010,132,40,92,47,45
Sports Centre,Honghu Li,11522.63977,100126,100055,94,28,66,40,26
Honghu Li,Sports Centre,11522.63977,100055,100126,74,26,48,33,15
Wandong Road,Lilou,11521.75949,100144,100086,25,8,17,6,11
Lilou,Wandong Road,11521.75949,100086,100144,20,8,12,6,6
Tiantai Road,Zhongshan Gate,11519.37211,100137,100189,124,36,88,73,15
Zhongshan Gate,Tiantai Road,11519.37211,100189,100137,117,28,89,64,25
Chentang Zhuang,Fuxing Road,11518.18761,100015,100042,57,11,46,32,14
Fuxing Road,Chentang Zhuang,11518.18761,100042,100015,56,16,40,27,13
West Station,Zhongshan Gate,11515.68191,100149,100189,449,142,307,110,197
Zhongshan Gate,West Station,11515.68191,100189,100149,338,134,204,108,96
Yingkou Road,Liqi Zhuang South,11515.58117,100174,100088,162,59,103,49,54
Liqi Zhuang South,Yingkou Road,11515.58117,100088,100174,135,56,79,32,47
Number Two Bridge,Wujiayao,11514.4921,100110,100150,211,40,171,132,39
Wujiayao,Number Two Bridge,11514.4921,100150,100110,184,36,148,91,57
Lushui Road,Dongxing Road,11514.32489,100093,100035,28,5,23,15,8
Dongxing Road,Lushui Road,11514.32489,100035,100093,25,5,20,6,14
JinZhong River Street,Jieyuan West Road,11512.90271,100079,100069,162,47,115,74,41
Jieyuan West Road,JinZhong River Street,11512.90271,100069,100079,119,25,94,63,31
Chunhai Road,Jintang Road,11505.48433,100017,100077,17,4,13,12,1
Jintang Road,Chunhai Road,11505.48433,100077,100017,14,6,8,6,2
Liuyuan,Anshan Road,11504.63047,100091,100002,6237,1297,4940,3280,1660
Anshan Road,Liuyuan,11504.63047,100002,100091,5498,1058,4440,2168,2272
Tian Tower,Youyi South Road,11504.4471,100133,100178,2,1,1,1,0
Youyi South Road,Tian Tower,11504.4471,100178,100133,1,1,0,0,0
Chenglin Road,Huayuan,11504.40689,100014,100061,407,42,365,313,52
Huayuan,Chenglin Road,11504.40689,100061,100014,373,15,358,262,96
JinZhong River Street,Meijiang Road,11504.09842,100079,100097,157,28,129,106,23
Meijiang Road,JinZhong River Street,11504.09842,100097,100079,136,23,113,84,29
Siyuan Road,Haiguang Temple,11503.79794,100121,100048,77,11,66,50,16
Haiguang Temple,Siyuan Road,11503.79794,100048,100121,77,13,64,30,34
Yueya River,Benxi Road,11502.48232,100182,100008,222,51,171,108,63
Benxi Road,Yueya River,11502.48232,100008,100182,172,44,128,82,46
Chinese Medicine First Affiliated Hospital,Xuelian South Road,11501.78889,100016,100164,29,9,20,3,17
Xuelian South Road,Chinese Medicine First Affiliated Hospital,11501.78889,100164,100016,22,5,17,15,2
Yihao Bridge,Xinkai River,11501.68135,100172,100160,14,3,11,7,4
Xinkai River,Yihao Bridge,11501.68135,100160,100172,10,4,6,3,3
Xuzhuangzi,Leyuan Road,11501.00174,100168,100083,16,2,14,5,9
Leyuan Road,Xuzhuangzi,11501.00174,100083,100168,13,2,11,8,3
Anshan West Road,Chentang Zhuang,11500.12586,100003,100015,100,16,84,46,38
Chentang Zhuang,Anshan West Road,11500.12586,100015,100003,98,14,84,62,22
Huayuan,Dongxing Road,11500.1144,100061,100035,184,21,163,120,43
Dongxing Road,Huayuan,11500.1144,100035,100061,175,15,160,119,41
The Financial University,Erwei Road,11499.57121,100132,100036,545,158,387,239,148
Erwei Road,The Financial University,11499.57121,100036,100132,522,116,406,222,184
Zhicheng Road,Fangshan Road,11499.49531,100187,100038,6,3,3,1,2
Fangshan Road,Zhicheng Road,11499.49531,100038,100187,5,2,3,2,1
Jin Street,The Financial University,11496.66149,100070,100132,345,85,260,138,122
The Financial University,Jin Street,11496.66149,100132,100070,267,69,198,122,76
Liaohe North Road,Xikang Road,11495.33579,100084,100158,242,54,188,131,57
Xikang Road,Liaohe North Road,11495.33579,100158,100084,210,44,166,103,63
Changhong Park,Zhongshan Gate,11494.00448,100012,100189,372,74,298,190,108
Zhongshan Gate,Changhong Park,11494.00448,100189,100012,307,75,232,162,70
Huanyu Road,Yueya River,11488.20443,100059,100182,10,2,8,5,3
Yueya River,Huanyu Road,11488.20443,100182,100059,5,3,2,2,0
Zhangxing Zhuang,Jieyuan West Road,11486.99297,100185,100069,79,14,65,53,12
Jieyuan West Road,Zhangxing Zhuang,11486.99297,100069,100185,65,12,53,42,11
Youyi South Road,Yibin Road,11486.5377,100178,100171,1,0,1,0,1
Ruijing XinYuan,Tianjin Station,11486.50753,100114,100135,834,277,557,252,305
Tianjin Station,Ruijing XinYuan,11486.50753,100135,100114,812,314,498,214,284
Wandong Road,Dabi Zhuang,11484.93698,100144,100021,57,6,51,34,17
Dabi Zhuang,Wandong Road,11484.93698,100021,100144,54,9,45,29,16
Guangkaisima Road,Zuojiang Road,11483.55715,100044,100192,75,22,53,30,23
Zuojiang Road,Guangkaisima Road,11483.55715,100192,100044,74,17,57,26,31
Wandong Road,Fuxing Road,11481.70228,100144,100042,24,6,18,13,5
Fuxing Road,Wandong Road,11481.70228,100042,100144,18,5,13,6,7
Cultural centre,Zhangxing Zhuang,11479.85694,100020,100185,227,57,170,96,74
Zhangxing Zhuang,Cultural centre,11479.85694,100185,100020,219,60,159,120,39
Xuzhuangzi,Erwei Road,11478.88772,100168,100036,80,5,75,57,18
Erwei Road,Xuzhuangzi,11478.88772,100036,100168,54,5,49,17,32
Liqi Zhuang South,Dongting Road,11478.73347,100088,100034,1,0,1,0,1
Shuanglin,Hangshuang Road,11478.53424,100119,100051,3,0,3,3,0
Hangshuang Road,Shuanglin,11478.53424,100051,100119,2,1,1,1,0
Huanyu Road,Shiyijing Road,11478.11931,100059,100117,1,0,1,0,1
Jieyuan West Road,University town,11477.57218,100069,100143,293,108,185,110,75
University town,Jieyuan West Road,11477.57218,100143,100069,287,94,193,108,85
Jinmao Industrial Area,Jinshi Bridge,11477.28303,100074,100076,5,1,4,4,0
Jinshi Bridge,Jinmao Industrial Area,11477.28303,100076,100074,3,1,2,2,0
Huayuan,Xinkai River,11476.74927,100061,100160,43,3,40,34,6
Xinkai River,Huayuan,11476.74927,100160,100061,39,3,36,22,14
Dongting Road,Dawang Zhuang,11476.55314,100034,100023,33,2,31,30,1
Dawang Zhuang,Dongting Road,11476.55314,100023,100034,28,3,25,16,9
The Financial University,Water Park Road East,11476.22985,100132,100147,75,36,39,22,17
Water Park Road East,The Financial University,11476.22985,100147,100132,56,23,33,15,18
High-Tech Zone,Jianshan Road,11471.90486,100054,100066,139,12,127,107,20
Jianshan Road,High-Tech Zone,11471.90486,100066,100054,118,11,107,91,16
The Financial University,Wujiayao,11468.41314,100132,100150,347,65,282,178,104
Wujiayao,The Financial University,11468.41314,100150,100132,302,43,259,152,107
Zhou and Deng Memorial Museum,Cao Zhuang,11467.96399,100191,100011,193,72,121,82,39
Cao Zhuang,Zhou and Deng Memorial Museum,11467.96399,100011,100191,185,69,116,60,56
Huanyu Road,Yutai,11467.33705,100059,100183,9,3,6,4,2
Yutai,Huanyu Road,11467.33705,100183,100059,8,1,7,4,3
Danhebei Road,Zhongshan Road,11464.94179,100022,100190,35,6,29,14,15
Zhongshan Road,Danhebei Road,11464.94179,100190,100022,15,1,14,13,1
Lingbin Road,Longhan Road,11464.63655,100087,100092,14,2,12,9,3
Longhan Road,Lingbin Road,11464.63655,100092,100087,13,3,10,6,4
Number Two Bridge,Yueya River,11462.34141,100110,100182,134,32,102,69,33
Yueya River,Number Two Bridge,11462.34141,100182,100110,134,37,97,61,36
Siyuan Road,Dengzhou South Road,11462.12664,100121,100025,14,4,10,9,1
Dengzhou South Road,Siyuan Road,11462.12664,100025,100121,9,2,7,4,3
Haihe Education Zone,Meijiang Park,11460.95857,100050,100096,22,2,20,18,2
Meijiang Park,Haihe Education Zone,11460.95857,100096,100050,20,1,19,10,9
Youyi South Road,Dongxing Road,11460.39261,100178,100035,4,0,4,0,4
Taichang Road,Yingfeng Road,11457.72839,100128,100173,173,46,127,67,60
Yingfeng Road,Taichang Road,11457.72839,100173,100128,170,38,132,82,50
Zhongshan Road,Guoshan Road,11457.56665,100190,100047,118,24,94,59,35
Guoshan Road,Zhongshan Road,11457.56665,100047,100190,104,27,77,47,30
Weishan Road,Cuifu New Village,11456.82782,100148,100019,58,16,42,31,11
Cuifu New Village,Weishan Road,11456.82782,100019,100148,48,12,36,29,7
Shuanglin,Anshan Road,11455.87098,100119,100002,2092,494,1598,1073,525
Anshan Road,Shuanglin,11455.87098,100002,100119,1792,393,1399,757,642
North China Group,Dawang Zhuang,11455.60156,100107,100023,188,47,141,88,53
Dawang Zhuang,North China Group,11455.60156,100023,100107,167,47,120,68,52
Heping Road,Ruijing XinYuan,11452.9273,100053,100114,1448,516,932,388,544
Ruijing XinYuan,Heping Road,11452.9273,100114,100053,1028,337,691,380,311
Youyi South Road,Jiefang South Road,11451.79587,100178,100068,2,0,2,1,1
Second hospital of the Medical University,Liulin Road,11451.68255,100115,100089,5,1,4,3,1
Liulin Road,Second hospital of the Medical University,11451.68255,100089,100115,2,1,1,0,1
Wujiayao,Meijiang Exhibition Centre,11451.60856,100150,100095,116,34,82,45,37
Meijiang Exhibition Centre,Wujiayao,11451.60856,100095,100150,79,26,53,36,17
Anshan Road,Jiefang South Road,11451.58324,100002,100068,529,112,417,257,160
Jiefang South Road,Anshan Road,11451.58324,100068,100002,489,97,392,266,126
Changhong Park,Xuefu Industrial Area,11450.97848,100012,100163,150,12,138,118,20
Xuefu Industrial Area,Changhong Park,11450.97848,100163,100012,123,10,113,95,18
Tiantuo,Yueya River,11445.88159,100138,100182,206,34,172,122,50
Yueya River,Tiantuo,11445.88159,100182,100138,206,29,177,143,34
Chenglin Road,North China Group,11445.26113,100014,100107,229,56,173,108,65
North China Group,Chenglin Road,11445.26113,100107,100014,222,67,155,102,53
Lingbin Road,Jieyuan West Road,11444.7684,100087,100069,93,13,80,58,22
Jieyuan West Road,Lingbin Road,11444.7684,100069,100087,90,6,84,62,22
Weishan Road,Anshan Road,11444.69379,100148,100002,20,1,19,13,6
Anshan Road,Weishan Road,11444.69379,100002,100148,17,2,15,9,6
JinZhong River Street,Tumour Hospital,11443.91021,100079,100141,645,79,566,415,151
Tumour Hospital,JinZhong River Street,11443.91021,100141,100079,587,75,512,252,260
Xiawafang,Benxi Road,11443.73244,100157,100008,988,248,740,471,269
Benxi Road,Xiawafang,11443.73244,100008,100157,962,226,736,515,221
Wandong Road,People's Hospital,11442.98408,100144,100111,76,12,64,47,17
People's Hospital,Wandong Road,11442.98408,100111,100144,75,8,67,37,30
Zhongshan Road,Liuyuan,11442.58084,100190,100091,168,42,126,66,60
Liuyuan,Zhongshan Road,11442.58084,100091,100190,164,39,125,64,61
Yudongcheng,Liaohe North Road,11442.10324,100180,100084,118,23,95,67,28
Liaohe North Road,Yudongcheng,11442.10324,100084,100180,106,25,81,53,28
Hongqi South Road,Zhongshan Gate,11441.20185,100057,100189,166,33,133,83,50
Zhongshan Gate,Hongqi South Road,11441.20185,100189,100057,158,45,113,79,34
Dabi Zhuang,Zhigu,11440.69415,100021,100188,165,44,121,79,42
Zhigu,Dabi Zhuang,11440.69415,100188,100021,130,33,97,57,40
Jingjiang Road,Fengchan River,11439.97917,100072,100039,24,4,20,14,6
Fengchan River,Jingjiang Road,11439.97917,100039,100072,19,3,16,13,3
Meilin Road,Wangdingdi,11438.28776,100098,100145,11,1,10,8,2
Wangdingdi,Meilin Road,11438.28776,100145,100098,10,5,5,4,1
Chenglin Road,Shuanglin,11436.78257,100014,100119,151,42,109,67,42
Shuanglin,Chenglin Road,11436.78257,100119,100014,127,33,94,65,29
Xuzhou Road,Xueyuan North Road,11435.34224,100167,100165,1,0,1,0,1
Yixingbu,Southwest Tower,11435.32759,100175,100125,158,32,126,86,40
Southwest Tower,Yixingbu,11435.32759,100125,100175,147,36,111,71,40
Lijiang Road,Laoshan Road,11434.89086,100085,100082,124,52,72,41,31
Laoshan Road,Lijiang Road,11434.89086,100082,100085,98,33,65,35,30
Second hospital of the Medical University,Yudongcheng,11434.10827,100115,100180,74,16,58,43,15
Yudongcheng,Second hospital of the Medical University,11434.10827,100180,100115,65,10,55,40,15
Southeast Corner,Lingbin Road,11430.09015,100123,100087,115,32,83,27,56
Lingbin Road,Southeast Corner,11430.09015,100087,100123,110,37,73,44,29
Nanlou,Xinli,11425.52061,100102,100161,105,21,84,65,19
Xinli,Nanlou,11425.52061,100161,100102,69,13,56,43,13
Bei Zhulin,Nanhe Zhuang,11424.90886,100004,100101,23,12,11,6,5
Nanhe Zhuang,Bei Zhulin,11424.90886,100101,100004,21,5,16,9,7
Tiantai Road,Beichen Road,11424.5876,100137,100005,30,3,27,14,13
Beichen Road,Tiantai Road,11424.5876,100005,100137,29,11,18,12,6
Zhigu,Nanzhu Bridge,11423.71432,100188,100104,19,4,15,12,3
Nanzhu Bridge,Zhigu,11423.71432,100104,100188,15,4,11,9,2
Bianxing,Leyuan Road,11423.4063,100009,100083,97,30,67,41,26
Leyuan Road,Bianxing,11423.4063,100083,100009,92,29,63,22,41
Chentang Zhuang,Dongting Road,11421.18309,100015,100034,2,0,2,1,1
Dongting Road,Chentang Zhuang,11421.18309,100034,100015,1,0,1,1,0
Dawang Zhuang,Weishan Road,11420.83837,100023,100148,1,0,1,1,0
Weishan Road,Dawang Zhuang,11420.83837,100148,100023,1,0,1,0,1
Huaihe Road,Dabi Zhuang,11419.88477,100058,100021,54,15,39,25,14
Dabi Zhuang,Huaihe Road,11419.88477,100021,100058,43,9,34,22,12
Fuxing Road,North China Group,11418.05093,100042,100107,207,55,152,79,73
North China Group,Fuxing Road,11418.05093,100107,100042,198,54,144,77,67
Yuanyang International Centre,Hangshuang Road,11417.02174,100179,100051,54,8,46,37,9
Hangshuang Road,Yuanyang International Centre,11417.02174,100051,100179,53,5,48,38,10
Jingjiang Road,Zhaoyuan Road,11416.2785,100072,100186,11,3,8,6,2
Zhaoyuan Road,Jingjiang Road,11416.2785,100186,100072,6,3,3,3,0
Xingfu Park,Lingbin Road,11416.20541,100159,100087,314,70,244,150,94
Lingbin Road,Xingfu Park,11416.20541,100087,100159,282,58,224,153,71
Bei Zhulin,Fengchan River,11416.02236,100004,100039,4,1,3,3,0
Fengchan River,Bei Zhulin,11416.02236,100039,100004,1,1,0,0,0
Bei Zhulin,Chentang Zhuang,11414.61133,100004,100015,4,0,4,1,3
Chentang Zhuang,Bei Zhulin,11414.61133,100015,100004,4,1,3,2,1
Dengzhou Road,JinZhong Street,11412.16767,100024,100080,47,21,26,11,15
JinZhong Street,Dengzhou Road,11412.16767,100080,100024,46,15,31,23,8
Yutai,Huashan Li,11411.25009,100183,100060,5,0,5,0,5
Huashan Li,Yutai,11411.25009,100060,100183,3,0,3,0,3
Northwest Corner,Laoshan Road,11408.32765,100109,100082,169,44,125,55,70
Laoshan Road,Northwest Corner,11408.32765,100082,100109,163,34,129,80,49
Shuanglin,Dawang Zhuang,11408.26997,100119,100023,158,32,126,98,28
Dawang Zhuang,Shuanglin,11408.26997,100023,100119,155,36,119,86,33
Yaohuan Road,People's Hospital,11407.98474,100170,100111,86,22,64,31,33
People's Hospital,Yaohuan Road,11407.98474,100111,100170,78,17,61,29,32
Youyi South Road,Taichang Road,11407.02076,100178,100128,204,45,159,91,68
Taichang Road,Youyi South Road,11407.02076,100128,100178,183,41,142,93,49
Tianjin Hotel,Wanshan Road,11404.98586,100134,100146,4,1,3,2,1
Wanshan Road,Tianjin Hotel,11404.98586,100146,100134,2,0,2,0,2
Yuanyang International Centre,Jiayuan Li,11404.84224,100179,100067,481,85,396,265,131
Jiayuan Li,Yuanyang International Centre,11404.84224,100067,100179,459,92,367,278,89
Tumour Hospital,Qinjian Road,11404.70386,100141,100113,447,85,362,209,153
Qinjian Road,Tumour Hospital,11404.70386,100113,100141,438,66,372,267,105
Yihao Bridge,Tian Tower,11404.30782,100172,100133,136,30,106,66,40
Tian Tower,Yihao Bridge,11404.30782,100133,100172,129,43,86,53,33
Jiayuan Li,Xiaobailou,11403.64117,100067,100154,2488,458,2030,1483,547
Xiaobailou,Jiayuan Li,11403.64117,100154,100067,2288,393,1895,1164,731
Jieyuan West Road,Ruijing XinYuan,11403.26276,100069,100114,155,39,116,70,46
Ruijing XinYuan,Jieyuan West Road,11403.26276,100114,100069,147,53,94,57,37
Sports Centre,Foreign Languages High School,11401.29331,100126,100040,6,0,6,5,1
Foreign Languages High School,Sports Centre,11401.29331,100040,100126,4,0,4,2,2
Dongting Road,Zhou and Deng Memorial Museum,11400.51982,100034,100191,9,4,5,3,2
Zhou and Deng Memorial Museum,Dongting Road,11400.51982,100191,100034,7,0,7,2,5
Shaliu South Road,Northwest Corner,11400.45368,100116,100109,171,41,130,87,43
Northwest Corner,Shaliu South Road,11400.45368,100109,100116,145,34,111,60,51
Tiedong Road,Tumour Hospital,11399.763,100139,100141,138,29,109,84,25
Tumour Hospital,Tiedong Road,11399.763,100141,100139,135,27,108,62,46
Dongxing Road,Hangshuang Road,11399.66665,100035,100051,10,0,10,8,2
Hangshuang Road,Dongxing Road,11399.66665,100051,100035,4,0,4,2,2
Tianshili,Xiaobailou,11397.22334,100136,100154,268,48,220,196,24
Xiaobailou,Tianshili,11397.22334,100154,100136,208,41,167,127,40
Taichang Road,Wangdingdi,11394.1635,100128,100145,84,31,53,32,21
Wangdingdi,Taichang Road,11394.1635,100145,100128,68,23,45,25,20
Zhicheng Road,Zhongshan Gate,11393.19455,100187,100189,119,25,94,68,26
Zhongshan Gate,Zhicheng Road,11393.19455,100189,100187,116,18,98,55,43
Wangdingdi,Tiedong Road,11393.14814,100145,100139,198,73,125,72,53
Tiedong Road,Wangdingdi,11393.14814,100139,100145,139,48,91,40,51
Sports Centre,Beining Park,11392.56656,100126,100006,55,13,42,19,23
Beining Park,Sports Centre,11392.56656,100006,100126,45,17,28,18,10
Jingjiang Road,Tiantuo,11391.90206,100072,100138,274,46,228,189,39
Tiantuo,Jingjiang Road,11391.90206,100138,100072,228,27,201,131,70
Guoshan Road,Nanlou,11391.25697,100047,100102,42,8,34,34,0
Nanlou,Guoshan Road,11391.25697,100102,100047,31,6,25,15,10
The Financial University,Meijiang Road,11390.63748,100132,100097,5,1,4,0,4
Meijiang Road,The Financial University,11390.63748,100097,100132,3,1,2,1,1
Guoshan Road,University of Civil Aviation,11389.12192,100047,100142,3,2,1,1,0
University of Civil Aviation,Guoshan Road,11389.12192,100142,100047,1,0,1,1,0
Liqi Zhuang South,Liulin Road,11389.08144,100088,100089,10,2,8,3,5
Liulin Road,Liqi Zhuang South,11389.08144,100089,100088,8,1,7,5,2
Liuwei Road,Zhanggui Zhuang,11388.43852,100090,100184,7,3,4,0,4
Zhanggui Zhuang,Liuwei Road,11388.43852,100184,100090,4,3,1,0,1
Yudongcheng,Tiantai Road,11385.5864,100180,100137,158,32,126,77,49
Tiantai Road,Yudongcheng,11385.5864,100137,100180,144,45,99,60,39
Fangshan Road,Tianjin Hotel,11385.28104,100038,100134,31,5,26,25,1
Tianjin Hotel,Fangshan Road,11385.28104,100134,100038,26,5,21,12,9
Heping Road,Liulin Road,11385.2416,100053,100089,420,132,288,84,204
Liulin Road,Heping Road,11385.2416,100089,100053,345,128,217,109,108
Liaohe North Road,Xuzhou Road,11384.43319,100084,100167,98,6,92,72,20
Xuzhou Road,Liaohe North Road,11384.43319,100167,100084,80,8,72,55,17
University town,Erwei Road,11384.2369,100143,100036,708,196,512,355,157
Erwei Road,University town,11384.2369,100036,100143,635,155,480,276,204
Danhebei Road,Xinkai River,11383.07307,100022,100160,2,1,1,1,0
Xinkai River,Danhebei Road,11383.07307,100160,100022,1,0,1,1,0
Liulin Road,Xikang Road,11378.59731,100089,100158,280,81,199,83,116
Xikang Road,Liulin Road,11378.59731,100158,100089,265,50,215,171,44
Wandong Road,Bei Zhulin,11378.12601,100144,100004,7,0,7,6,1
Bei Zhulin,Wandong Road,11378.12601,100004,100144,1,1,0,0,0
Yuejin North Road,Southeast Corner,11377.22225,100181,100123,422,152,270,150,120
Southeast Corner,Yuejin North Road,11377.22225,100123,100181,413,153,260,104,156
Zhigu,Jieyuan West Road,11375.86184,100188,100069,150,41,109,66,43
Jieyuan West Road,Zhigu,11375.86184,100069,100188,126,34,92,71,21
Fuxing Gate,Yueya River,11375.73592,100041,100182,206,48,158,86,72
Yueya River,Fuxing Gate,11375.73592,100182,100041,164,35,129,87,42
Jinmao Industrial Area,Chinese Medicine First Affiliated Hospital,11375.43488,100074,100016,36,3,33,22,11
Chinese Medicine First Affiliated Hospital,Jinmao Industrial Area,11375.43488,100016,100074,31,3,28,5,23
Shunchi Bridge,Benxi Road,11375.14874,100120,100008,116,28,88,49,39
Benxi Road,Shunchi Bridge,11375.14874,100008,100120,106,24,82,57,25
Yixingbu,Nanlou,11372.20475,100175,100102,111,23,88,60,28
Nanlou,Yixingbu,11372.20475,100102,100175,104,16,88,48,40
Zhanggui Zhuang,Anshan Road,11368.16731,100184,100002,502,92,410,301,109
Anshan Road,Zhanggui Zhuang,11368.16731,100002,100184,491,107,384,184,200
Jiefang South Road,Chenglin Road,11367.27166,100068,100014,294,63,231,125,106
Chenglin Road,Jiefang South Road,11367.27166,100014,100068,252,57,195,111,84
Liqi Zhuang South,Shiyijing Road,11366.21203,100088,100117,22,5,17,14,3
Shiyijing Road,Liqi Zhuang South,11366.21203,100117,100088,19,5,14,3,11
Xueyuan North Road,Guoshan Road,11364.30031,100165,100047,5,2,3,2,1
Guoshan Road,Xueyuan North Road,11364.30031,100047,100165,3,1,2,1,1
Chenglin Road,Dongli Culture and Sports Centre,11362.62062,100014,100029,17,4,13,9,4
Dongli Culture and Sports Centre,Chenglin Road,11362.62062,100029,100014,16,2,14,6,8
Honghu Li,Taichang Road,11362.16828,100055,100128,336,137,199,123,76
Taichang Road,Honghu Li,11362.16828,100128,100055,303,118,185,88,97
Beichen Road,Xingfu Park,11361.4271,100005,100159,341,72,269,165,104
Xingfu Park,Beichen Road,11361.4271,100159,100005,270,67,203,105,98
Wanshan Road,Zhongshan Road,11361.13301,100146,100190,14,2,12,7,5
Zhongshan Road,Wanshan Road,11361.13301,100190,100146,14,0,14,6,8
Yangwu Zhuang,Xikang Road,11359.31781,100169,100158,840,149,691,548,143
Xikang Road,Yangwu Zhuang,11359.31781,100158,100169,730,113,617,411,206
Tianjin Hotel,Xuefu Industrial Area,11356.64418,100134,100163,156,11,145,130,15
Xuefu Industrial Area,Tianjin Hotel,11356.64418,100163,100134,149,6,143,124,19
Shunchi Bridge,Liulin Road,11355.9358,100120,100089,87,15,72,47,25
Liulin Road,Shunchi Bridge,11355.9358,100089,100120,80,17,63,34,29
Fangshan Road,Hongni River East,11355.70951,100038,100056,1,0,1,0,1
Hongni River East,Fangshan Road,11355.70951,100056,100038,1,0,1,0,1
National Exhibition Centre,Huashan Li,11354.74156,100105,100060,46,10,36,23,13
Huashan Li,National Exhibition Centre,11354.74156,100060,100105,38,10,28,17,11
Jianshan Road,Magangchang,11353.97424,100066,100094,2,2,0,0,0
Magangchang,Jianshan Road,11353.97424,100094,100066,2,2,0,0,0
Jianshan Road,Zhanggui Zhuang,11352.22254,100066,100184,65,12,53,40,13
Zhanggui Zhuang,Jianshan Road,11352.22254,100184,100066,64,9,55,42,13
Honghu Li,JinZhong Street,11352.10899,100055,100080,103,27,76,38,38
JinZhong Street,Honghu Li,11352.10899,100080,100055,90,26,64,42,22
Honghu Li,Second hospital of the Medical University,11348.00817,100055,100115,111,38,73,44,29
Second hospital of the Medical University,Honghu Li,11348.00817,100115,100055,101,33,68,32,36
Liuwei Road,Zhaoyuan Road,11347.42091,100090,100186,10,4,6,2,4
Zhaoyuan Road,Liuwei Road,11347.42091,100186,100090,5,1,4,0,4
Meijiang Road,Number Two Bridge,11346.6757,100097,100110,30,2,28,21,7
Number Two Bridge,Meijiang Road,11346.6757,100110,100097,27,4,23,20,3
Dongli Yijing Road,Chentang Zhuang,11345.74012,100033,100015,3,0,3,3,0
Chentang Zhuang,Dongli Yijing Road,11345.74012,100015,100033,3,0,3,3,0
Tianjin Station,The Financial University,11345.60753,100135,100132,1550,679,871,391,480
The Financial University,Tianjin Station,11345.60753,100132,100135,1480,507,973,468,505
Wujiayao,Jiangwan Erzhi Road,11345.49214,100150,100065,9,3,6,4,2
Jiangwan Erzhi Road,Wujiayao,11345.49214,100065,100150,5,0,5,2,3
Tiantai Road,Tucheng,11344.66764,100137,100140,264,41,223,145,78
Tucheng,Tiantai Road,11344.66764,100140,100137,254,43,211,134,77
Tiedong Road,Ruijing XinYuan,11344.64881,100139,100114,104,28,76,42,34
Ruijing XinYuan,Tiedong Road,11344.64881,100114,100139,95,22,73,41,32
Nanzhu Bridge,Zhou and Deng Memorial Museum,11344.27516,100104,100191,3,2,1,1,0
Zhou and Deng Memorial Museum,Nanzhu Bridge,11344.27516,100191,100104,2,0,2,2,0
The Financial University,Liuwei Road,11343.71868,100132,100090,102,35,67,36,31
Liuwei Road,The Financial University,11343.71868,100090,100132,101,33,68,18,50
Heping Road,North China Group,11343.48283,100053,100107,2456,1080,1376,475,901
North China Group,Heping Road,11343.48283,100107,100053,2160,873,1287,567,720
University town,Meijiang Park,11342.30652,100143,100096,72,23,49,22,27
Meijiang Park,University town,11342.30652,100096,100143,56,13,43,23,20
University town,Xiawafang,11342.09272,100143,100157,1008,311,697,483,214
Xiawafang,University town,11342.09272,100157,100143,950,242,708,405,303
Xuzhuangzi,Guoshan Road,11341.92424,100168,100047,11,3,8,5,3
Guoshan Road,Xuzhuangzi,11341.92424,100047,100168,6,5,1,1,0
Yixingbu North,Xiaobailou,11339.16748,100176,100154,358,80,278,196,82
Xiaobailou,Yixingbu North,11339.16748,100154,100176,349,81,268,174,94
Liuyuan,Jin Street,11338.20173,100091,100070,454,126,328,226,102
Jin Street,Liuyuan,11338.20173,100070,100091,381,123,258,147,111
Shunchi Bridge,Lingbin Road,11337.02418,100120,100087,64,13,51,40,11
Lingbin Road,Shunchi Bridge,11337.02418,100087,100120,61,9,52,29,23
Huaihe Road,Northwest Corner,11336.22904,100058,100109,178,33,145,111,34
Northwest Corner,Huaihe Road,11336.22904,100109,100058,147,43,104,54,50
Jianchang Road,Haiguang Temple,11334.36996,100063,100048,218,39,179,141,38
Haiguang Temple,Jianchang Road,11334.36996,100048,100063,202,40,162,90,72
Qinjian Road,Southwest Tower,11333.94674,100113,100125,276,53,223,160,63
Southwest Tower,Qinjian Road,11333.94674,100125,100113,253,64,189,132,57
Liaohe North Road,Zhigu,11333.41319,100084,100188,157,25,132,94,38
Zhigu,Liaohe North Road,11333.41319,100188,100084,155,21,134,96,38
Longhan Road,Southeast Corner,11330.0472,100092,100123,40,6,34,26,8
Southeast Corner,Longhan Road,11330.0472,100123,100092,39,11,28,19,9
Jianshan Road,Siyuan Road,11329.29009,100066,100121,10,0,10,3,7
Siyuan Road,Jianshan Road,11329.29009,100121,100066,9,0,9,9,0
Changling Road,Erwei Road,11328.00939,100013,100036,324,67,257,181,76
Erwei Road,Changling Road,11328.00939,100036,100013,323,58,265,171,94
Xunhai Road,Taichang Road,11326.12901,100166,100128,62,22,40,31,9
Taichang Road,Xunhai Road,11326.12901,100128,100166,46,16,30,18,12
Yuanyang International Centre,Sports Centre,11326.08088,100179,100126,210,56,154,92,62
Sports Centre,Yuanyang International Centre,11326.08088,100126,100179,168,45,123,70,53
Lingbin Road,Shuanggang,11325.96563,100087,100118,47,9,38,15,23
Shuanggang,Lingbin Road,11325.96563,100118,100087,36,6,30,18,12
Yudongcheng,Changhong Park,11325.53518,100180,100012,967,245,722,453,269
Changhong Park,Yudongcheng,11325.53518,100012,100180,831,259,572,345,227
Shaliu South Road,Zhangxing Zhuang,11325.21427,100116,100185,31,5,26,18,8
Zhangxing Zhuang,Shaliu South Road,11325.21427,100185,100116,21,6,15,8,7
Zhanggui Zhuang,Jinshi Bridge,11325.12855,100184,100076,291,56,235,181,54
Jinshi Bridge,Zhanggui Zhuang,11325.12855,100076,100184,291,55,236,176,60
Laoshan Road,Haiguang Temple,11324.78627,100082,100048,148,22,126,104,22
Haiguang Temple,Laoshan Road,11324.78627,100048,100082,138,19,119,74,45
JinZhong River Street,Tian Tower,11324.61624,100079,100133,301,83,218,152,66
Tian Tower,JinZhong River Street,11324.61624,100133,100079,269,70,199,122,77
Tianjin Station,Fengchan River,11324.56231,100135,100039,342,114,228,93,135
Fengchan River,Tianjin Station,11324.56231,100039,100135,288,88,200,131,69
Xingfu Park,Qinjian Road,11322.86715,100159,100113,124,26,98,82,16
Qinjian Road,Xingfu Park,11322.86715,100113,100159,101,19,82,51,31
Hangshuang Road,Dongli Culture and Sports Centre,11322.47349,100051,100029,10,1,9,7,2
Dongli Culture and Sports Centre,Hangshuang Road,11322.47349,100029,100051,9,1,8,7,1
Southwest Tower,Xuelian South Road,11320.71624,100125,100164,6,4,2,2,0
Xuelian South Road,Southwest Tower,11320.71624,100164,100125,2,0,2,1,1
Nancuiping,Taichang Road,11320.52668,100100,100128,133,39,94,60,34
Taichang Road,Nancuiping,11320.52668,100128,100100,108,31,77,47,30
JinZhong River Street,Yihao Bridge,11319.86437,100079,100172,131,27,104,79,25
Yihao Bridge,JinZhong River Street,11319.86437,100172,100079,125,18,107,65,42
Bianxing,Jiayuan Li,11318.82718,100009,100067,37,10,27,10,17
Jiayuan Li,Bianxing,11318.82718,100067,100009,25,8,17,10,7
Xianyang Road,Meijiang Road,11317.69553,100153,100097,183,29,154,123,31
Meijiang Road,Xianyang Road,11317.69553,100097,100153,145,19,126,106,20
Cao Zhuang,Yuanyang International Centre,11317.59795,100011,100179,1364,334,1030,700,330
Yuanyang International Centre,Cao Zhuang,11317.59795,100179,100011,1325,330,995,611,384
Zhaoyuan Road,University of Civil Aviation,11317.2861,100186,100142,27,15,12,5,7
University of Civil Aviation,Zhaoyuan Road,11317.2861,100142,100186,27,8,19,12,7
Xingfu Park,Xiaodian,11315.40533,100159,100155,137,14,123,90,33
Xiaodian,Xingfu Park,11315.40533,100155,100159,106,13,93,66,27
Hangshuang Road,Xiawafang,11315.23357,100051,100157,103,13,90,71,19
Xiawafang,Hangshuang Road,11315.23357,100157,100051,94,13,81,71,10
Yingfeng Road,Zhongshan Gate,11314.68825,100173,100189,103,24,79,68,11
Zhongshan Gate,Yingfeng Road,11314.68825,100189,100173,91,15,76,52,24
Yudongcheng,Yihao Bridge,11314.20125,100180,100172,33,2,31,24,7
Yihao Bridge,Yudongcheng,11314.20125,100172,100180,29,4,25,8,17
University of Civil Aviation,The Financial University,11313.58388,100142,100132,161,73,88,44,44
The Financial University,University of Civil Aviation,11313.58388,100132,100142,140,69,71,37,34
Meijiang Park,Erwei Road,11311.9541,100096,100036,46,5,41,25,16
Erwei Road,Meijiang Park,11311.9541,100036,100096,43,7,36,22,14
Dengzhou Road,Cultural centre,11311.11985,100024,100020,332,104,228,149,79
Cultural centre,Dengzhou Road,11311.11985,100020,100024,306,95,211,122,89
Wandong Road,Zhanggui Zhuang,11309.25175,100144,100184,14,2,12,9,3
Zhanggui Zhuang,Wandong Road,11309.25175,100184,100144,13,4,9,6,3
University of Civil Aviation,Xuzhou Road,11308.60578,100142,100167,1548,521,1027,602,425
Xuzhou Road,University of Civil Aviation,11308.60578,100167,100142,1345,385,960,515,445
Jianchang Road,Tianjin Hotel,11306.14193,100063,100134,176,37,139,99,40
Tianjin Hotel,Jianchang Road,11306.14193,100134,100063,150,29,121,80,41
Jin Street,Changling Road,11304.96612,100070,100013,156,44,112,65,47
Changling Road,Jin Street,11304.96612,100013,100070,145,37,108,63,45
Shunchi Bridge,Zhanggui Zhuang,11304.13079,100120,100184,117,17,100,58,42
Zhanggui Zhuang,Shunchi Bridge,11304.13079,100184,100120,103,25,78,52,26
Yudongcheng,Fuxing Gate,11302.87897,100180,100041,108,19,89,69,20
Fuxing Gate,Yudongcheng,11302.87897,100041,100180,78,13,65,45,20
Hangshuang Road,Heping Road,11302.7224,100051,100053,251,36,215,139,76
Heping Road,Hangshuang Road,11302.7224,100053,100051,242,44,198,119,79
Zhongshan Gate,Lijiang Road,11301.32218,100189,100085,28,4,24,19,5
Lijiang Road,Zhongshan Gate,11301.32218,100085,100189,28,3,25,14,11
Chunhai Road,Dengzhou Road,11300.32544,100017,100024,46,8,38,27,11
Dengzhou Road,Chunhai Road,11300.32544,100024,100017,31,5,26,21,5
Liulin Road,Tumour Hospital,11298.82737,100089,100141,195,22,173,118,55
Tumour Hospital,Liulin Road,11298.82737,100141,100089,194,23,171,89,82
Foreign Languages High School,Tucheng,11296.53608,100040,100140,59,9,50,39,11
Tucheng,Foreign Languages High School,11296.53608,100140,100040,47,7,40,25,15
Foreign Languages High School,Huayuan,11295.41868,100040,100061,137,5,132,117,15
Huayuan,Foreign Languages High School,11295.41868,100061,100040,103,6,97,83,14
Yingfeng Road,Lushui Road,11294.18444,100173,100093,189,61,128,70,58
Lushui Road,Yingfeng Road,11294.18444,100093,100173,176,37,139,88,51
Minquan Gate,Zhou and Deng Memorial Museum,11292.31072,100099,100191,82,21,61,38,23
Zhou and Deng Memorial Museum,Minquan Gate,11292.31072,100191,100099,70,10,60,40,20
Yuanyang International Centre,Huashan Li,11290.71776,100179,100060,165,28,137,85,52
Huashan Li,Yuanyang International Centre,11290.71776,100060,100179,155,31,124,100,24
Jin Street,University town,11289.49949,100070,100143,538,220,318,133,185
University town,Jin Street,11289.49949,100143,100070,493,159,334,188,146
Zhaoyuan Road,Cuifu New Village,11289.14316,100186,100019,5,2,3,2,1
Cuifu New Village,Zhaoyuan Road,11289.14316,100019,100186,3,0,3,3,0
Meijiang Park,Jin Street,11288.91083,100096,100070,20,5,15,12,3
Jin Street,Meijiang Park,11288.91083,100070,100096,13,3,10,7,3
Jinnan Campus of Nankai University,Jiefang South Road,11288.66348,100075,100068,273,124,149,84,65
Jiefang South Road,Jinnan Campus of Nankai University,11288.66348,100068,100075,259,125,134,28,106
Huashan Li,Hangshuang Road,11283.93453,100060,100051,5,1,4,4,0
Hangshuang Road,Huashan Li,11283.93453,100051,100060,4,1,3,3,0
Number Two Bridge,Zhongshan Road,11281.94462,100110,100190,236,50,186,114,72
Zhongshan Road,Number Two Bridge,11281.94462,100190,100110,196,37,159,87,72
Jiefang South Road,Dawang Zhuang,11279.77975,100068,100023,219,26,193,139,54
Dawang Zhuang,Jiefang South Road,11279.77975,100023,100068,169,35,134,81,53
Jianguo Road,Dabi Zhuang,11277.69323,100064,100021,101,19,82,55,27
Dabi Zhuang,Jianguo Road,11277.69323,100021,100064,98,11,87,62,25
Lushui Road,Jintang Road,11275.90819,100093,100077,80,19,61,43,18
Jintang Road,Lushui Road,11275.90819,100077,100093,75,19,56,25,31
Fuxing Road,Changling Road,11273.83104,100042,100013,92,17,75,59,16
Changling Road,Fuxing Road,11273.83104,100013,100042,67,14,53,38,15
Leyuan Road,Zhangxing Zhuang,11271.73596,100083,100185,19,9,10,5,5
Zhangxing Zhuang,Leyuan Road,11271.73596,100185,100083,10,7,3,3,0
Liaohe North Road,Nanhe Zhuang,11271.49827,100084,100101,19,6,13,7,6
Nanhe Zhuang,Liaohe North Road,11271.49827,100101,100084,11,1,10,7,3
Xiawafang,Zhaoyuan Road,11270.87152,100157,100186,22,2,20,15,5
Zhaoyuan Road,Xiawafang,11270.87152,100186,100157,18,1,17,15,2
Benxi Road,Wujiayao,11270.42559,100008,100150,486,83,403,306,97
Wujiayao,Benxi Road,11270.42559,100150,100008,454,83,371,276,95
Yaohuan Road,Xuelian South Road,11270.39879,100170,100164,30,11,19,10,9
Xuelian South Road,Yaohuan Road,11270.39879,100164,100170,24,9,15,9,6
Qinjian Road,Zhou and Deng Memorial Museum,11270.283,100113,100191,97,29,68,42,26
Zhou and Deng Memorial Museum,Qinjian Road,11270.283,100191,100113,93,40,53,35,18
Tucheng,Tiedong Road,11268.9767,100140,100139,301,51,250,166,84
Tiedong Road,Tucheng,11268.9767,100139,100140,290,60,230,157,73
Guangkaisima Road,Shaliu South Road,11267.59945,100044,100116,121,23,98,64,34
Shaliu South Road,Guangkaisima Road,11267.59945,100116,100044,112,30,82,59,23
Weishan Road,Dongli Liujing Road,11266.83595,100148,100031,50,2,48,47,1
Dongli Liujing Road,Weishan Road,11266.83595,100031,100148,42,1,41,36,5
Second hospital of the Medical University,Jianchang Road,11266.51241,100115,100063,65,9,56,28,28
Jianchang Road,Second hospital of the Medical University,11266.51241,100063,100115,55,19,36,14,22
Guangkaisima Road,Laoshan Road,11266.12978,100044,100082,157,24,133,89,44
Laoshan Road,Guangkaisima Road,11266.12978,100082,100044,144,24,120,68,52
Gulou,Guoshan Road,11264.72512,100045,100047,288,80,208,99,109
Guoshan Road,Gulou,11264.72512,100047,100045,247,78,169,87,82
Xuelian South Road,Xiaobailou,11264.19242,100164,100154,31,9,22,17,5
Xiaobailou,Xuelian South Road,11264.19242,100154,100164,24,7,17,9,8
Chenglin Road,Tiantuo,11262.99759,100014,100138,225,38,187,136,51
Tiantuo,Chenglin Road,11262.99759,100138,100014,212,39,173,109,64
Cuifu New Village,North China Group,11262.82311,100019,100107,87,28,59,36,23
North China Group,Cuifu New Village,11262.82311,100107,100019,83,24,59,42,17
Yizhongxin Hospital,Jiayuan Li,11262.70513,100177,100067,255,37,218,135,83
Jiayuan Li,Yizhongxin Hospital,11262.70513,100067,100177,251,47,204,158,46
Leyuan Road,Wanshan Road,11261.99695,100083,100146,4,1,3,2,1
Wanshan Road,Leyuan Road,11261.99695,100146,100083,1,1,0,0,0
Jintang Road,Huayuan,11261.69769,100077,100061,278,35,243,207,36
Huayuan,Jintang Road,11261.69769,100061,100077,245,24,221,153,68
Cuifu New Village,Honghu Li,11260.66347,100019,100055,147,44,103,79,24
Honghu Li,Cuifu New Village,11260.66347,100055,100019,114,25,89,68,21
Xinkai River,Meijiang Road,11259.06044,100160,100097,82,13,69,45,24
Meijiang Road,Xinkai River,11259.06044,100097,100160,61,10,51,38,13
Honghu Li,Dongxing Road,11258.71192,100055,100035,88,18,70,62,8
Dongxing Road,Honghu Li,11258.71192,100035,100055,51,6,45,29,16
Youyi South Road,Hongni River East,11258.02727,100178,100056,49,10,39,23,16
Hongni River East,Youyi South Road,11258.02727,100056,100178,38,9,29,19,10
Qinjian Road,Chenglin Road,11255.36915,100113,100014,115,21,94,66,28
Chenglin Road,Qinjian Road,11255.36915,100014,100113,93,22,71,67,4
Fuxing Road,Meijiang Road,11253.85528,100042,100097,109,16,93,55,38
Meijiang Road,Fuxing Road,11253.85528,100097,100042,70,5,65,51,14
Tucheng,Lushui Road,11253.55873,100140,100093,7,2,5,0,5
Lushui Road,Tucheng,11253.55873,100093,100140,6,4,2,2,0
Shaliu South Road,Changling Road,11250.73727,100116,100013,126,20,106,71,35
Changling Road,Shaliu South Road,11250.73727,100013,100116,99,18,81,51,30
West Station,Changling Road,11249.16952,100149,100013,537,164,373,102,271
Changling Road,West Station,11249.16952,100013,100149,485,156,329,165,164
Yudongcheng,Jiangwan Erzhi Road,11247.65157,100180,100065,237,36,201,141,60
Jiangwan Erzhi Road,Yudongcheng,11247.65157,100065,100180,180,34,146,105,41
Magangchang,Yingkou Road,11246.26762,100094,100174,307,106,201,138,63
Yingkou Road,Magangchang,11246.26762,100174,100094,246,75,171,79,92
Benxi Road,Hongqi South Road,11245.93067,100008,100057,263,71,192,126,66
Hongqi South Road,Benxi Road,11245.93067,100057,100008,242,58,184,116,68
Nancuiping,Weishan Road,11245.76569,100100,100148,1,0,1,0,1
Weishan Road,Nancuiping,11245.76569,100148,100100,1,0,1,1,0
North Station,Chentang Zhuang,11245.35408,100108,100015,167,31,136,75,61
Chentang Zhuang,North Station,11245.35408,100015,100108,144,21,123,91,32
Wanshan Road,Xuzhuangzi,11244.96827,100146,100168,1,0,1,0,1
Shiyijing Road,Huayuan,11244.96607,100117,100061,299,27,272,197,75
Huayuan,Shiyijing Road,11244.96607,100061,100117,264,29,235,146,89
JinZhong Street,Xiawafang,11244.42555,100080,100157,367,81,286,207,79
Xiawafang,JinZhong Street,11244.42555,100157,100080,348,70,278,183,95
Cultural centre,Jinmao Industrial Area,11243.69925,100020,100074,1,1,0,0,0
Jinmao Industrial Area,Cultural centre,11243.69925,100074,100020,1,1,0,0,0
Fangshan Road,Leyuan Road,11242.29213,100038,100083,4,4,0,0,0
Leyuan Road,Fangshan Road,11242.29213,100083,100038,2,2,0,0,0
Tucheng,Huayuan,11239.34824,100140,100061,544,58,486,383,103
Huayuan,Tucheng,11239.34824,100061,100140,471,50,421,310,111
Jinshi Bridge,Dengzhou South Road,11237.4399,100076,100025,20,5,15,7,8
Dengzhou South Road,Jinshi Bridge,11237.4399,100025,100076,18,5,13,8,5
Danhebei Road,JinZhong River Street,11237.12057,100022,100079,16,4,12,8,4
JinZhong River Street,Danhebei Road,11237.12057,100079,100022,9,4,5,4,1
Yixingbu,Dengzhou Road,11236.46528,100175,100024,57,15,42,35,7
Dengzhou Road,Yixingbu,11236.46528,100024,100175,45,16,29,13,16
Xinkai River,Sports Centre,11235.23827,100160,100126,9,6,3,3,0
Sports Centre,Xinkai River,11235.23827,100126,100160,8,3,5,1,4
Qinjian Road,Water Park Road East,11233.03706,100113,100147,299,74,225,156,69
Water Park Road East,Qinjian Road,11233.03706,100147,100113,221,46,175,108,67
Wandong Road,Dongli Yijing Road,11232.96405,100144,100033,19,2,17,17,0
Dongli Yijing Road,Wandong Road,11232.96405,100033,100144,11,1,10,9,1
Huashan Li,Cuifu New Village,11228.59643,100060,100019,18,4,14,5,9
Cuifu New Village,Huashan Li,11228.59643,100019,100060,11,5,6,5,1
Yihao Bridge,Sports Centre,11226.88792,100172,100126,123,22,101,70,31
Sports Centre,Yihao Bridge,11226.88792,100126,100172,113,23,90,55,35
Shiyijing Road,Magangchang,11226.85795,100117,100094,8,4,4,2,2
Magangchang,Shiyijing Road,11226.85795,100094,100117,7,2,5,5,0
Zhigu,Dongli Development Zone,11226.53921,100188,100030,665,95,570,360,210
Dongli Development Zone,Zhigu,11226.53921,100030,100188,658,114,544,362,182
Yuejin North Road,Southwest Tower,11226.36679,100181,100125,285,41,244,177,67
Southwest Tower,Yuejin North Road,11226.36679,100125,100181,267,40,227,143,84
Donghai Road,Hujiayuan,11225.97888,100027,100062,762,104,658,509,149
Hujiayuan,Donghai Road,11225.97888,100062,100027,758,94,664,537,127
Liulin Road,Jianshan Road,11225.96522,100089,100066,2,0,2,0,2
Jianshan Road,Liulin Road,11225.96522,100066,100089,1,0,1,0,1
Chentang Zhuang,Jiefang South Road,11224.4097,100015,100068,36,6,30,18,12
Jiefang South Road,Chentang Zhuang,11224.4097,100068,100015,29,5,24,9,15
Xiangshan Road,Cultural centre,11223.46772,100151,100020,70,28,42,24,18
Cultural centre,Xiangshan Road,11223.46772,100020,100151,60,23,37,14,23
Beining Park,Wangdingdi,11222.94557,100006,100145,32,4,28,23,5
Wangdingdi,Beining Park,11222.94557,100145,100006,32,9,23,22,1
Anshan West Road,Jianchang Road,11221.85242,100003,100063,77,13,64,32,32
Jianchang Road,Anshan West Road,11221.85242,100063,100003,66,9,57,42,15
Chenglin Road,Xinxing Village,11220.35281,100014,100162,11,0,11,5,6
Xinxing Village,Chenglin Road,11220.35281,100162,100014,9,0,9,9,0
Qinjian Road,Zhigu,11220.0194,100113,100188,200,39,161,104,57
Zhigu,Qinjian Road,11220.0194,100188,100113,196,41,155,94,61
Tianshili,Guangkaisima Road,11219.85435,100136,100044,90,15,75,67,8
Guangkaisima Road,Tianshili,11219.85435,100044,100136,85,15,70,47,23
Huashan Li,Xingfu Park,11218.90863,100060,100159,290,72,218,134,84
Xingfu Park,Huashan Li,11218.90863,100159,100060,281,59,222,139,83
Northwest Corner,Meijiang Road,11217.60319,100109,100097,189,33,156,102,54
Meijiang Road,Northwest Corner,11217.60319,100097,100109,178,32,146,107,39
Tiantai Road,Xiaodian,11217.5759,100137,100155,124,23,101,83,18
Xiaodian,Tiantai Road,11217.5759,100155,100137,79,13,66,49,17
Zuojiang Road,People's Hospital,11216.92326,100192,100111,228,43,185,110,75
People's Hospital,Zuojiang Road,11216.92326,100111,100192,218,45,173,94,79
Fuxing Gate,Zhou and Deng Memorial Museum,11216.18993,100041,100191,149,33,116,82,34
Zhou and Deng Memorial Museum,Fuxing Gate,11216.18993,100191,100041,92,19,73,56,17
Dongjiang Road,Dengzhou Road,11215.54126,100028,100024,4,3,1,0,1
Dengzhou Road,Dongjiang Road,11215.54126,100024,100028,3,1,2,1,1
Minquan Gate,Hongqi South Road,11214.20422,100099,100057,237,61,176,121,55
Hongqi South Road,Minquan Gate,11214.20422,100057,100099,170,40,130,90,40
Yuejin North Road,Xiaobailou,11212.13547,100181,100154,18,9,9,5,4
Xiaobailou,Yuejin North Road,11212.13547,100154,100181,12,4,8,2,6
Guoshan Road,Yingkou Road,11211.16961,100047,100174,328,84,244,142,102
Yingkou Road,Guoshan Road,11211.16961,100174,100047,284,77,207,104,103
Youyi South Road,Jintang Road,11209.89666,100178,100077,5,1,4,0,4
Jintang Road,Youyi South Road,11209.89666,100077,100178,3,1,2,1,1
Jianchang Road,Xianyang Road,11209.66665,100063,100153,61,4,57,30,27
Xianyang Road,Jianchang Road,11209.66665,100153,100063,50,8,42,19,23
Liaohe North Road,Changhong Park,11209.33121,100084,100012,80,17,63,45,18
Changhong Park,Liaohe North Road,11209.33121,100012,100084,75,12,63,43,20
Shuanglin,Donggu Road,11208.57727,100119,100026,493,115,378,226,152
Donggu Road,Shuanglin,11208.57727,100026,100119,453,109,344,211,133
Yudongcheng,Jianshan Road,11208.39094,100180,100066,72,10,62,50,12
Jianshan Road,Yudongcheng,11208.39094,100066,100180,53,6,47,27,20
Southwest Tower,Longhan Road,11207.71448,100125,100092,6,0,6,4,2
Longhan Road,Southwest Tower,11207.71448,100092,100125,5,0,5,5,0
Yixingbu,Wujiayao,11206.7952,100175,100150,625,111,514,402,112
Wujiayao,Yixingbu,11206.7952,100150,100175,531,95,436,275,161
Lingbin Road,Shuanglin,11206.34636,100087,100119,48,18,30,13,17
Shuanglin,Lingbin Road,11206.34636,100119,100087,43,18,25,17,8
Xiangshan Road,Southwest corner,11205.68282,100151,100124,177,44,133,80,53
Southwest corner,Xiangshan Road,11205.68282,100124,100151,156,44,112,63,49
Yixingbu,Benxi Road,11205.42818,100175,100008,80,27,53,23,30
Benxi Road,Yixingbu,11205.42818,100008,100175,78,25,53,32,21
Huashan Li,Liuwei Road,11205.1573,100060,100090,21,3,18,10,8
Liuwei Road,Huashan Li,11205.1573,100090,100060,17,3,14,9,5
Heping Road,Zhanggui Zhuang,11204.76736,100053,100184,1120,414,706,324,382
Zhanggui Zhuang,Heping Road,11204.76736,100184,100053,908,312,596,362,234
Wanshan Road,Southwest corner,11204.14681,100146,100124,54,15,39,24,15
Southwest corner,Wanshan Road,11204.14681,100124,100146,48,15,33,13,20
Huaihe Road,Southeast Corner,11204.08411,100058,100123,217,74,143,106,37
Southeast Corner,Huaihe Road,11204.08411,100123,100058,208,57,151,85,66
Chunhai Road,Chenglin Road,11203.99668,100017,100014,64,12,52,38,14
Chenglin Road,Chunhai Road,11203.99668,100014,100017,61,13,48,37,11
Erwei Road,Laoshan Road,11203.36919,100036,100082,47,16,31,10,21
Laoshan Road,Erwei Road,11203.36919,100082,100036,41,10,31,21,10
Xinli,Junliangcheng,11202.20855,100161,100081,1366,328,1038,655,383
Junliangcheng,Xinli,11202.20855,100081,100161,1252,300,952,638,314
Xikang Road,Cao Zhuang,11201.81493,100158,100011,408,130,278,152,126
Cao Zhuang,Xikang Road,11201.81493,100011,100158,375,119,256,159,97
Xikang Road,Jiayuan Li,11200.28921,100158,100067,385,64,321,196,125
Jiayuan Li,Xikang Road,11200.28921,100067,100158,383,65,318,238,80
Gulou,Jinmao Industrial Area,11199.13608,100045,100074,19,2,17,10,7
Jinmao Industrial Area,Gulou,11199.13608,100074,100045,18,7,11,10,1
Nancuiping,Qinjian Road,11197.00674,100100,100113,93,24,69,42,27
Qinjian Road,Nancuiping,11197.00674,100113,100100,91,28,63,37,26
National Exhibition Centre,Liulin Road,11196.34861,100105,100089,3,1,2,2,0
Liulin Road,National Exhibition Centre,11196.34861,100089,100105,1,0,1,1,0
Huayuan,Jiefang South Road,11195.79402,100061,100068,497,55,442,304,138
Jiefang South Road,Huayuan,11195.79402,100068,100061,482,65,417,311,106
Tianjin Hotel,Shuanglin,11195.56006,100134,100119,120,23,97,72,25
Shuanglin,Tianjin Hotel,11195.56006,100119,100134,103,19,84,65,19
Wandong Road,Jiangwan Erzhi Road,11194.26362,100144,100065,35,6,29,27,2
Jiangwan Erzhi Road,Wandong Road,11194.26362,100065,100144,21,4,17,8,9
Minquan Gate,Water Park Road East,11193.98467,100099,100147,175,58,117,74,43
Water Park Road East,Minquan Gate,11193.98467,100147,100099,144,58,86,44,42
Longhan Road,Xiaobailou,11193.48316,100092,100154,36,12,24,19,5
Xiaobailou,Longhan Road,11193.48316,100154,100092,33,10,23,14,9
Zuojiang Road,Yuanyang International Centre,11192.1224,100192,100179,55,20,35,28,7
Yuanyang International Centre,Zuojiang Road,11192.1224,100179,100192,42,14,28,19,9
Yihao Bridge,Huashan Li,11191.5248,100172,100060,7,0,7,5,2
Huashan Li,Yihao Bridge,11191.5248,100060,100172,1,1,0,0,0
Xiangshan Road,Lilou,11190.22777,100151,100086,83,16,67,46,21
Lilou,Xiangshan Road,11190.22777,100086,100151,82,21,61,51,10
Cuifu New Village,The Financial University,11189.42565,100019,100132,92,33,59,35,24
The Financial University,Cuifu New Village,11189.42565,100132,100019,91,29,62,39,23
Yutai,Yingkou Road,11188.89898,100183,100174,238,74,164,112,52
Yingkou Road,Yutai,11188.89898,100174,100183,207,53,154,78,76
Fuxing Gate,Chinese Medicine First Affiliated Hospital,11188.63005,100041,100016,113,21,92,47,45
Chinese Medicine First Affiliated Hospital,Fuxing Gate,11188.63005,100016,100041,97,17,80,31,49
Tianshili,Xiawafang,11187.12646,100136,100157,120,21,99,65,34
Xiawafang,Tianshili,11187.12646,100157,100136,116,25,91,63,28
Fangshan Road,Southwest corner,11184.44199,100038,100124,76,21,55,41,14
Southwest corner,Fangshan Road,11184.44199,100124,100038,70,20,50,21,29
Huanyu Road,Yuanyang International Centre,11184.35609,100059,100179,6,1,5,1,4
Yuanyang International Centre,Huanyu Road,11184.35609,100179,100059,1,0,1,0,1
Meilin Road,Yizhongxin Hospital,11182.53459,100098,100177,237,43,194,132,62
Yizhongxin Hospital,Meilin Road,11182.53459,100177,100098,233,29,204,134,70
Tian Tower,Bianxing,11181.37053,100133,100009,214,63,151,76,75
Bianxing,Tian Tower,11181.37053,100009,100133,174,39,135,98,37
Foreign Languages High School,Wandong Road,11181.33495,100040,100144,14,3,11,9,2
Wandong Road,Foreign Languages High School,11181.33495,100144,100040,3,0,3,2,1
Binhai International Airport,Shunchi Bridge,11179.27689,100010,100120,491,164,327,96,231
Shunchi Bridge,Binhai International Airport,11179.27689,100120,100010,440,112,328,179,149
Tianjin Station,University town,11178.8397,100135,100143,5636,2378,3258,1225,2033
University town,Tianjin Station,11178.8397,100143,100135,5181,1631,3550,1681,1869
Dabi Zhuang,Jinwan Square,11175.50427,100021,100078,345,62,283,251,32
Jinwan Square,Dabi Zhuang,11175.50427,100078,100021,312,50,262,165,97
Jianshan Road,Jieyuan West Road,11175.11243,100066,100069,107,21,86,52,34
Jieyuan West Road,Jianshan Road,11175.11243,100069,100066,102,28,74,55,19
Shaliu South Road,Second hospital of the Medical University,11174.44243,100116,100115,14,2,12,9,3
Second hospital of the Medical University,Shaliu South Road,11174.44243,100115,100116,8,1,7,5,2
Bianxing,Xiawafang,11172.89177,100009,100157,233,37,196,149,47
Xiawafang,Bianxing,11172.89177,100157,100009,231,39,192,124,68
North Station,Huayuan,11172.64459,100108,100061,504,111,393,272,121
Huayuan,North Station,11172.64459,100061,100108,477,81,396,253,143
Lilou,Southwest Tower,11172.16294,100086,100125,177,21,156,124,32
Southwest Tower,Lilou,11172.16294,100125,100086,129,23,106,59,47
JinZhong River Street,Airport Economic Zone,11171.99316,100079,100001,325,47,278,223,55
Airport Economic Zone,JinZhong River Street,11171.99316,100001,100079,277,50,227,164,63
Zhicheng Road,Wujiayao,11171.94285,100187,100150,125,20,105,85,20
Wujiayao,Zhicheng Road,11171.94285,100150,100187,121,22,99,70,29
Yuejin North Road,Youyi South Road,11171.5922,100181,100178,58,16,42,35,7
Youyi South Road,Yuejin North Road,11171.5922,100178,100181,45,11,34,23,11
Zhicheng Road,Benxi Road,11171.52101,100187,100008,55,10,45,32,13
Benxi Road,Zhicheng Road,11171.52101,100008,100187,41,9,32,18,14
JinZhong Street,Xuzhou Road,11171.12681,100080,100167,310,44,266,215,51
Xuzhou Road,JinZhong Street,11171.12681,100167,100080,272,35,237,156,81
Dawang Zhuang,Yuejin North Road,11169.25585,100023,100181,51,7,44,21,23
Yuejin North Road,Dawang Zhuang,11169.25585,100181,100023,44,2,42,30,12
Cuifu New Village,Zuojiang Road,11169.23254,100019,100192,5,2,3,1,2
Zuojiang Road,Cuifu New Village,11169.23254,100192,100019,4,2,2,1,1
Xuelian South Road,Zhigu,11169.18704,100164,100188,5,0,5,5,0
Zhigu,Xuelian South Road,11169.18704,100188,100164,2,0,2,2,0
Ruijing XinYuan,Yingkou Road,11165.60315,100114,100174,4964,1820,3144,1728,1416
Yingkou Road,Ruijing XinYuan,11165.60315,100174,100114,4791,1671,3120,1505,1615
Zuojiang Road,Liuwei Road,11165.54126,100192,100090,5,3,2,2,0
Liuwei Road,Zuojiang Road,11165.54126,100090,100192,2,2,0,0,0
Professional University,Bei Zhulin,11165.25574,100112,100004,26,10,16,12,4
Bei Zhulin,Professional University,11165.25574,100004,100112,16,6,10,8,2
Xuzhuangzi,Xiaobailou,11164.92485,100168,100154,41,11,30,23,7
Xiaobailou,Xuzhuangzi,11164.92485,100154,100168,37,5,32,25,7
Hangshuang Road,Chunhai Road,11163.84955,100051,100017,10,0,10,8,2
Chunhai Road,Hangshuang Road,11163.84955,100017,100051,7,0,7,7,0
Guangkaisima Road,Yixingbu North,11163.66497,100044,100176,141,22,119,78,41
Yixingbu North,Guangkaisima Road,11163.66497,100176,100044,128,15,113,94,19
Professional University,Tianjin Station,11163.09689,100112,100135,934,302,632,357,275
Tianjin Station,Professional University,11163.09689,100135,100112,907,346,561,223,338
Chinese Medicine First Affiliated Hospital,Zhongshan Gate,11162.24022,100016,100189,304,75,229,101,128
Zhongshan Gate,Chinese Medicine First Affiliated Hospital,11162.24022,100189,100016,299,80,219,127,92
Jianchang Road,Jinmao Industrial Area,11159.74442,100063,100074,2,0,2,2,0
Jinmao Industrial Area,Jianchang Road,11159.74442,100074,100063,1,0,1,1,0
Fangshan Road,Beining Park,11157.73208,100038,100006,4,0,4,1,3
Guangkaisima Road,Meijiang Road,11157.65288,100044,100097,130,17,113,86,27
Meijiang Road,Guangkaisima Road,11157.65288,100097,100044,126,20,106,91,15
Changhong Park,Meijiang Park,11155.45321,100012,100096,140,30,110,55,55
Meijiang Park,Changhong Park,11155.45321,100096,100012,93,23,70,31,39
Liaohe North Road,Southwest corner,11154.52847,100084,100124,100,26,74,49,25
Southwest corner,Liaohe North Road,11154.52847,100124,100084,72,13,59,29,30
West Station,University town,11154.15317,100149,100143,2307,895,1412,445,967
University town,West Station,11154.15317,100143,100149,1892,631,1261,550,711
Ruijing XinYuan,Beining Park,11153.85041,100114,100006,194,51,143,70,73
Beining Park,Ruijing XinYuan,11153.85041,100006,100114,191,48,143,76,67
Liuwei Road,Sports Centre,11153.81533,100090,100126,36,12,24,16,8
Sports Centre,Liuwei Road,11153.81533,100126,100090,28,5,23,17,6
Dengzhou Road,Xinkai River,11153.0222,100024,100160,25,7,18,11,7
Xinkai River,Dengzhou Road,11153.0222,100160,100024,24,7,17,11,6
Yuejin North Road,JinZhong River Street,11152.63687,100181,100079,36,7,29,15,14
JinZhong River Street,Yuejin North Road,11152.63687,100079,100181,35,12,23,11,12
Tucheng,Beining Park,11151.6091,100140,100006,121,30,91,61,30
Beining Park,Tucheng,11151.6091,100006,100140,114,26,88,67,21
Sports Centre,Northwest Corner,11150.69794,100126,100109,185,45,140,78,62
Northwest Corner,Sports Centre,11150.69794,100109,100126,182,63,119,49,70
Xuzhuangzi,Southwest Tower,11150.47793,100168,100125,90,17,73,56,17
Southwest Tower,Xuzhuangzi,11150.47793,100125,100168,80,10,70,49,21
Huanyu Road,Cultural centre,11149.86205,100059,100020,7,5,2,2,0
Cultural centre,Huanyu Road,11149.86205,100020,100059,6,3,3,1,2
Tianshili,Yibin Road,11148.64182,100136,100171,88,12,76,60,16
Yibin Road,Tianshili,11148.64182,100171,100136,74,13,61,49,12
Yuejin North Road,Jin Street,11147.97088,100181,100070,639,134,505,404,101
Jin Street,Yuejin North Road,11147.97088,100070,100181,543,105,438,241,197
Jinmao Industrial Area,Xikang Road,11146.91232,100074,100158,11,0,11,8,3
Xikang Road,Jinmao Industrial Area,11146.91232,100158,100074,10,0,10,10,0
Fuxing Gate,Nancuiping,11145.49335,100041,100100,15,1,14,11,3
Nancuiping,Fuxing Gate,11145.49335,100100,100041,13,2,11,7,4
Tianshili,Erwei Road,11145.29546,100136,100036,47,10,37,24,13
Erwei Road,Tianshili,11145.29546,100036,100136,43,10,33,19,14
Jingjiang Road,Professional University,11145.16815,100072,100112,227,60,167,88,79
Professional University,Jingjiang Road,11145.16815,100112,100072,200,48,152,97,55
Jiefang South Road,Anshan West Road,11143.38053,100068,100003,793,165,628,394,234
Anshan West Road,Jiefang South Road,11143.38053,100003,100068,782,164,618,374,244
Zhicheng Road,Guoshan Road,11142.29267,100187,100047,25,9,16,11,5
Guoshan Road,Zhicheng Road,11142.29267,100047,100187,22,8,14,10,4
Zhangxing Zhuang,Tian Tower,11142.14331,100185,100133,267,73,194,108,86
Tian Tower,Zhangxing Zhuang,11142.14331,100133,100185,260,69,191,87,104
Xuzhuangzi,Anshan Road,11141.55981,100168,100002,134,25,109,53,56
Anshan Road,Xuzhuangzi,11141.55981,100002,100168,126,13,113,43,70
Chentang Zhuang,Zhanggui Zhuang,11140.99377,100015,100184,93,18,75,55,20
Zhanggui Zhuang,Chentang Zhuang,11140.99377,100184,100015,91,15,76,48,28
Xinli,Dawang Zhuang,11140.69756,100161,100023,663,127,536,399,137
Dawang Zhuang,Xinli,11140.69756,100023,100161,660,132,528,288,240
Chinese Medicine First Affiliated Hospital,Haihe East Road,11139.75912,100016,100049,11,2,9,5,4
Haihe East Road,Chinese Medicine First Affiliated Hospital,11139.75912,100049,100016,8,1,7,7,0
Tianshili,Liuwei Road,11137.63704,100136,100090,6,2,4,3,1
Liuwei Road,Tianshili,11137.63704,100090,100136,5,0,5,1,4
Youyi South Road,Xunhai Road,11135.9659,100178,100166,43,9,34,26,8
Xunhai Road,Youyi South Road,11135.9659,100166,100178,39,9,30,22,8
Shunchi Bridge,Xuelian South Road,11135.09043,100120,100164,14,3,11,8,3
Xuelian South Road,Shunchi Bridge,11135.09043,100164,100120,7,1,6,6,0
Siyuan Road,Guangkaisima Road,11134.19577,100121,100044,37,8,29,22,7
Guangkaisima Road,Siyuan Road,11134.19577,100044,100121,33,4,29,17,12
Longhan Road,JinZhong River Street,11133.98456,100092,100079,5,1,4,4,0
JinZhong River Street,Longhan Road,11133.98456,100079,100092,3,0,3,3,0
Yihao Bridge,Southwest corner,11132.55374,100172,100124,269,63,206,130,76
Southwest corner,Yihao Bridge,11132.55374,100124,100172,202,42,160,87,73
Zhongshan Gate,Meijiang Exhibition Centre,11132.06456,100189,100095,129,45,84,46,38
Meijiang Exhibition Centre,Zhongshan Gate,11132.06456,100095,100189,113,46,67,39,28
Xingfu Park,Zuojiang Road,11128.65515,100159,100192,139,20,119,81,38
Zuojiang Road,Xingfu Park,11128.65515,100192,100159,124,23,101,60,41
Leyuan Road,Qinjian Road,11127.22455,100083,100113,89,39,50,16,34
Qinjian Road,Leyuan Road,11127.22455,100113,100083,65,22,43,24,19
Yingkou Road,Meilin Road,11127.15297,100174,100098,335,80,255,129,126
Meilin Road,Yingkou Road,11127.15297,100098,100174,323,62,261,183,78
Xiangshan Road,Xikang Road,11126.68078,100151,100158,91,23,68,44,24
Xikang Road,Xiangshan Road,11126.68078,100158,100151,90,25,65,47,18
Tiantuo,Chentang Zhuang,11120.13563,100138,100015,99,19,80,63,17
Chentang Zhuang,Tiantuo,11120.13563,100015,100138,86,11,75,52,23
Yaohuan Road,Jinmao Industrial Area,11118.75837,100170,100074,30,6,24,21,3
Jinmao Industrial Area,Yaohuan Road,11118.75837,100074,100170,28,7,21,13,8
Meijiang Road,Bei Zhulin,11118.7004,100097,100004,43,10,33,29,4
Bei Zhulin,Meijiang Road,11118.7004,100004,100097,32,5,27,23,4
North Station,Cao Zhuang,11118.52955,100108,100011,498,288,210,84,126
Cao Zhuang,North Station,11118.52955,100011,100108,404,74,330,172,158
Gaozhuangzi,Xuelian South Road,11117.88756,100043,100164,3,0,3,1,2
Xuelian South Road,Gaozhuangzi,11117.88756,100164,100043,2,1,1,1,0
Sports Centre,Jianguo Road,11117.7884,100126,100064,58,14,44,25,19
Jianguo Road,Sports Centre,11117.7884,100064,100126,58,14,44,23,21
Southwest Tower,High-Tech Zone,11117.66599,100125,100054,82,7,75,54,21
High-Tech Zone,Southwest Tower,11117.66599,100054,100125,80,7,73,61,12
Heping Road,Lijiang Road,11117.51887,100053,100085,73,28,45,30,15
Lijiang Road,Heping Road,11117.51887,100085,100053,58,12,46,34,12
Jingjiang Road,The Financial University,11116.61265,100072,100132,192,61,131,81,50
The Financial University,Jingjiang Road,11116.61265,100132,100072,163,36,127,80,47
Nancuiping,Shunchi Bridge,11116.43435,100100,100120,48,14,34,22,12
Shunchi Bridge,Nancuiping,11116.43435,100120,100100,36,11,25,14,11
Zuojiang Road,Southwest corner,11113.97093,100192,100124,118,19,99,69,30
Southwest corner,Zuojiang Road,11113.97093,100124,100192,100,19,81,59,22
Yaohuan Road,Zhongshan Gate,11113.8714,100170,100189,20,4,16,6,10
Zhongshan Gate,Yaohuan Road,11113.8714,100189,100170,17,5,12,8,4
Xianyang Road,Dongxing Road,11113.05679,100153,100035,366,60,306,253,53
Dongxing Road,Xianyang Road,11113.05679,100035,100153,365,55,310,232,78
Gulou,Number Two Bridge,11112.77992,100045,100110,387,127,260,132,128
Number Two Bridge,Gulou,11112.77992,100110,100045,342,107,235,155,80
Tian Tower,Huashan Li,11111.26414,100133,100060,397,110,287,146,141
Huashan Li,Tian Tower,11111.26414,100060,100133,376,99,277,192,85
Xiangshan Road,North Station,11110.87479,100151,100108,47,10,37,19,18
North Station,Xiangshan Road,11110.87479,100108,100151,42,21,21,17,4
Lijiang Road,Xikang Road,11110.67836,100085,100158,14,3,11,7,4
Xikang Road,Lijiang Road,11110.67836,100158,100085,14,3,11,7,4
Shunchi Bridge,Huayuan,11109.0525,100120,100061,575,42,533,454,79
Huayuan,Shunchi Bridge,11109.0525,100061,100120,519,46,473,358,115
Magangchang,Dengzhou Road,11108.5635,100094,100024,28,3,25,20,5
Dengzhou Road,Magangchang,11108.5635,100024,100094,23,3,20,13,7
Liulin Road,Xuzhou Road,11107.50022,100089,100167,36,15,21,12,9
Xuzhou Road,Liulin Road,11107.50022,100167,100089,32,15,17,11,6
Yingfeng Road,Jingjiang Road,11106.89483,100173,100072,208,37,171,120,51
Jingjiang Road,Yingfeng Road,11106.89483,100072,100173,190,33,157,108,49
Tianshili,Wandong Road,11103.44728,100136,100144,10,2,8,6,2
Wandong Road,Tianshili,11103.44728,100144,100136,6,1,5,3,2
Xuzhuangzi,Xikang Road,11102.4074,100168,100158,106,19,87,72,15
Xikang Road,Xuzhuangzi,11102.4074,100158,100168,91,20,71,45,26
Water Park Road East,Yihao Bridge,11099.78807,100147,100172,42,6,36,21,15
Yihao Bridge,Water Park Road East,11099.78807,100172,100147,38,9,29,22,7
Gaozhuangzi,Longhan Road,11099.66799,100043,100092,108,26,82,48,34
Longhan Road,Gaozhuangzi,11099.66799,100092,100043,89,25,64,40,24
Xianyang Road,High-Tech Zone,11097.02402,100153,100054,278,18,260,225,35
High-Tech Zone,Xianyang Road,11097.02402,100054,100153,263,31,232,190,42
Minquan Gate,Meijiang Road,11096.95926,100099,100097,68,7,61,49,12
Meijiang Road,Minquan Gate,11096.95926,100097,100099,65,14,51,35,16
Southwest Tower,Jieyuan West Road,11095.42401,100125,100069,101,27,74,42,32
Jieyuan West Road,Southwest Tower,11095.42401,100069,100125,88,17,71,44,27
Liulin Road,Anshan Road,11093.96193,100089,100002,439,86,353,253,100
Anshan Road,Liulin Road,11093.96193,100002,100089,435,85,350,235,115
Yihao Bridge,Zuojiang Road,11092.92945,100172,100192,8,5,3,3,0
Zuojiang Road,Yihao Bridge,11092.92945,100192,100172,5,4,1,0,1
Nancuiping,Beining Park,11092.51889,100100,100006,120,29,91,53,38
Beining Park,Nancuiping,11092.51889,100006,100100,100,22,78,50,28
Yixingbu North,Yibin Road,11092.45245,100176,100171,108,26,82,61,21
Yibin Road,Yixingbu North,11092.45245,100171,100176,101,25,76,49,27
Longhan Road,Jin Street,11092.40033,100092,100070,101,20,81,65,16
Jin Street,Longhan Road,11092.40033,100070,100092,97,10,87,61,26
Xuefu Industrial Area,Sports Centre,11091.98641,100163,100126,10,2,8,6,2
Sports Centre,Xuefu Industrial Area,11091.98641,100126,100163,8,1,7,5,2
Xunhai Road,Yuejin North Road,11090.70045,100166,100181,17,1,16,12,4
Yuejin North Road,Xunhai Road,11090.70045,100181,100166,12,1,11,9,2
Jingjiang Road,Qinjian Road,11090.51617,100072,100113,271,39,232,192,40
Qinjian Road,Jingjiang Road,11090.51617,100113,100072,266,47,219,149,70
Bianxing,Cultural centre,11089.65571,100009,100020,255,60,195,150,45
Cultural centre,Bianxing,11089.65571,100020,100009,233,50,183,121,62
Erwei Road,Yixingbu North,11089.10609,100036,100176,88,23,65,37,28
Yixingbu North,Erwei Road,11089.10609,100176,100036,74,18,56,35,21
Liulin Road,Sports Centre,11087.91921,100089,100126,105,39,66,29,37
Sports Centre,Liulin Road,11087.91921,100126,100089,87,33,54,25,29
Zuojiang Road,Wandong Road,11086.35449,100192,100144,13,5,8,4,4
Wandong Road,Zuojiang Road,11086.35449,100144,100192,10,4,6,3,3
Tiedong Road,Tianjin Hotel,11086.18824,100139,100134,71,27,44,31,13
Tianjin Hotel,Tiedong Road,11086.18824,100134,100139,56,19,37,22,15
Sports Centre,Gulou,11084.32911,100126,100045,96,50,46,25,21
Gulou,Sports Centre,11084.32911,100045,100126,96,38,58,27,31
Beiyangyuan Campus of Tianjin University,Meijiang Road,11084.31006,100007,100097,51,20,31,25,6
Meijiang Road,Beiyangyuan Campus of Tianjin University,11084.31006,100097,100007,32,11,21,9,12
Jianguo Road,Huashan Li,11082.42529,100064,100060,119,35,84,42,42
Huashan Li,Jianguo Road,11082.42529,100060,100064,98,21,77,54,23
Jieyuan West Road,Tianjin Hotel,11081.31216,100069,100134,216,60,156,125,31
Tianjin Hotel,Jieyuan West Road,11081.31216,100134,100069,210,62,148,101,47
Zhongshan Road,Nansun Zhuang,11080.47607,100190,100103,5,1,4,1,3
Nansun Zhuang,Zhongshan Road,11080.47607,100103,100190,4,1,3,1,2
Huashan Li,Southwest corner,11078.86434,100060,100124,966,250,716,454,262
Southwest corner,Huashan Li,11078.86434,100124,100060,902,261,641,353,288
Anshan West Road,Yixingbu,11078.86315,100003,100175,259,40,219,136,83
Yixingbu,Anshan West Road,11078.86315,100175,100003,236,35,201,139,62
Xuzhuangzi,Fengchan River,11078.41342,100168,100039,7,0,7,6,1
Fengchan River,Xuzhuangzi,11078.41342,100039,100168,6,2,4,4,0
North Station,Sports Centre,11078.27036,100108,100126,18,11,7,6,1
Sports Centre,North Station,11078.27036,100126,100108,11,1,10,3,7
Lilou,Dengzhou South Road,11075.70892,100086,100025,28,5,23,14,9
Dengzhou South Road,Lilou,11075.70892,100025,100086,22,3,19,14,5
Wandong Road,Sports Centre,11074.62856,100144,100126,102,18,84,60,24
Sports Centre,Wandong Road,11074.62856,100126,100144,99,19,80,51,29
Wanshan Road,Haiguang Temple,11073.70478,100146,100048,41,7,34,28,6
Haiguang Temple,Wanshan Road,11073.70478,100048,100146,35,4,31,17,14
Xuzhuangzi,Qinjian Road,11071.15108,100168,100113,98,7,91,81,10
Qinjian Road,Xuzhuangzi,11071.15108,100113,100168,71,4,67,41,26
Tiantuo,Dongting Road,11070.19994,100138,100034,33,4,29,17,12
Dongting Road,Tiantuo,11070.19994,100034,100138,26,2,24,20,4
Dawang Zhuang,Liulin Road,11070.10651,100023,100089,34,10,24,11,13
Liulin Road,Dawang Zhuang,11070.10651,100089,100023,28,10,18,4,14
Water Park Road East,Liuwei Road,11069.65081,100147,100090,11,2,9,4,5
Liuwei Road,Water Park Road East,11069.65081,100090,100147,5,3,2,0,2
Liuwei Road,Yixingbu North,11069.45314,100090,100176,75,24,51,22,29
Yixingbu North,Liuwei Road,11069.45314,100176,100090,67,20,47,24,23
South Station,Anshan West Road,11069.18663,100122,100003,1387,297,1090,772,318
Anshan West Road,South Station,11069.18663,100003,100122,1130,235,895,569,326
Lijiang Road,Dongjiang Road,11068.19994,100085,100028,2,2,0,0,0
Dongjiang Road,Lijiang Road,11068.19994,100028,100085,1,0,1,0,1
Hongqi South Road,Chunhai Road,11067.34272,100057,100017,40,2,38,30,8
Chunhai Road,Hongqi South Road,11067.34272,100017,100057,36,4,32,24,8
JinZhong River Street,Yizhongxin Hospital,11066.66757,100079,100177,342,91,251,183,68
Yizhongxin Hospital,JinZhong River Street,11066.66757,100177,100079,263,53,210,129,81
Zhongshan Road,Shaliu South Road,11066.3933,100190,100116,38,10,28,17,11
Shaliu South Road,Zhongshan Road,11066.3933,100116,100190,38,11,27,15,12
Yibin Road,Dongxing Road,11066.14715,100171,100035,72,19,53,47,6
Dongxing Road,Yibin Road,11066.14715,100035,100171,66,16,50,42,8
Tucheng,Dengzhou Road,11065.86303,100140,100024,261,36,225,173,52
Dengzhou Road,Tucheng,11065.86303,100024,100140,225,35,190,135,55
Bianxing,Liuwei Road,11065.45109,100009,100090,40,12,28,18,10
Liuwei Road,Bianxing,11065.45109,100090,100009,33,5,28,21,7
Leyuan Road,Weishan Road,11065.13955,100083,100148,12,7,5,2,3
Weishan Road,Leyuan Road,11065.13955,100148,100083,1,0,1,1,0
Siyuan Road,Yibin Road,11062.98325,100121,100171,47,11,36,32,4
Yibin Road,Siyuan Road,11062.98325,100171,100121,30,6,24,14,10
Yingkou Road,Yuejin North Road,11062.05307,100174,100181,312,90,222,119,103
Yuejin North Road,Yingkou Road,11062.05307,100181,100174,298,82,216,160,56
University town,Meijiang Road,11060.27072,100143,100097,183,40,143,99,44
Meijiang Road,University town,11060.27072,100097,100143,161,37,124,83,41
Erwei Road,Siyuan Road,11059.63689,100036,100121,22,3,19,13,6
Siyuan Road,Erwei Road,11059.63689,100121,100036,18,4,14,9,5
North China Group,JinZhong Street,11059.10497,100107,100080,158,44,114,67,47
JinZhong Street,North China Group,11059.10497,100080,100107,130,37,93,68,25
Lilou,Zhigu,11058.23561,100086,100188,175,28,147,109,38
Zhigu,Lilou,11058.23561,100188,100086,170,28,142,87,55
Tiantai Road,Sports Centre,11057.25027,100137,100126,46,19,27,15,12
Sports Centre,Tiantai Road,11057.25027,100126,100137,36,13,23,13,10
Xiangshan Road,Lijiang Road,11055.58258,100151,100085,206,44,162,103,59
Lijiang Road,Xiangshan Road,11055.58258,100085,100151,191,41,150,97,53
Liqi Zhuang South,Dongxing Road,11055.09372,100088,100035,11,1,10,6,4
Dongxing Road,Liqi Zhuang South,11055.09372,100035,100088,9,4,5,1,4
Fangshan Road,Haiguang Temple,11053.99995,100038,100048,109,28,81,65,16
Haiguang Temple,Fangshan Road,11053.99995,100048,100038,90,18,72,42,30
Leyuan Road,Shuanglin,11052.57115,100083,100119,42,16,26,13,13
Shuanglin,Leyuan Road,11052.57115,100119,100083,17,11,6,4,2
Jingli Road,Cultural centre,11051.13875,100073,100020,475,85,390,297,93
Cultural centre,Jingli Road,11051.13875,100020,100073,413,66,347,233,114
Lilou,Xiaobailou,11050.61702,100086,100154,2549,471,2078,1631,447
Xiaobailou,Lilou,11050.61702,100154,100086,2135,401,1734,1082,652
Yangwu Zhuang,Yibin Road,11050.4839,100169,100171,168,33,135,110,25
Yibin Road,Yangwu Zhuang,11050.4839,100171,100169,143,33,110,83,27
Yutai,Shiyijing Road,11050.4521,100183,100117,46,10,36,31,5
Shiyijing Road,Yutai,11050.4521,100117,100183,41,5,36,11,25
Zhongshan Gate,Dengzhou Road,11050.05544,100189,100024,129,24,105,80,25
Dengzhou Road,Zhongshan Gate,11050.05544,100024,100189,112,23,89,60,29
Tiedong Road,Bianxing,11048.64972,100139,100009,84,13,71,42,29
Bianxing,Tiedong Road,11048.64972,100009,100139,77,15,62,53,9
Tianjin Station,Meijiang Park,11047.81613,100135,100096,163,42,121,66,55
Meijiang Park,Tianjin Station,11047.81613,100096,100135,107,37,70,40,30
Lingbin Road,Erwei Road,11047.58519,100087,100036,143,32,111,83,28
Erwei Road,Lingbin Road,11047.58519,100036,100087,137,24,113,77,36
Zhicheng Road,Wanshan Road,11045.33669,100187,100146,14,2,12,3,9
Wanshan Road,Zhicheng Road,11045.33669,100146,100187,9,2,7,6,1
Second hospital of the Medical University,Tiedong Road,11044.98372,100115,100139,38,14,24,18,6
Tiedong Road,Second hospital of the Medical University,11044.98372,100139,100115,33,8,25,10,15
Anshan West Road,Zhicheng Road,11044.95598,100003,100187,114,25,89,59,30
Zhicheng Road,Anshan West Road,11044.95598,100187,100003,91,20,71,52,19
South Station,Water Park Road East,11043.84951,100122,100147,940,292,648,430,218
Water Park Road East,South Station,11043.84951,100147,100122,765,239,526,314,212
Wandong Road,Tiedong Road,11042.63383,100144,100139,27,7,20,16,4
Tiedong Road,Wandong Road,11042.63383,100139,100144,18,2,16,6,10
Southwest Tower,Jinghe Road,11041.96656,100125,100071,52,6,46,33,13
Jinghe Road,Southwest Tower,11041.96656,100071,100125,42,7,35,25,10
Fuxing Gate,Number Two Bridge,11039.84611,100041,100110,5,1,4,3,1
Number Two Bridge,Fuxing Gate,11039.84611,100110,100041,4,3,1,0,1
Zhicheng Road,Tucheng,11039.7675,100187,100140,212,42,170,115,55
Tucheng,Zhicheng Road,11039.7675,100140,100187,192,30,162,102,60
Jiayuan Li,Minquan Gate,11039.21368,100067,100099,122,38,84,57,27
Minquan Gate,Jiayuan Li,11039.21368,100099,100067,121,41,80,49,31
Jinmao Industrial Area,Minquan Gate,11039.15564,100074,100099,7,0,7,1,6
Minquan Gate,Jinmao Industrial Area,11039.15564,100099,100074,1,0,1,1,0
Beichen Road,Jinshi Bridge,11038.11835,100005,100076,271,44,227,166,61
Jinshi Bridge,Beichen Road,11038.11835,100076,100005,251,39,212,123,89
JinZhong Street,Southeast Corner,11036.93217,100080,100123,241,91,150,86,64
Southeast Corner,JinZhong Street,11036.93217,100123,100080,225,89,136,57,79
Jinshi Bridge,Meijiang Road,11036.1001,100076,100097,136,13,123,92,31
Meijiang Road,Jinshi Bridge,11036.1001,100097,100076,133,14,119,82,37
Huanyu Road,Heping Road,11036.07014,100059,100053,33,8,25,22,3
Heping Road,Huanyu Road,11036.07014,100053,100059,30,4,26,10,16
Yuanyang International Centre,North China Group,11035.61352,100179,100107,371,118,253,145,108
North China Group,Yuanyang International Centre,11035.61352,100107,100179,315,100,215,142,73
Qinjian Road,Cultural centre,11035.13387,100113,100020,388,94,294,215,79
Cultural centre,Qinjian Road,11035.13387,100020,100113,322,95,227,155,72
Changling Road,Tianjin Station,11034.87495,100013,100135,862,190,672,354,318
Tianjin Station,Changling Road,11034.87495,100135,100013,851,212,639,288,351
Xuzhou Road,Benxi Road,11034.5744,100167,100008,15,2,13,11,2
Benxi Road,Xuzhou Road,11034.5744,100008,100167,6,0,6,5,1
Gulou,Meijiang Road,11032.86139,100045,100097,187,58,129,87,42
Meijiang Road,Gulou,11032.86139,100097,100045,173,39,134,92,42
Shunchi Bridge,North China Group,11032.61795,100120,100107,112,17,95,71,24
North China Group,Shunchi Bridge,11032.61795,100107,100120,108,31,77,48,29
Heping Road,High-Tech Zone,11031.61412,100053,100054,2734,1095,1639,684,955
High-Tech Zone,Heping Road,11031.61412,100054,100053,2032,715,1317,821,496
Tiantuo,Nanzhu Bridge,11028.23692,100138,100104,4,0,4,3,1
Nanzhu Bridge,Tiantuo,11028.23692,100104,100138,2,0,2,1,1
Xuzhou Road,Sports Centre,11028.04823,100167,100126,13,3,10,5,5
Sports Centre,Xuzhou Road,11028.04823,100126,100167,9,0,9,5,4
Tianjin Hotel,Jinghe Road,11027.8547,100134,100071,125,15,110,70,40
Jinghe Road,Tianjin Hotel,11027.8547,100071,100134,105,11,94,62,32
Jingjiang Road,Nancuiping,11025.42971,100072,100100,159,23,136,93,43
Nancuiping,Jingjiang Road,11025.42971,100100,100072,148,33,115,79,36
Liulin Road,Guoshan Road,11025.05373,100089,100047,23,11,12,6,6
Guoshan Road,Liulin Road,11025.05373,100047,100089,4,1,3,0,3
Jin Street,Lingbin Road,11024.54192,100070,100087,85,17,68,33,35
Lingbin Road,Jin Street,11024.54192,100087,100070,80,20,60,53,7
Changling Road,Taichang Road,11023.20377,100013,100128,329,72,257,148,109
Taichang Road,Changling Road,11023.20377,100128,100013,311,89,222,124,98
Sports Centre,Huashan Li,11023.02072,100126,100060,82,17,65,28,37
Huashan Li,Sports Centre,11023.02072,100060,100126,76,26,50,35,15
Guoshan Road,Jin Street,11022.85571,100047,100070,81,21,60,51,9
Jin Street,Guoshan Road,11022.85571,100070,100047,76,16,60,39,21
Fuxing Gate,Guangkaisima Road,11018.76615,100041,100044,188,32,156,120,36
Guangkaisima Road,Fuxing Gate,11018.76615,100044,100041,133,31,102,74,28
Shiyijing Road,Meilin Road,11017.70257,100117,100098,76,5,71,55,16
Meilin Road,Shiyijing Road,11017.70257,100098,100117,70,8,62,50,12
North Station,Yihao Bridge,11017.28661,100108,100172,158,90,68,42,26
Yihao Bridge,North Station,11017.28661,100172,100108,149,19,130,28,102
Heping Road,Chinese Medicine First Affiliated Hospital,11016.59303,100053,100016,427,143,284,109,175
Chinese Medicine First Affiliated Hospital,Heping Road,11016.59303,100016,100053,386,111,275,154,121
Honghu Li,Jintang Road,11016.30488,100055,100077,185,49,136,90,46
Jintang Road,Honghu Li,11016.30488,100077,100055,156,44,112,62,50
West Station,Meijiang Road,11015.85728,100149,100097,713,222,491,150,341
Meijiang Road,West Station,11015.85728,100097,100149,617,165,452,275,177
Huashan Li,Lingbin Road,11011.74665,100060,100087,34,13,21,14,7
Lingbin Road,Huashan Li,11011.74665,100087,100060,24,9,15,6,9
Meijiang Park,Taichang Road,11011.47296,100096,100128,30,14,16,10,6
Taichang Road,Meijiang Park,11011.47296,100128,100096,24,9,15,5,10
Chinese Medicine First Affiliated Hospital,Xikang Road,11009.94875,100016,100158,153,26,127,83,44
Xikang Road,Chinese Medicine First Affiliated Hospital,11009.94875,100158,100016,147,32,115,64,51
Zhangxing Zhuang,Tiantuo,11008.56174,100185,100138,85,13,72,67,5
Tiantuo,Zhangxing Zhuang,11008.56174,100138,100185,71,6,65,47,18
Leyuan Road,Siyuan Road,11006.27955,100083,100121,12,4,8,3,5
Siyuan Road,Leyuan Road,11006.27955,100121,100083,9,3,6,5,1
Chenglin Road,Jieyuan West Road,11005.81044,100014,100069,137,30,107,62,45
Jieyuan West Road,Chenglin Road,11005.81044,100069,100014,124,31,93,63,30
Longhan Road,Yingkou Road,11004.2798,100092,100174,83,24,59,33,26
Yingkou Road,Longhan Road,11004.2798,100174,100092,38,6,32,17,15
Xiawafang,Shuanggang,11004.14717,100157,100118,198,61,137,88,49
Shuanggang,Xiawafang,11004.14717,100118,100157,144,48,96,67,29
Dengzhou South Road,Cultural centre,11003.85612,100025,100020,199,47,152,100,52
Cultural centre,Dengzhou South Road,11003.85612,100020,100025,177,48,129,67,62
Wandong Road,Yixingbu North,11002.09489,100144,100176,74,19,55,33,22
Yixingbu North,Wandong Road,11002.09489,100176,100144,73,22,51,35,16
Wangdingdi,Jingjiang Road,11001.05501,100145,100072,108,28,80,56,24
Jingjiang Road,Wangdingdi,11001.05501,100072,100145,93,14,79,62,17
Jiayuan Li,Jinwan Square,11000.41379,100067,100078,415,66,349,265,84
Jinwan Square,Jiayuan Li,11000.41379,100078,100067,401,93,308,203,105
Yuejin North Road,Nanlou,11000.32092,100181,100102,81,11,70,63,7
Nanlou,Yuejin North Road,11000.32092,100102,100181,66,9,57,41,16
Shunchi Bridge,Huashan Li,10998.39127,100120,100060,41,10,31,18,13
Huashan Li,Shunchi Bridge,10998.39127,100060,100120,39,11,28,21,7
Tianjin Station,Airport Economic Zone,10994.41882,100135,100001,8193,2516,5677,2286,3391
Airport Economic Zone,Tianjin Station,10994.41882,100001,100135,7398,2328,5070,2497,2573
Dengzhou Road,Xikang Road,10992.50246,100024,100158,517,98,419,333,86
Xikang Road,Dengzhou Road,10992.50246,100158,100024,449,80,369,262,107
Anshan Road,Jinmao Industrial Area,10992.14009,100002,100074,29,4,25,15,10
Jinmao Industrial Area,Anshan Road,10992.14009,100074,100002,27,2,25,22,3
Wandong Road,Water Park Road East,10990.46404,100144,100147,52,13,39,25,14
Water Park Road East,Wandong Road,10990.46404,100147,100144,39,11,28,15,13
Xianyang Road,Liuyuan,10989.24585,100153,100091,407,79,328,213,115
Liuyuan,Xianyang Road,10989.24585,100091,100153,337,75,262,164,98
Yuanyang International Centre,Nanhe Zhuang,10988.18345,100179,100101,87,31,56,26,30
Nanhe Zhuang,Yuanyang International Centre,10988.18345,100101,100179,64,24,40,24,16
Dengzhou South Road,Gulou,10986.6993,100025,100045,261,87,174,103,71
Gulou,Dengzhou South Road,10986.6993,100045,100025,239,87,152,69,83
Nanzhu Bridge,Dongli Yijing Road,10986.44891,100104,100033,56,8,48,34,14
Dongli Yijing Road,Nanzhu Bridge,10986.44891,100033,100104,42,4,38,20,18
Zuojiang Road,Jianguo Road,10983.82993,100192,100064,62,14,48,31,17
Jianguo Road,Zuojiang Road,10983.82993,100064,100192,54,16,38,23,15
Zhanggui Zhuang,Tianjin Hotel,10983.65391,100184,100134,237,54,183,130,53
Tianjin Hotel,Zhanggui Zhuang,10983.65391,100134,100184,207,35,172,110,62
Laoshan Road,JinZhong Street,10983.51224,100082,100080,41,9,32,10,22
JinZhong Street,Laoshan Road,10983.51224,100080,100082,36,11,25,21,4
Nanlou,Jieyuan West Road,10980.62094,100102,100069,287,43,244,149,95
Jieyuan West Road,Nanlou,10980.62094,100069,100102,279,55,224,175,49
Northwest Corner,JinZhong Street,10980.16716,100109,100080,426,97,329,159,170
JinZhong Street,Northwest Corner,10980.16716,100080,100109,417,111,306,196,110
Dongli Culture and Sports Centre,Jiangwan Erzhi Road,10978.94175,100029,100065,19,5,14,6,8
Jiangwan Erzhi Road,Dongli Culture and Sports Centre,10978.94175,100065,100029,15,8,7,3,4
Tianjin Station,Yuejin North Road,10976.96482,100135,100181,217,70,147,72,75
Yuejin North Road,Tianjin Station,10976.96482,100181,100135,183,50,133,78,55
Number Two Bridge,Tumour Hospital,10976.71112,100110,100141,256,38,218,175,43
Tumour Hospital,Number Two Bridge,10976.71112,100141,100110,249,33,216,117,99
Xiaodong Zhuang,Yihao Bridge,10975.69994,100156,100172,892,181,711,545,166
Yihao Bridge,Xiaodong Zhuang,10975.69994,100172,100156,871,170,701,384,317
Taichang Road,Tiantai Road,10972.11544,100128,100137,225,67,158,80,78
Tiantai Road,Taichang Road,10972.11544,100137,100128,188,63,125,81,44
Anshan Road,Xiangshan Road,10971.90856,100002,100151,101,29,72,30,42
Xiangshan Road,Anshan Road,10971.90856,100151,100002,82,26,56,32,24
Yudongcheng,Dabi Zhuang,10971.74002,100180,100021,125,22,103,58,45
Dabi Zhuang,Yudongcheng,10971.74002,100021,100180,110,26,84,63,21
Zhicheng Road,Cultural centre,10971.35947,100187,100020,377,123,254,147,107
Cultural centre,Zhicheng Road,10971.35947,100020,100187,370,127,243,134,109
Bianxing,Shiyijing Road,10971.2411,100009,100117,233,25,208,173,35
Shiyijing Road,Bianxing,10971.2411,100117,100009,186,21,165,118,47
Tianjin Hotel,Honghu Li,10964.84689,100134,100055,319,95,224,142,82
Honghu Li,Tianjin Hotel,10964.84689,100055,100134,296,84,212,167,45
Sports Centre,Jieyuan West Road,10963.08748,100126,100069,54,11,43,25,18
Jieyuan West Road,Sports Centre,10963.08748,100069,100126,24,8,16,12,4
Yuanyang International Centre,Water Park Road East,10961.37142,100179,100147,150,64,86,49,37
Water Park Road East,Yuanyang International Centre,10961.37142,100147,100179,141,56,85,47,38
Sports Centre,Cuifu New Village,10960.58825,100126,100019,131,27,104,65,39
Cuifu New Village,Sports Centre,10960.58825,100019,100126,120,24,96,78,18
Nanlou,Qinjian Road,10959.56433,100102,100113,837,165,672,483,189
Qinjian Road,Nanlou,10959.56433,100113,100102,786,148,638,467,171
Tucheng,Xiangshan Road,10958.46305,100140,100151,99,30,69,44,25
Xiangshan Road,Tucheng,10958.46305,100151,100140,83,13,70,37,33
Longhan Road,Tianjin Station,10958.3125,100092,100135,14,8,6,6,0
Tianjin Station,Longhan Road,10958.3125,100135,100092,13,2,11,9,2
North Station,Meijiang Road,10958.12066,100108,100097,150,38,112,70,42
Meijiang Road,North Station,10958.12066,100097,100108,139,17,122,74,48
Yudongcheng,Chentang Zhuang,10957.9307,100180,100015,227,35,192,138,54
Chentang Zhuang,Yudongcheng,10957.9307,100015,100180,162,28,134,94,40
Yutai,Liulin Road,10957.77685,100183,100089,126,17,109,68,41
Liulin Road,Yutai,10957.77685,100089,100183,116,14,102,52,50
Dongli Sanjing Road,Wanshan Road,10957.71399,100032,100146,15,1,14,5,9
Wanshan Road,Dongli Sanjing Road,10957.71399,100146,100032,14,1,13,3,10
Tian Tower,Liqi Zhuang South,10954.50494,100133,100088,14,1,13,6,7
Liqi Zhuang South,Tian Tower,10954.50494,100088,100133,11,4,7,3,4
Jiangwan Erzhi Road,Yingkou Road,10954.50479,100065,100174,281,80,201,143,58
Yingkou Road,Jiangwan Erzhi Road,10954.50479,100174,100065,212,45,167,102,65
Yixingbu,Dongxing Road,10953.79906,100175,100035,137,20,117,94,23
Dongxing Road,Yixingbu,10953.79906,100035,100175,123,21,102,72,30
Xuzhuangzi,Nanlou,10953.11029,100168,100102,21,5,16,11,5
Nanlou,Xuzhuangzi,10953.11029,100102,100168,13,2,11,4,7
Guangkaisima Road,Jianchang Road,10952.60612,100044,100063,84,24,60,31,29
Jianchang Road,Guangkaisima Road,10952.60612,100063,100044,71,24,47,41,6
Xuzhou Road,Zuojiang Road,10951.7332,100167,100192,6,0,6,4,2
Zuojiang Road,Xuzhou Road,10951.7332,100192,100167,1,0,1,1,0
Dengzhou South Road,Xikang Road,10950.99802,100025,100158,152,15,137,101,36
Xikang Road,Dengzhou South Road,10950.99802,100158,100025,131,15,116,73,43
Fuxing Gate,Yaohuan Road,10949.93761,100041,100170,44,9,35,20,15
Yaohuan Road,Fuxing Gate,10949.93761,100170,100041,35,6,29,17,12
Chenglin Road,Yizhongxin Hospital,10949.7913,100014,100177,370,54,316,235,81
Yizhongxin Hospital,Chenglin Road,10949.7913,100177,100014,319,46,273,197,76
Yingfeng Road,Beining Park,10949.41329,100173,100006,197,41,156,99,57
Beining Park,Yingfeng Road,10949.41329,100006,100173,171,29,142,82,60
Jianshan Road,Shaliu South Road,10948.7251,100066,100116,22,2,20,16,4
Shaliu South Road,Jianshan Road,10948.7251,100116,100066,19,4,15,9,6
Xuzhuangzi,Shaliu South Road,10948.36501,100168,100116,15,3,12,4,8
Shaliu South Road,Xuzhuangzi,10948.36501,100116,100168,14,3,11,6,5
Yixingbu North,Xiawafang,10948.03688,100176,100157,567,116,451,302,149
Xiawafang,Yixingbu North,10948.03688,100157,100176,534,101,433,263,170
Xueyuan North Road,Changling Road,10947.97962,100165,100013,32,5,27,15,12
Changling Road,Xueyuan North Road,10947.97962,100013,100165,17,1,16,8,8
Huashan Li,Zuojiang Road,10946.70568,100060,100192,1,0,1,0,1
Zuojiang Road,Huashan Li,10946.70568,100192,100060,1,0,1,1,0
High-Tech Zone,Anshan Road,10945.93431,100054,100002,618,97,521,357,164
Anshan Road,High-Tech Zone,10945.93431,100002,100054,595,87,508,287,221
Liaohe North Road,Taichang Road,10945.29502,100084,100128,127,34,93,51,42
Taichang Road,Liaohe North Road,10945.29502,100128,100084,120,31,89,60,29
Tiedong Road,Hongqi South Road,10943.92028,100139,100057,395,86,309,198,111
Hongqi South Road,Tiedong Road,10943.92028,100057,100139,334,86,248,136,112
Huanyu Road,Lingbin Road,10939.70217,100059,100087,9,1,8,8,0
Lingbin Road,Huanyu Road,10939.70217,100087,100059,7,1,6,6,0
Yueya River,Anshan West Road,10939.67813,100182,100003,469,70,399,320,79
Anshan West Road,Yueya River,10939.67813,100003,100182,456,61,395,250,145
Shunchi Bridge,Zuojiang Road,10939.02738,100120,100192,12,4,8,2,6
Zuojiang Road,Shunchi Bridge,10939.02738,100192,100120,8,2,6,1,5
Weishan Road,Dengzhou Road,10938.94653,100148,100024,110,13,97,65,32
Dengzhou Road,Weishan Road,10938.94653,100024,100148,41,11,30,20,10
High-Tech Zone,Guangkaisima Road,10936.98136,100054,100044,215,36,179,145,34
Guangkaisima Road,High-Tech Zone,10936.98136,100044,100054,188,35,153,120,33
Jintang Road,Liaohe North Road,10936.75199,100077,100084,163,28,135,97,38
Liaohe North Road,Jintang Road,10936.75199,100084,100077,160,28,132,88,44
Liqi Zhuang South,Yibin Road,10936.59554,100088,100171,30,9,21,15,6
Yibin Road,Liqi Zhuang South,10936.59554,100171,100088,20,6,14,9,5
Xiangshan Road,Dongli Yijing Road,10936.4339,100151,100033,28,6,22,17,5
Dongli Yijing Road,Xiangshan Road,10936.4339,100033,100151,27,6,21,17,4
Cuifu New Village,Water Park Road East,10931.66534,100019,100147,59,22,37,29,8
Water Park Road East,Cuifu New Village,10931.66534,100147,100019,43,10,33,27,6
Xinxing Village,Huanyu Road,10931.40653,100162,100059,2,0,2,2,0
West Station,Dabi Zhuang,10930.45624,100149,100021,787,262,525,183,342
Dabi Zhuang,West Station,10930.45624,100021,100149,722,235,487,238,249
Heping Road,Yaohuan Road,10930.06809,100053,100170,156,45,111,55,56
Yaohuan Road,Heping Road,10930.06809,100170,100053,137,48,89,61,28
Xianyang Road,Yueya River,10927.49236,100153,100182,321,88,233,130,103
Yueya River,Xianyang Road,10927.49236,100182,100153,304,86,218,130,88
Huaihe Road,Dawang Zhuang,10927.08296,100058,100023,158,22,136,107,29
Dawang Zhuang,Huaihe Road,10927.08296,100023,100058,127,17,110,76,34
Haihe Education Zone,Meijiang Exhibition Centre,10925.82698,100050,100095,39,11,28,18,10
Meijiang Exhibition Centre,Haihe Education Zone,10925.82698,100095,100050,38,11,27,14,13
Yaohuan Road,Xikang Road,10923.22758,100170,100158,45,5,40,32,8
Xikang Road,Yaohuan Road,10923.22758,100158,100170,34,4,30,19,11
Jinwan Square,Cao Zhuang,10923.15309,100078,100011,690,184,506,260,246
Cao Zhuang,Jinwan Square,10923.15309,100011,100078,586,146,440,295,145
Jintang Road,Airport Economic Zone,10922.85189,100077,100001,500,86,414,299,115
Airport Economic Zone,Jintang Road,10922.85189,100001,100077,412,79,333,208,125
Xiangshan Road,Zhangxing Zhuang,10921.34547,100151,100185,55,10,45,32,13
Zhangxing Zhuang,Xiangshan Road,10921.34547,100185,100151,38,7,31,25,6
Jianchang Road,Dengzhou South Road,10919.90129,100063,100025,23,5,18,13,5
Dengzhou South Road,Jianchang Road,10919.90129,100025,100063,15,2,13,11,2
Heping Road,Meijiang Exhibition Centre,10919.26478,100053,100095,347,144,203,104,99
Meijiang Exhibition Centre,Heping Road,10919.26478,100095,100053,285,111,174,103,71
Sports Centre,Southeast Corner,10918.98772,100126,100123,122,55,67,32,35
Southeast Corner,Sports Centre,10918.98772,100123,100126,72,16,56,21,35
Wangdingdi,Cao Zhuang,10918.56051,100145,100011,77,16,61,34,27
Cao Zhuang,Wangdingdi,10918.56051,100011,100145,70,21,49,29,20
Number Two Bridge,Haiguang Temple,10916.79255,100110,100048,345,66,279,216,63
Haiguang Temple,Number Two Bridge,10916.79255,100048,100110,343,50,293,179,114
Dongxing Road,Magangchang,10915.73964,100035,100094,4,0,4,4,0
University town,Chinese Medicine First Affiliated Hospital,10915.44809,100143,100016,201,54,147,52,95
Chinese Medicine First Affiliated Hospital,University town,10915.44809,100016,100143,195,48,147,60,87
Xikang Road,Meijiang Exhibition Centre,10912.62049,100158,100095,134,41,93,51,42
Meijiang Exhibition Centre,Xikang Road,10912.62049,100095,100158,118,31,87,60,27
Yihao Bridge,Shaliu South Road,10912.32926,100172,100116,3,0,3,0,3
Haihe East Road,Yaohuan Road,10908.36901,100049,100170,5,2,3,1,2
Yaohuan Road,Haihe East Road,10908.36901,100170,100049,2,1,1,0,1
Honghu Li,Tucheng,10906.45171,100055,100140,1215,298,917,636,281
Tucheng,Honghu Li,10906.45171,100140,100055,1170,325,845,554,291
Xinkai River,Cao Zhuang,10905.0787,100160,100011,141,36,105,53,52
Cao Zhuang,Xinkai River,10905.0787,100011,100160,129,38,91,51,40
Tian Tower,Yueya River,10903.84063,100133,100182,285,82,203,93,110
Yueya River,Tian Tower,10903.84063,100182,100133,258,85,173,93,80
Siyuan Road,Zhongshan Gate,10903.56375,100121,100189,32,2,30,23,7
Zhongshan Gate,Siyuan Road,10903.56375,100189,100121,23,3,20,12,8
Xuzhou Road,Huashan Li,10903.50864,100167,100060,2,0,2,0,2
Huashan Li,Xuzhou Road,10903.50864,100060,100167,1,1,0,0,0
Xiaobailou,Haihe East Road,10902.16264,100154,100049,1,0,1,0,1
Haihe East Road,Xiaobailou,10902.16264,100049,100154,1,0,1,0,1
Liqi Zhuang South,Jiefang South Road,10901.85372,100088,100068,11,4,7,4,3
Jiefang South Road,Liqi Zhuang South,10901.85372,100068,100088,9,3,6,0,6
Ruijing XinYuan,Anshan West Road,10901.79033,100114,100003,613,119,494,335,159
Anshan West Road,Ruijing XinYuan,10901.79033,100003,100114,577,100,477,285,192
Huashan Li,Water Park Road East,10901.23836,100060,100147,60,21,39,23,16
Water Park Road East,Huashan Li,10901.23836,100147,100060,47,20,27,18,9
Tumour Hospital,Yueya River,10900.95797,100141,100182,1017,168,849,452,397
Yueya River,Tumour Hospital,10900.95797,100182,100141,979,160,819,570,249
Longhan Road,Chinese Medicine First Affiliated Hospital,10898.99769,100092,100016,71,16,55,35,20
Chinese Medicine First Affiliated Hospital,Longhan Road,10898.99769,100016,100092,54,6,48,22,26
Foreign Languages High School,Zhongshan Gate,10898.78833,100040,100189,29,4,25,19,6
Zhongshan Gate,Foreign Languages High School,10898.78833,100189,100040,25,1,24,13,11
Danhebei Road,North Station,10898.67833,100022,100108,20,9,11,6,5
North Station,Danhebei Road,10898.67833,100108,100022,14,8,6,5,1
Jinshi Bridge,Water Park Road East,10896.30964,100076,100147,289,92,197,140,57
Water Park Road East,Jinshi Bridge,10896.30964,100147,100076,203,53,150,89,61
University town,Fuxing Road,10894.90163,100143,100042,203,93,110,69,41
Fuxing Road,University town,10894.90163,100042,100143,201,67,134,74,60
South Station,Tian Tower,10892.66225,100122,100133,3190,966,2224,1178,1046
Tian Tower,South Station,10892.66225,100133,100122,3058,1164,1894,993,901
Zhongshan Gate,Tiedong Road,10892.65211,100189,100139,209,42,167,111,56
Tiedong Road,Zhongshan Gate,10892.65211,100139,100189,204,41,163,91,72
Fangshan Road,Siyuan Road,10887.52024,100038,100121,1,1,0,0,0
Xuzhou Road,Xuelian South Road,10886.65484,100167,100164,15,2,13,5,8
Xuelian South Road,Xuzhou Road,10886.65484,100164,100167,15,0,15,14,1
Guorui Road,The Financial University,10885.34731,100046,100132,67,19,48,29,19
The Financial University,Guorui Road,10885.34731,100132,100046,49,14,35,24,11
Yizhongxin Hospital,Chentang Zhuang,10885.18551,100177,100015,88,16,72,54,18
Chentang Zhuang,Yizhongxin Hospital,10885.18551,100015,100177,87,12,75,56,19
High-Tech Zone,Leyuan Road,10884.17682,100054,100083,258,73,185,145,40
Leyuan Road,High-Tech Zone,10884.17682,100083,100054,216,61,155,97,58
Anshan Road,Lijiang Road,10884.14653,100002,100085,89,13,76,52,24
Lijiang Road,Anshan Road,10884.14653,100085,100002,75,6,69,43,26
Yuejin North Road,Airport Economic Zone,10883.40375,100181,100001,79,9,70,64,6
Airport Economic Zone,Yuejin North Road,10883.40375,100001,100181,74,8,66,48,18
Cultural centre,Laoshan Road,10882.46441,100020,100082,119,48,71,43,28
Laoshan Road,Cultural centre,10882.46441,100082,100020,96,43,53,32,21
Changling Road,Xianyang Road,10882.395,100013,100153,146,31,115,70,45
Xianyang Road,Changling Road,10882.395,100153,100013,137,22,115,76,39
Liuyuan,Haiguang Temple,10880.35778,100091,100048,4752,906,3846,2870,976
Haiguang Temple,Liuyuan,10880.35778,100048,100091,4361,807,3554,2077,1477
Shiyijing Road,Guoshan Road,10879.76811,100117,100047,75,6,69,42,27
Guoshan Road,Shiyijing Road,10879.76811,100047,100117,70,8,62,46,16
Zuojiang Road,Beiyangyuan Campus of Tianjin University,10878.71997,100192,100007,144,48,96,38,58
Beiyangyuan Campus of Tianjin University,Zuojiang Road,10878.71997,100007,100192,125,46,79,48,31
Fangshan Road,Dongli Liujing Road,10878.29718,100038,100031,26,0,26,26,0
Dongli Liujing Road,Fangshan Road,10878.29718,100031,100038,21,0,21,19,2
Wujiayao,Meijiang Park,10878.22805,100150,100096,54,7,47,27,20
Meijiang Park,Wujiayao,10878.22805,100096,100150,32,5,27,20,7
Erwei Road,Jianchang Road,10878.04724,100036,100063,54,7,47,26,21
Jianchang Road,Erwei Road,10878.04724,100063,100036,39,8,31,10,21
Dengzhou Road,Anshan Road,10877.73412,100024,100002,569,110,459,323,136
Anshan Road,Dengzhou Road,10877.73412,100002,100024,492,83,409,192,217
Jinghe Road,Tumour Hospital,10877.52843,100071,100141,203,31,172,111,61
Tumour Hospital,Jinghe Road,10877.52843,100141,100071,202,23,179,91,88
Zhanggui Zhuang,Yuanyang International Centre,10874.10022,100184,100179,444,115,329,241,88
Yuanyang International Centre,Zhanggui Zhuang,10874.10022,100179,100184,377,97,280,168,112
University town,Lijiang Road,10873.97717,100143,100085,17,2,15,7,8
Lijiang Road,University town,10873.97717,100085,100143,12,3,9,3,6
Wujiayao,Bianxing,10872.4812,100150,100009,171,32,139,78,61
Bianxing,Wujiayao,10872.4812,100009,100150,164,25,139,106,33
North Station,Liuyuan,10871.52855,100108,100091,500,160,340,216,124
Liuyuan,North Station,10871.52855,100091,100108,489,100,389,261,128
Jintang Road,Xianyang Road,10870.64975,100077,100153,147,38,109,52,57
Xianyang Road,Jintang Road,10870.64975,100153,100077,144,36,108,64,44
Changling Road,Jingjiang Road,10870.42133,100013,100072,403,88,315,196,119
Jingjiang Road,Changling Road,10870.42133,100072,100013,390,74,316,206,110
Zhangxing Zhuang,Nansun Zhuang,10869.80001,100185,100103,3,3,0,0,0
Nansun Zhuang,Zhangxing Zhuang,10869.80001,100103,100185,1,1,0,0,0
Liuyuan,Yibin Road,10869.23706,100091,100171,582,126,456,316,140
Yibin Road,Liuyuan,10869.23706,100171,100091,559,115,444,284,160
Chentang Zhuang,Changhong Park,10864.18136,100015,100012,204,38,166,128,38
Changhong Park,Chentang Zhuang,10864.18136,100012,100015,190,32,158,114,44
Yingfeng Road,Cao Zhuang,10860.19097,100173,100011,477,151,326,215,111
Cao Zhuang,Yingfeng Road,10860.19097,100011,100173,365,100,265,157,108
Jingjiang Road,Meijiang Park,10858.05273,100072,100096,56,4,52,37,15
Meijiang Park,Jingjiang Road,10858.05273,100096,100072,35,7,28,20,8
Chunhai Road,Dongli Sanjing Road,10857.65056,100017,100032,28,3,25,22,3
Dongli Sanjing Road,Chunhai Road,10857.65056,100032,100017,25,4,21,11,10
Tianjin Hotel,Liulin Road,10857.3966,100134,100089,45,8,37,28,9
Liulin Road,Tianjin Hotel,10857.3966,100089,100134,31,5,26,14,12
Jin Street,Number Two Bridge,10857.29108,100070,100110,73,18,55,36,19
Number Two Bridge,Jin Street,10857.29108,100110,100070,70,15,55,50,5
Dongxing Road,People's Hospital,10854.06238,100035,100111,93,15,78,55,23
People's Hospital,Dongxing Road,10854.06238,100111,100035,85,13,72,51,21
Tucheng,Dongli Culture and Sports Centre,10853.63812,100140,100029,27,3,24,14,10
Dongli Culture and Sports Centre,Tucheng,10853.63812,100029,100140,17,8,9,5,4
Jinwan Square,The Financial University,10852.71618,100078,100132,535,191,344,144,200
The Financial University,Jinwan Square,10852.71618,100132,100078,495,160,335,237,98
Yudongcheng,Wujiayao,10852.56882,100180,100150,844,107,737,589,148
Wujiayao,Yudongcheng,10852.56882,100150,100180,670,104,566,412,154
Wangdingdi,Dongting Road,10851.11633,100145,100034,9,1,8,5,3
Dongting Road,Wangdingdi,10851.11633,100034,100145,3,1,2,2,0
Fuxing Gate,Northwest Corner,10849.25614,100041,100109,962,233,729,448,281
Northwest Corner,Fuxing Gate,10849.25614,100109,100041,765,181,584,326,258
Zhaoyuan Road,Hongni River East,10848.04451,100186,100056,2,2,0,0,0
Hongni River East,Zhaoyuan Road,10848.04451,100056,100186,1,0,1,1,0
Yibin Road,Meijiang Exhibition Centre,10846.83763,100171,100095,248,108,140,93,47
Meijiang Exhibition Centre,Yibin Road,10846.83763,100095,100171,228,92,136,77,59
Sports Centre,Shuanggang,10844.28471,100126,100118,44,5,39,30,9
Shuanggang,Sports Centre,10844.28471,100118,100126,38,5,33,27,6
Xunhai Road,Laoshan Road,10843.16767,100166,100082,34,4,30,19,11
Laoshan Road,Xunhai Road,10843.16767,100082,100166,29,2,27,22,5
Zuojiang Road,Southeast Corner,10842.67268,100192,100123,117,40,77,53,24
Southeast Corner,Zuojiang Road,10842.67268,100123,100192,104,29,75,48,27
Fuxing Road,Huaihe Road,10842.55533,100042,100058,41,10,31,23,8
Huaihe Road,Fuxing Road,10842.55533,100058,100042,37,10,27,18,9
Leyuan Road,Magangchang,10842.41671,100083,100094,8,2,6,0,6
Magangchang,Leyuan Road,10842.41671,100094,100083,2,0,2,1,1
University town,Zuojiang Road,10842.21574,100143,100192,125,44,81,53,28
Zuojiang Road,University town,10842.21574,100192,100143,119,39,80,45,35
Leyuan Road,Zhanggui Zhuang,10840.665,100083,100184,49,16,33,23,10
Zhanggui Zhuang,Leyuan Road,10840.665,100184,100083,30,9,21,18,3
Yudongcheng,Tianjin Hotel,10839.82231,100180,100134,517,104,413,335,78
Tianjin Hotel,Yudongcheng,10839.82231,100134,100180,438,93,345,248,97
North Beichen Tech Park,Yixingbu,10839.21373,100106,100175,76,31,45,33,12
Yixingbu,North Beichen Tech Park,10839.21373,100175,100106,56,21,35,23,12
Changling Road,High-Tech Zone,10839.05029,100013,100054,144,18,126,102,24
High-Tech Zone,Changling Road,10839.05029,100054,100013,139,14,125,94,31
High-Tech Zone,People's Hospital,10837.73649,100054,100111,471,48,423,345,78
People's Hospital,High-Tech Zone,10837.73649,100111,100054,454,44,410,350,60
Chentang Zhuang,Xiangshan Road,10836.20868,100015,100151,49,7,42,25,17
Xiangshan Road,Chentang Zhuang,10836.20868,100151,100015,43,9,34,22,12
JinZhong River Street,Chentang Zhuang,10835.57826,100079,100015,213,29,184,151,33
Chentang Zhuang,JinZhong River Street,10835.57826,100015,100079,192,25,167,115,52
Jingli Road,Leyuan Road,10835.38176,100073,100083,530,149,381,250,131
Leyuan Road,Jingli Road,10835.38176,100083,100073,492,120,372,202,170
Tucheng,Liqi Zhuang South,10834.2463,100140,100088,48,7,41,24,17
Liqi Zhuang South,Tucheng,10834.2463,100088,100140,44,7,37,28,9
Tianjin Station,Lingbin Road,10830.62867,100135,100087,450,121,329,154,175
Lingbin Road,Tianjin Station,10830.62867,100087,100135,378,104,274,167,107
People's Hospital,Meijiang Road,10827.89485,100111,100097,567,68,499,355,144
Meijiang Road,People's Hospital,10827.89485,100097,100111,552,75,477,349,128
Yibin Road,Jintang Road,10827.73044,100171,100077,89,22,67,42,25
Jintang Road,Yibin Road,10827.73044,100077,100171,82,22,60,31,29
North China Group,Jianguo Road,10827.32105,100107,100064,231,62,169,95,74
Jianguo Road,North China Group,10827.32105,100064,100107,215,75,140,74,66
Shaliu South Road,Erwei Road,10826.91242,100116,100036,62,11,51,42,9
Erwei Road,Shaliu South Road,10826.91242,100036,100116,40,12,28,14,14
Fangshan Road,Changling Road,10826.01436,100038,100013,55,19,36,29,7
Changling Road,Fangshan Road,10826.01436,100013,100038,50,19,31,16,15
Lilou,Xunhai Road,10825.14099,100086,100166,2,1,1,0,1
Gulou,Liaohe North Road,10823.67026,100045,100084,195,72,123,54,69
Liaohe North Road,Gulou,10823.67026,100084,100045,191,61,130,63,67
Zhongshan Road,Nancuiping,10823.35443,100190,100100,71,21,50,18,32
Nancuiping,Zhongshan Road,10823.35443,100100,100190,57,17,40,23,17
Chenglin Road,Magangchang,10822.29747,100014,100094,38,6,32,24,8
Magangchang,Chenglin Road,10822.29747,100094,100014,38,4,34,20,14
Jintang Road,University of Civil Aviation,10821.86503,100077,100142,118,45,73,34,39
University of Civil Aviation,Jintang Road,10821.86503,100142,100077,109,43,66,38,28
Tumour Hospital,Minquan Gate,10820.66836,100141,100099,240,42,198,112,86
Minquan Gate,Tumour Hospital,10820.66836,100099,100141,230,42,188,130,58
Zhongshan Gate,Xiangshan Road,10820.19716,100189,100151,15,1,14,6,8
Xiangshan Road,Zhongshan Gate,10820.19716,100151,100189,8,2,6,0,6
Chenglin Road,Huaihe Road,10816.64765,100014,100058,255,55,200,137,63
Huaihe Road,Chenglin Road,10816.64765,100058,100014,248,46,202,136,66
Jiangwan Erzhi Road,Shiyijing Road,10816.05791,100065,100117,51,8,43,32,11
Shiyijing Road,Jiangwan Erzhi Road,10816.05791,100117,100065,34,4,30,20,10
Xuelian South Road,Guoshan Road,10815.61291,100164,100047,5,1,4,1,3
Guoshan Road,Xuelian South Road,10815.61291,100047,100164,1,0,1,1,0
Xuzhuangzi,Changhong Park,10811.54899,100168,100012,109,18,91,62,29
Changhong Park,Xuzhuangzi,10811.54899,100012,100168,94,12,82,60,22
Beining Park,Meijiang Road,10811.23573,100006,100097,114,26,88,60,28
Meijiang Road,Beining Park,10811.23573,100097,100006,114,20,94,56,38
Yangwu Zhuang,Tumour Hospital,10811.00085,100169,100141,322,26,296,227,69
Tumour Hospital,Yangwu Zhuang,10811.00085,100141,100169,289,26,263,102,161
Southwest corner,Dengzhou Road,10809.26775,100124,100024,626,147,479,307,172
Dengzhou Road,Southwest corner,10809.26775,100024,100124,588,131,457,322,135
Hujiayuan,Exhibition Centre,10808.82526,100062,100037,809,145,664,517,147
Exhibition Centre,Hujiayuan,10808.82526,100037,100062,764,166,598,379,219
Laoshan Road,Yixingbu,10807.80984,100082,100175,21,10,11,1,10
Yixingbu,Laoshan Road,10807.80984,100175,100082,20,7,13,9,4
University town,Haiguang Temple,10806.19986,100143,100048,1514,380,1134,790,344
Haiguang Temple,University town,10806.19986,100048,100143,1342,405,937,515,422
Foreign Languages High School,Beichen Road,10804.00381,100040,100005,15,0,15,11,4
Beichen Road,Foreign Languages High School,10804.00381,100005,100040,14,3,11,11,0
Liuyuan,Southeast Corner,10800.13176,100091,100123,1420,524,896,608,288
Southeast Corner,Liuyuan,10800.13176,100123,100091,1384,457,927,465,462
Nansun Zhuang,Xinkai River,10799.7335,100103,100160,4,4,0,0,0
Xinkai River,Nansun Zhuang,10799.7335,100160,100103,1,1,0,0,0
Minquan Gate,Dengzhou South Road,10799.31251,100099,100025,17,9,8,4,4
Dengzhou South Road,Minquan Gate,10799.31251,100025,100099,15,5,10,5,5
University town,Southwest corner,10799.07362,100143,100124,726,276,450,274,176
Southwest corner,University town,10799.07362,100124,100143,719,273,446,218,228
Jintang Road,Liqi Zhuang South,10798.86409,100077,100088,28,5,23,11,12
Liqi Zhuang South,Jintang Road,10798.86409,100088,100077,18,3,15,7,8
Dengzhou South Road,Anshan Road,10796.22579,100025,100002,239,40,199,153,46
Anshan Road,Dengzhou South Road,10796.22579,100002,100025,189,37,152,77,75
Lijiang Road,Chenglin Road,10795.51047,100085,100014,59,14,45,32,13
Chenglin Road,Lijiang Road,10795.51047,100014,100085,59,14,45,32,13
Heping Road,Huaihe Road,10795.32765,100053,100058,794,242,552,235,317
Huaihe Road,Heping Road,10795.32765,100058,100053,673,213,460,308,152
Nanzhu Bridge,Wangdingdi,10794.87167,100104,100145,1,0,1,0,1
Wangdingdi,Nanzhu Bridge,10794.87167,100145,100104,1,1,0,0,0
Xingfu Park,Water Park Road East,10794.71217,100159,100147,212,72,140,89,51
Water Park Road East,Xingfu Park,10794.71217,100147,100159,145,55,90,61,29
Southeast Corner,Huashan Li,10794.44812,100123,100060,460,168,292,143,149
Huashan Li,Southeast Corner,10794.44812,100060,100123,418,169,249,153,96
Lijiang Road,Lilou,10793.86523,100085,100086,66,15,51,36,15
Lilou,Lijiang Road,10793.86523,100086,100085,66,16,50,32,18
Jingjiang Road,Nansun Zhuang,10791.21014,100072,100103,4,0,4,3,1
Nansun Zhuang,Jingjiang Road,10791.21014,100103,100072,2,0,2,0,2
Jianguo Road,Jinmao Industrial Area,10789.30643,100064,100074,11,6,5,4,1
Jinmao Industrial Area,Jianguo Road,10789.30643,100074,100064,4,0,4,4,0
Dabi Zhuang,Jintang Road,10789.20324,100021,100077,135,37,98,70,28
Jintang Road,Dabi Zhuang,10789.20324,100077,100021,134,33,101,45,56
Dengzhou South Road,Dongli Yijing Road,10786.91348,100025,100033,3,0,3,1,2
Dongli Yijing Road,Dengzhou South Road,10786.91348,100033,100025,2,0,2,1,1
Fuxing Gate,Meijiang Park,10786.0165,100041,100096,2,1,1,1,0
Zhicheng Road,North Beichen Tech Park,10784.68207,100187,100106,105,9,96,51,45
North Beichen Tech Park,Zhicheng Road,10784.68207,100106,100187,103,12,91,71,20
Tian Tower,Yutai,10783.38828,100133,100183,51,19,32,10,22
Yutai,Tian Tower,10783.38828,100183,100133,37,14,23,11,12
Anshan Road,Chinese Medicine First Affiliated Hospital,10783.22069,100002,100016,791,133,658,368,290
Chinese Medicine First Affiliated Hospital,Anshan Road,10783.22069,100016,100002,787,143,644,395,249
Tumour Hospital,Bianxing,10783.20815,100141,100009,374,50,324,161,163
Bianxing,Tumour Hospital,10783.20815,100009,100141,363,54,309,208,101
Dongting Road,Yingkou Road,10783.12144,100034,100174,138,31,107,73,34
Yingkou Road,Dongting Road,10783.12144,100174,100034,113,19,94,59,35
Magangchang,Hangshuang Road,10782.15034,100094,100051,22,1,21,20,1
Hangshuang Road,Magangchang,10782.15034,100051,100094,18,2,16,14,2
Xingfu Park,Sports Centre,10781.57801,100159,100126,519,137,382,261,121
Sports Centre,Xingfu Park,10781.57801,100126,100159,499,117,382,212,170
West Station,Chentang Zhuang,10780.52996,100149,100015,1321,384,937,245,692
Chentang Zhuang,West Station,10780.52996,100015,100149,1033,303,730,414,316
Jingjiang Road,Jieyuan West Road,10777.38269,100072,100069,502,109,393,255,138
Jieyuan West Road,Jingjiang Road,10777.38269,100069,100072,500,115,385,264,121
Honghu Li,Jianshan Road,10775.49729,100055,100066,59,14,45,29,16
Jianshan Road,Honghu Li,10775.49729,100066,100055,51,21,30,22,8
Haihe East Road,Shunchi Bridge,10773.06065,100049,100120,2,0,2,0,2
Shunchi Bridge,Haihe East Road,10773.06065,100120,100049,2,0,2,1,1
Dengzhou Road,Zhaoyuan Road,10771.26187,100024,100186,12,4,8,6,2
Zhaoyuan Road,Dengzhou Road,10771.26187,100186,100024,9,3,6,6,0
Shunchi Bridge,Bianxing,10769.74087,100120,100009,160,28,132,88,44
Bianxing,Shunchi Bridge,10769.74087,100009,100120,144,31,113,88,25
Shaliu South Road,Wujiayao,10768.53256,100116,100150,155,28,127,102,25
Wujiayao,Shaliu South Road,10768.53256,100150,100116,127,32,95,67,28
Hongqi South Road,Chentang Zhuang,10767.85618,100057,100015,208,31,177,139,38
Chentang Zhuang,Hongqi South Road,10767.85618,100015,100057,196,23,173,116,57
Zhongshan Gate,Zhou and Deng Memorial Museum,10767.46033,100189,100191,130,60,70,46,24
Zhou and Deng Memorial Museum,Zhongshan Gate,10767.46033,100191,100189,78,24,54,40,14
Lingbin Road,Southwest corner,10766.26983,100087,100124,164,42,122,67,55
Southwest corner,Lingbin Road,10766.26983,100124,100087,146,40,106,56,50
Yutai,Yibin Road,10765.47888,100183,100171,42,13,29,24,5
Yibin Road,Yutai,10765.47888,100171,100183,36,12,24,5,19
Yixingbu,Xianyang Road,10764.82955,100175,100153,129,36,93,60,33
Xianyang Road,Yixingbu,10764.82955,100153,100175,127,29,98,60,38
Longhan Road,Airport Economic Zone,10762.21581,100092,100001,374,45,329,267,62
Airport Economic Zone,Longhan Road,10762.21581,100001,100092,340,46,294,221,73
Taichang Road,Yibin Road,10762.09287,100128,100171,162,39,123,66,57
Yibin Road,Taichang Road,10762.09287,100171,100128,115,23,92,49,43
The Financial University,Haiguang Temple,10761.54019,100132,100048,1300,340,960,642,318
Haiguang Temple,The Financial University,10761.54019,100048,100132,1173,287,886,503,383
Chinese Medicine First Affiliated Hospital,Changhong Park,10759.95546,100016,100012,309,79,230,119,111
Changhong Park,Chinese Medicine First Affiliated Hospital,10759.95546,100012,100016,287,67,220,125,95
Dawang Zhuang,JinZhong Street,10759.93102,100023,100080,124,27,97,31,66
JinZhong Street,Dawang Zhuang,10759.93102,100080,100023,114,26,88,37,51
Chenglin Road,Anshan West Road,10757.92244,100014,100003,286,42,244,215,29
Anshan West Road,Chenglin Road,10757.92244,100003,100014,283,48,235,157,78
Xuzhuangzi,Professional University,10756.15106,100168,100112,42,13,29,24,5
Professional University,Xuzhuangzi,10756.15106,100112,100168,39,12,27,21,6
Haihe East Road,Gaozhuangzi,10755.85778,100049,100043,1,0,1,1,0
Yudongcheng,Shuanglin,10754.95642,100180,100119,216,46,170,108,62
Shuanglin,Yudongcheng,10754.95642,100119,100180,181,43,138,92,46
North China Group,Jinwan Square,10753.8966,100107,100078,947,258,689,462,227
Jinwan Square,North China Group,10753.8966,100078,100107,934,277,657,306,351
Zhongshan Gate,Beining Park,10753.86135,100189,100006,68,20,48,34,14
Beining Park,Zhongshan Gate,10753.86135,100006,100189,59,16,43,32,11
Jianguo Road,Water Park Road East,10753.07895,100064,100147,164,43,121,81,40
Water Park Road East,Jianguo Road,10753.07895,100147,100064,110,28,82,40,42
Xueyuan North Road,Jingjiang Road,10751.01678,100165,100072,3,0,3,2,1
Jingjiang Road,Xueyuan North Road,10751.01678,100072,100165,1,0,1,1,0
Dengzhou South Road,Jiangwan Erzhi Road,10748.21305,100025,100065,24,4,20,17,3
Jiangwan Erzhi Road,Dengzhou South Road,10748.21305,100065,100025,18,3,15,14,1
Tucheng,Hongni River East,10746.60738,100140,100056,440,64,376,259,117
Hongni River East,Tucheng,10746.60738,100056,100140,440,73,367,306,61
Guoshan Road,Beining Park,10746.16674,100047,100006,43,7,36,27,9
Beining Park,Guoshan Road,10746.16674,100006,100047,36,3,33,24,9
West Station,Wandong Road,10744.04464,100149,100144,166,43,123,39,84
Wandong Road,West Station,10744.04464,100144,100149,139,49,90,59,31
Zhou and Deng Memorial Museum,Jiefang South Road,10743.60378,100191,100068,95,33,62,31,31
Jiefang South Road,Zhou and Deng Memorial Museum,10743.60378,100068,100191,95,31,64,39,25
Chinese Medicine First Affiliated Hospital,Meilin Road,10740.37114,100016,100098,137,26,111,34,77
Meilin Road,Chinese Medicine First Affiliated Hospital,10740.37114,100098,100016,133,22,111,72,39
Yutai,Dongxing Road,10739.33379,100183,100035,19,1,18,15,3
Dongxing Road,Yutai,10739.33379,100035,100183,16,3,13,7,6
Dengzhou South Road,Tucheng,10738.85146,100025,100140,103,17,86,56,30
Tucheng,Dengzhou South Road,10738.85146,100140,100025,94,10,84,61,23
Tianshili,Qinjian Road,10737.55883,100136,100113,46,5,41,35,6
Qinjian Road,Tianshili,10737.55883,100113,100136,39,4,35,22,13
Binhai International Airport,Shaliu South Road,10735.06552,100010,100116,82,27,55,18,37
Shaliu South Road,Binhai International Airport,10735.06552,100116,100010,57,10,47,27,20
Yixingbu,Haiguang Temple,10734.10605,100175,100048,656,96,560,419,141
Haiguang Temple,Yixingbu,10734.10605,100048,100175,575,77,498,331,167
Tiantai Road,Huayuan,10732.55353,100137,100061,651,62,589,492,97
Huayuan,Tiantai Road,10732.55353,100061,100137,546,48,498,394,104
People's Hospital,Liaohe North Road,10731.18651,100111,100084,81,17,64,43,21
Liaohe North Road,People's Hospital,10731.18651,100084,100111,79,13,66,49,17
Zhicheng Road,Xianyang Road,10730.92238,100187,100153,60,21,39,19,20
Xianyang Road,Zhicheng Road,10730.92238,100153,100187,40,14,26,13,13
Jiefang South Road,Yutai,10730.73706,100068,100183,18,7,11,1,10
Yutai,Jiefang South Road,10730.73706,100183,100068,12,7,5,1,4
Shunchi Bridge,Sports Centre,10730.38309,100120,100126,151,41,110,81,29
Sports Centre,Shunchi Bridge,10730.38309,100126,100120,129,41,88,53,35
Zhangxing Zhuang,Southwest Tower,10730.37179,100185,100125,233,45,188,136,52
Southwest Tower,Zhangxing Zhuang,10730.37179,100125,100185,204,42,162,91,71
Fuxing Gate,Jinshi Bridge,10729.27051,100041,100076,273,43,230,142,88
Jinshi Bridge,Fuxing Gate,10729.27051,100076,100041,194,36,158,100,58
Laoshan Road,Xinkai River,10724.36676,100082,100160,8,0,8,4,4
Xinkai River,Laoshan Road,10724.36676,100160,100082,4,0,4,2,2
Dawang Zhuang,Benxi Road,10724.32223,100023,100008,201,61,140,89,51
Benxi Road,Dawang Zhuang,10724.32223,100008,100023,197,42,155,117,38
Xingfu Park,Yibin Road,10723.60307,100159,100171,151,31,120,79,41
Yibin Road,Xingfu Park,10723.60307,100171,100159,149,30,119,84,35
Guangkaisima Road,Changling Road,10722.35235,100044,100013,99,26,73,45,28
Changling Road,Guangkaisima Road,10722.35235,100013,100044,97,24,73,53,20
Taichang Road,Xianyang Road,10722.34296,100128,100153,535,132,403,229,174
Xianyang Road,Taichang Road,10722.34296,100153,100128,490,137,353,243,110
Chentang Zhuang,Dengzhou South Road,10721.68982,100015,100025,37,10,27,18,9
Dengzhou South Road,Chentang Zhuang,10721.68982,100025,100015,34,4,30,19,11
North Station,Dengzhou Road,10721.64059,100108,100024,120,29,91,61,30
Dengzhou Road,North Station,10721.64059,100024,100108,116,17,99,83,16
Qinjian Road,Wangdingdi,10720.87951,100113,100145,79,10,69,49,20
Wangdingdi,Qinjian Road,10720.87951,100145,100113,58,17,41,34,7
Bianxing,Beining Park,10719.81792,100009,100006,79,20,59,37,22
Beining Park,Bianxing,10719.81792,100006,100009,59,17,42,26,16
Lijiang Road,Changhong Park,10718.48454,100085,100012,31,9,22,7,15
Changhong Park,Lijiang Road,10718.48454,100012,100085,28,7,21,14,7
Taichang Road,Hongqi South Road,10716.68437,100128,100057,251,72,179,90,89
Hongqi South Road,Taichang Road,10716.68437,100057,100128,236,68,168,106,62
Tianshili,Anshan Road,10715.01361,100136,100002,336,67,269,196,73
Anshan Road,Tianshili,10715.01361,100002,100136,242,48,194,113,81
Leyuan Road,Liulin Road,10714.40768,100083,100089,13,3,10,1,9
Liulin Road,Leyuan Road,10714.40768,100089,100083,4,1,3,0,3
Zhongshan Road,Chentang Zhuang,10711.604,100190,100015,379,43,336,255,81
Chentang Zhuang,Zhongshan Road,10711.604,100015,100190,329,45,284,198,86
Ruijing XinYuan,Jianguo Road,10710.42471,100114,100064,333,80,253,188,65
Jianguo Road,Ruijing XinYuan,10710.42471,100064,100114,282,66,216,136,80
Zhicheng Road,Haiguang Temple,10709.07268,100187,100048,223,42,181,134,47
Haiguang Temple,Zhicheng Road,10709.07268,100048,100187,213,39,174,96,78
Dongxing Road,Meilin Road,10706.58426,100035,100098,21,1,20,9,11
Meilin Road,Dongxing Road,10706.58426,100098,100035,10,0,10,8,2
Chunhai Road,Yingfeng Road,10706.17454,100017,100173,25,3,22,15,7
Yingfeng Road,Chunhai Road,10706.17454,100173,100017,16,4,12,7,5
Lingbin Road,Taichang Road,10705.48135,100087,100128,216,64,152,96,56
Taichang Road,Lingbin Road,10705.48135,100128,100087,197,56,141,66,75
Yihao Bridge,Erwei Road,10704.98683,100172,100036,71,11,60,41,19
Erwei Road,Yihao Bridge,10704.98683,100036,100172,67,10,57,37,20
Yudongcheng,Youyi South Road,10704.02793,100180,100178,591,105,486,365,121
Youyi South Road,Yudongcheng,10704.02793,100178,100180,528,94,434,309,125
Qinjian Road,Tian Tower,10702.52698,100113,100133,427,114,313,210,103
Tian Tower,Qinjian Road,10702.52698,100133,100113,426,140,286,140,146
Shunchi Bridge,Water Park Road East,10701.46018,100120,100147,52,20,32,25,7
Water Park Road East,Shunchi Bridge,10701.46018,100147,100120,45,14,31,16,15
Lijiang Road,Meilin Road,10698.90022,100085,100098,5,2,3,0,3
Meilin Road,Lijiang Road,10698.90022,100098,100085,5,2,3,1,2
Zhongshan Road,Water Park Road East,10698.19003,100190,100147,130,54,76,42,34
Water Park Road East,Zhongshan Road,10698.19003,100147,100190,110,40,70,40,30
Leyuan Road,Yudongcheng,10696.8334,100083,100180,84,43,41,13,28
Yudongcheng,Leyuan Road,10696.8334,100180,100083,62,20,42,34,8
Yaohuan Road,Anshan Road,10696.69575,100170,100002,113,25,88,47,41
Anshan Road,Yaohuan Road,10696.69575,100002,100170,108,22,86,42,44
Honghu Li,Huayuan,10696.15495,100055,100061,534,92,442,327,115
Huayuan,Honghu Li,10696.15495,100061,100055,522,83,439,335,104
Xingfu Park,Zhou and Deng Memorial Museum,10695.83355,100159,100191,73,19,54,28,26
Zhou and Deng Memorial Museum,Xingfu Park,10695.83355,100191,100159,57,14,43,17,26
Dongli Culture and Sports Centre,Yudongcheng,10694.91095,100029,100180,103,38,65,42,23
Yudongcheng,Dongli Culture and Sports Centre,10694.91095,100180,100029,103,23,80,56,24
Shaliu South Road,Zhicheng Road,10694.37075,100116,100187,59,9,50,30,20
Zhicheng Road,Shaliu South Road,10694.37075,100187,100116,42,6,36,18,18
Bei Zhulin,Lingbin Road,10693.20167,100004,100087,15,7,8,8,0
Lingbin Road,Bei Zhulin,10693.20167,100087,100004,12,4,8,3,5
Wujiayao,JinZhong River Street,10692.88665,100150,100079,259,47,212,120,92
JinZhong River Street,Wujiayao,10692.88665,100079,100150,259,55,204,159,45
Chentang Zhuang,Gaozhuangzi,10688.44749,100015,100043,197,35,162,114,48
Gaozhuangzi,Chentang Zhuang,10688.44749,100043,100015,170,22,148,113,35
Wandong Road,Zhou and Deng Memorial Museum,10687.59312,100144,100191,37,15,22,12,10
Zhou and Deng Memorial Museum,Wandong Road,10687.59312,100191,100144,23,7,16,11,5
Yaohuan Road,University town,10686.52639,100170,100143,22,9,13,5,8
University town,Yaohuan Road,10686.52639,100143,100170,13,7,6,1,5
Meijiang Exhibition Centre,Anshan Road,10685.89244,100095,100002,258,62,196,140,56
Anshan Road,Meijiang Exhibition Centre,10685.89244,100002,100095,244,41,203,107,96
Fuxing Gate,Yuejin North Road,10685.57875,100041,100181,25,3,22,14,8
Yuejin North Road,Fuxing Gate,10685.57875,100181,100041,18,3,15,7,8
Laoshan Road,Jiangwan Erzhi Road,10685.10285,100082,100065,46,14,32,18,14
Jiangwan Erzhi Road,Laoshan Road,10685.10285,100065,100082,44,7,37,27,10
West Station,North China Group,10684.24522,100149,100107,1569,484,1085,336,749
North China Group,West Station,10684.24522,100107,100149,1378,420,958,396,562
Changling Road,Lushui Road,10684.17243,100013,100093,45,7,38,13,25
Lushui Road,Changling Road,10684.17243,100093,100013,43,12,31,20,11
Jinshi Bridge,Xiaodian,10684.07898,100076,100155,533,90,443,345,98
Xiaodian,Jinshi Bridge,10684.07898,100155,100076,438,73,365,270,95
Dawang Zhuang,Lijiang Road,10683.34657,100023,100085,32,6,26,14,12
Lijiang Road,Dawang Zhuang,10683.34657,100085,100023,26,7,19,5,14
Liuwei Road,Xueyuan North Road,10682.15919,100090,100165,4,3,1,0,1
Xueyuan North Road,Liuwei Road,10682.15919,100165,100090,2,0,2,1,1
Xianyang Road,Xingfu Park,10681.93689,100153,100159,259,58,201,121,80
Xingfu Park,Xianyang Road,10681.93689,100159,100153,230,50,180,113,67
Qinjian Road,Yixingbu North,10681.36945,100113,100176,44,5,39,25,14
Yixingbu North,Qinjian Road,10681.36945,100176,100113,25,2,23,19,4
JinZhong River Street,Benxi Road,10681.24919,100079,100008,272,75,197,116,81
Benxi Road,JinZhong River Street,10681.24919,100008,100079,209,61,148,84,64
Minquan Gate,Jieyuan West Road,10679.8111,100099,100069,106,27,79,54,25
Jieyuan West Road,Minquan Gate,10679.8111,100069,100099,81,16,65,21,44
Chunhai Road,Xiaobailou,10679.75534,100017,100154,49,12,37,22,15
Xiaobailou,Chunhai Road,10679.75534,100154,100017,46,12,34,18,16
Taichang Road,Airport Economic Zone,10679.6406,100128,100001,615,201,414,218,196
Airport Economic Zone,Taichang Road,10679.6406,100001,100128,560,161,399,255,144
Changling Road,Haiguang Temple,10679.01823,100013,100048,700,133,567,444,123
Haiguang Temple,Changling Road,10679.01823,100048,100013,617,119,498,320,178
Tucheng,Yibin Road,10677.68558,100140,100171,84,18,66,44,22
Yibin Road,Tucheng,10677.68558,100171,100140,79,13,66,50,16
Yangwu Zhuang,Wujiayao,10676.56106,100169,100150,764,116,648,520,128
Wujiayao,Yangwu Zhuang,10676.56106,100150,100169,736,93,643,462,181
Xuzhou Road,Number Two Bridge,10675.07414,100167,100110,7,0,7,2,5
Number Two Bridge,Xuzhou Road,10675.07414,100110,100167,3,0,3,1,2
Chenglin Road,Chinese Medicine First Affiliated Hospital,10674.05908,100014,100016,687,156,531,321,210
Chinese Medicine First Affiliated Hospital,Chenglin Road,10674.05908,100016,100014,619,140,479,214,265
Dongting Road,Shiyijing Road,10673.67104,100034,100117,24,1,23,19,4
Shiyijing Road,Dongting Road,10673.67104,100117,100034,16,4,12,6,6
Magangchang,Jintang Road,10673.3326,100094,100077,17,2,15,9,6
Jintang Road,Magangchang,10673.3326,100077,100094,14,3,11,7,4
Tianshili,Zhigu,10672.67977,100136,100188,40,3,37,27,10
Zhigu,Tianshili,10672.67977,100188,100136,31,6,25,18,7
The Financial University,Dengzhou Road,10671.54436,100132,100024,127,32,95,57,38
Dengzhou Road,The Financial University,10671.54436,100024,100132,81,27,54,29,25
Foreign Languages High School,Yudongcheng,10668.13799,100040,100180,52,4,48,43,5
Yudongcheng,Foreign Languages High School,10668.13799,100180,100040,31,2,29,17,12
Nanlou,Zhangxing Zhuang,10667.24895,100102,100185,88,17,71,47,24
Zhangxing Zhuang,Nanlou,10667.24895,100185,100102,81,11,70,61,9
Jinshi Bridge,Tumour Hospital,10666.13552,100076,100141,439,59,380,248,132
Tumour Hospital,Jinshi Bridge,10666.13552,100141,100076,402,35,367,152,215
Zhanggui Zhuang,Jianguo Road,10665.80775,100184,100064,247,53,194,131,63
Jianguo Road,Zhanggui Zhuang,10665.80775,100064,100184,229,51,178,95,83
Xuzhuangzi,Southwest corner,10665.16305,100168,100124,63,13,50,28,22
Southwest corner,Xuzhuangzi,10665.16305,100124,100168,59,12,47,23,24
Meijiang Park,Haiguang Temple,10662.96294,100096,100048,84,15,69,51,18
Haiguang Temple,Meijiang Park,10662.96294,100048,100096,66,13,53,31,22
Fangshan Road,Jinshi Bridge,10662.8335,100038,100076,16,4,12,10,2
Jinshi Bridge,Fangshan Road,10662.8335,100076,100038,14,3,11,5,6
Cuifu New Village,Huaihe Road,10661.9972,100019,100058,49,10,39,23,16
Huaihe Road,Cuifu New Village,10661.9972,100058,100019,36,3,33,22,11
Jinwan Square,Changling Road,10661.02081,100078,100013,152,39,113,69,44
Changling Road,Jinwan Square,10661.02081,100013,100078,130,19,111,83,28
Beichen Road,Beining Park,10659.07683,100005,100006,83,18,65,42,23
Beining Park,Beichen Road,10659.07683,100006,100005,69,12,57,30,27
Dongting Road,Jinnan Campus of Nankai University,10658.14669,100034,100075,17,7,10,2,8
Jinnan Campus of Nankai University,Dongting Road,10658.14669,100075,100034,14,8,6,1,5
Yixingbu North,Anshan Road,10656.95775,100176,100002,270,60,210,146,64
Anshan Road,Yixingbu North,10656.95775,100002,100176,264,60,204,105,99
Yaohuan Road,Longhan Road,10656.56436,100170,100092,299,59,240,174,66
Longhan Road,Yaohuan Road,10656.56436,100092,100170,296,74,222,128,94
University of Civil Aviation,Jingjiang Road,10655.14166,100142,100072,131,43,88,66,22
Jingjiang Road,University of Civil Aviation,10655.14166,100072,100142,110,32,78,50,28
Tian Tower,Meijiang Exhibition Centre,10655.11051,100133,100095,120,49,71,32,39
Meijiang Exhibition Centre,Tian Tower,10655.11051,100095,100133,108,56,52,22,30
Tianshili,Xikang Road,10654.47024,100136,100158,435,78,357,291,66
Xikang Road,Tianshili,10654.47024,100158,100136,386,69,317,243,74
Xinxing Village,Yudongcheng,10653.96891,100162,100180,13,2,11,10,1
Yudongcheng,Xinxing Village,10653.96891,100180,100162,7,1,6,2,4
Wujiayao,Yihao Bridge,10653.69521,100150,100172,139,26,113,78,35
Yihao Bridge,Wujiayao,10653.69521,100172,100150,126,19,107,81,26
Tianshili,Yudongcheng,10653.55668,100136,100180,66,9,57,42,15
Yudongcheng,Tianshili,10653.55668,100180,100136,65,11,54,37,17
Xueyuan North Road,University of Civil Aviation,10652.02439,100165,100142,12,2,10,8,2
University of Civil Aviation,Xueyuan North Road,10652.02439,100142,100165,6,1,5,4,1
Qinjian Road,Siyuan Road,10651.90025,100113,100121,24,0,24,12,12
Siyuan Road,Qinjian Road,10651.90025,100121,100113,17,2,15,12,3
Nanzhu Bridge,Taichang Road,10651.33792,100104,100128,195,64,131,84,47
Taichang Road,Nanzhu Bridge,10651.33792,100128,100104,193,62,131,67,64
Beining Park,Wanshan Road,10649.21077,100006,100146,4,0,4,1,3
Wanshan Road,Beining Park,10649.21077,100146,100006,1,0,1,1,0
Hongqi South Road,Meilin Road,10648.99292,100057,100098,260,49,211,135,76
Meilin Road,Hongqi South Road,10648.99292,100098,100057,244,54,190,156,34
Cuifu New Village,Yibin Road,10648.77535,100019,100171,90,20,70,46,24
Yibin Road,Cuifu New Village,10648.77535,100171,100019,64,18,46,35,11
University of Civil Aviation,Cuifu New Village,10648.70306,100142,100019,20,5,15,12,3
Cuifu New Village,University of Civil Aviation,10648.70306,100019,100142,19,4,15,10,5
Yizhongxin Hospital,Dongting Road,10648.09512,100177,100034,36,7,29,23,6
Dongting Road,Yizhongxin Hospital,10648.09512,100034,100177,30,2,28,20,8
Siyuan Road,Cultural centre,10645.42725,100121,100020,77,15,62,34,28
Cultural centre,Siyuan Road,10645.42725,100020,100121,66,12,54,20,34
Jinwan Square,Meijiang Park,10644.96552,100078,100096,31,5,26,17,9
Meijiang Park,Jinwan Square,10644.96552,100096,100078,30,6,24,20,4
Fuxing Gate,Gulou,10641.98607,100041,100045,204,90,114,60,54
Gulou,Fuxing Gate,10641.98607,100045,100041,184,94,90,34,56
Yingfeng Road,Chentang Zhuang,10641.34258,100173,100015,101,15,86,70,16
Chentang Zhuang,Yingfeng Road,10641.34258,100015,100173,77,4,73,50,23
Chinese Medicine First Affiliated Hospital,Shuanglin,10640.7075,100016,100119,87,23,64,28,36
Shuanglin,Chinese Medicine First Affiliated Hospital,10640.7075,100119,100016,77,19,58,27,31
Tucheng,Xianyang Road,10638.10141,100140,100153,492,81,411,267,144
Xianyang Road,Tucheng,10638.10141,100153,100140,461,74,387,270,117
Yingkou Road,Shuanglin,10637.92629,100174,100119,5787,2100,3687,1722,1965
Shuanglin,Yingkou Road,10637.92629,100119,100174,5607,1967,3640,2224,1416
Weishan Road,Yingkou Road,10637.36593,100148,100174,53,25,28,18,10
Yingkou Road,Weishan Road,10637.36593,100174,100148,35,21,14,8,6
Magangchang,Nancuiping,10637.33338,100094,100100,8,1,7,1,6
Nancuiping,Magangchang,10637.33338,100100,100094,6,2,4,3,1
Tucheng,Laoshan Road,10637.2076,100140,100082,92,17,75,50,25
Laoshan Road,Tucheng,10637.2076,100082,100140,86,17,69,45,24
Tucheng,Siyuan Road,10630.35426,100140,100121,38,6,32,18,14
Siyuan Road,Tucheng,10630.35426,100121,100140,37,8,29,19,10
Zhongshan Road,Huayuan,10629.44239,100190,100061,1059,128,931,692,239
Huayuan,Zhongshan Road,10629.44239,100061,100190,993,134,859,605,254
Anshan Road,Siyuan Road,10627.48855,100002,100121,81,16,65,29,36
Siyuan Road,Anshan Road,10627.48855,100121,100002,78,19,59,25,34
Tiedong Road,Southwest Tower,10627.32352,100139,100125,169,26,143,97,46
Southwest Tower,Tiedong Road,10627.32352,100125,100139,100,18,82,47,35
Fengchan River,Professional University,10626.67725,100039,100112,7,5,2,1,1
Professional University,Fengchan River,10626.67725,100112,100039,6,3,3,2,1
Jiayuan Li,Tiantuo,10625.36323,100067,100138,429,65,364,298,66
Tiantuo,Jiayuan Li,10625.36323,100138,100067,326,39,287,204,83
Yingfeng Road,Qinjian Road,10625.1168,100173,100113,288,66,222,163,59
Qinjian Road,Yingfeng Road,10625.1168,100113,100173,186,32,154,96,58
JinZhong River Street,Tiantuo,10624.64846,100079,100138,385,63,322,276,46
Tiantuo,JinZhong River Street,10624.64846,100138,100079,317,53,264,185,79
Lijiang Road,Zhaoyuan Road,10623.92055,100085,100186,40,11,29,8,21
Zhaoyuan Road,Lijiang Road,10623.92055,100186,100085,38,10,28,12,16
Xueyuan North Road,Cuifu New Village,10623.88145,100165,100019,1,0,1,1,0
Cuifu New Village,Xueyuan North Road,10623.88145,100019,100165,1,1,0,0,0
Hehui South Road,Lushui Road,10623.75487,100052,100093,618,136,482,313,169
Lushui Road,Hehui South Road,10623.75487,100093,100052,557,113,444,255,189
Zhigu,Chunhai Road,10622.35183,100188,100017,18,6,12,10,2
Chunhai Road,Zhigu,10622.35183,100017,100188,14,7,7,4,3
Zhongshan Gate,Laoshan Road,10621.40001,100189,100082,11,0,11,3,8
Laoshan Road,Zhongshan Gate,10621.40001,100082,100189,9,2,7,3,4
Liaohe North Road,Yingkou Road,10620.09404,100084,100174,659,174,485,319,166
Yingkou Road,Liaohe North Road,10620.09404,100174,100084,602,148,454,220,234
Cuifu New Village,Zhou and Deng Memorial Museum,10618.62049,100019,100191,112,30,82,58,24
Zhou and Deng Memorial Museum,Cuifu New Village,10618.62049,100191,100019,82,8,74,49,25
Shiyijing Road,Weishan Road,10617.95626,100117,100148,3,0,3,1,2
Nancuiping,Zhongshan Gate,10617.64452,100100,100189,82,19,63,34,29
Zhongshan Gate,Nancuiping,10617.64452,100189,100100,78,16,62,50,12
Yixingbu North,Xikang Road,10616.18874,100176,100158,346,74,272,215,57
Xikang Road,Yixingbu North,10616.18874,100158,100176,310,47,263,158,105
University town,Xiaobailou,10612.10021,100143,100154,2724,755,1969,1340,629
Xiaobailou,University town,10612.10021,100154,100143,2345,627,1718,985,733
Jintang Road,People's Hospital,10611.65533,100077,100111,135,23,112,76,36
People's Hospital,Jintang Road,10611.65533,100111,100077,128,29,99,46,53
Wanshan Road,Lijiang Road,10611.45198,100146,100085,34,8,26,21,5
Lijiang Road,Wanshan Road,10611.45198,100085,100146,28,7,21,16,5
Yaohuan Road,Chenglin Road,10608.05969,100170,100014,56,12,44,23,21
Chenglin Road,Yaohuan Road,10608.05969,100014,100170,49,8,41,26,15
Cuifu New Village,Xianyang Road,10606.81564,100019,100153,406,83,323,214,109
Xianyang Road,Cuifu New Village,10606.81564,100153,100019,307,65,242,158,84
Jianchang Road,Jianshan Road,10606.13644,100063,100066,49,4,45,32,13
Jianshan Road,Jianchang Road,10606.13644,100066,100063,21,3,18,14,4
Xueyuan North Road,Xiawafang,10605.60981,100165,100157,6,0,6,0,6
Shuanglin,Shiyijing Road,10605.38787,100119,100117,175,25,150,124,26
Shiyijing Road,Shuanglin,10605.38787,100117,100119,135,19,116,70,46
Shunchi Bridge,Yizhongxin Hospital,10605.05184,100120,100177,191,26,165,116,49
Yizhongxin Hospital,Shunchi Bridge,10605.05184,100177,100120,163,25,138,99,39
Chenglin Road,Meijiang Exhibition Centre,10601.58086,100014,100095,271,104,167,114,53
Meijiang Exhibition Centre,Chenglin Road,10601.58086,100095,100014,261,95,166,114,52
Yihao Bridge,Yueya River,10601.54453,100172,100182,202,29,173,88,85
Yueya River,Yihao Bridge,10601.54453,100182,100172,197,36,161,111,50
Zhongshan Gate,Dengzhou South Road,10600.58556,100189,100025,10,1,9,6,3
Dengzhou South Road,Zhongshan Gate,10600.58556,100025,100189,9,3,6,4,2
Zhanggui Zhuang,Jinwan Square,10598.50186,100184,100078,433,96,337,256,81
Jinwan Square,Zhanggui Zhuang,10598.50186,100078,100184,390,83,307,190,117
Zhongshan Road,Xiangshan Road,10597.3546,100190,100151,84,18,66,43,23
Xiangshan Road,Zhongshan Road,10597.3546,100151,100190,79,18,61,31,30
Xiaodian,Foreign Languages High School,10596.99212,100155,100040,14,2,12,12,0
Foreign Languages High School,Xiaodian,10596.99212,100040,100155,7,0,7,6,1
Second hospital of the Medical University,Yueya River,10595.83775,100115,100182,225,45,180,121,59
Yueya River,Second hospital of the Medical University,10595.83775,100182,100115,206,40,166,117,49
Heping Road,JinZhong Street,10593.11763,100053,100080,1580,574,1006,406,600
JinZhong Street,Heping Road,10593.11763,100080,100053,1181,415,766,361,405
Yudongcheng,Tiedong Road,10592.74324,100180,100139,318,41,277,214,63
Tiedong Road,Yudongcheng,10592.74324,100139,100180,208,37,171,94,77
Jianchang Road,Yibin Road,10590.72448,100063,100171,89,14,75,59,16
Yibin Road,Jianchang Road,10590.72448,100171,100063,71,13,58,45,13
Siyuan Road,Xikang Road,10586.71954,100121,100158,95,25,70,49,21
Xikang Road,Siyuan Road,10586.71954,100158,100121,79,22,57,38,19
Jiefang South Road,Yingkou Road,10586.34805,100068,100174,1093,373,720,420,300
Yingkou Road,Jiefang South Road,10586.34805,100174,100068,1023,326,697,362,335
Meijiang Road,Yuanyang International Centre,10585.07177,100097,100179,96,16,80,57,23
Yuanyang International Centre,Meijiang Road,10585.07177,100179,100097,80,17,63,36,27
Liqi Zhuang South,The Financial University,10582.61008,100088,100132,8,1,7,3,4
The Financial University,Liqi Zhuang South,10582.61008,100132,100088,5,2,3,2,1
Jingjiang Road,Anshan West Road,10581.64713,100072,100003,420,65,355,273,82
Anshan West Road,Jingjiang Road,10581.64713,100003,100072,369,50,319,202,117
Nancuiping,Xinkai River,10581.15353,100100,100160,56,8,48,38,10
Xinkai River,Nancuiping,10581.15353,100160,100100,50,18,32,18,14
Shaliu South Road,Tianjin Hotel,10580.15647,100116,100134,131,19,112,87,25
Tianjin Hotel,Shaliu South Road,10580.15647,100134,100116,124,12,112,89,23
Jinwan Square,University town,10579.96222,100078,100143,1913,813,1100,407,693
University town,Jinwan Square,10579.96222,100143,100078,1694,656,1038,560,478
JinZhong Street,Liuwei Road,10577.22254,100080,100090,71,18,53,28,25
Liuwei Road,JinZhong Street,10577.22254,100090,100080,61,13,48,23,25
Tianshili,Xuzhou Road,10573.47004,100136,100167,21,5,16,14,2
Xuzhou Road,Tianshili,10573.47004,100167,100136,11,4,7,4,3
Jinwan Square,Yuejin North Road,10572.77885,100078,100181,22,2,20,9,11
Yuejin North Road,Jinwan Square,10572.77885,100181,100078,18,1,17,14,3
Youyi South Road,Anshan West Road,10572.02359,100178,100003,1,0,1,0,1
Anshan West Road,Youyi South Road,10572.02359,100003,100178,1,0,1,1,0
Xuzhou Road,Water Park Road East,10570.67013,100167,100147,6,0,6,3,3
Water Park Road East,Xuzhou Road,10570.67013,100147,100167,3,1,2,1,1
Beichen Road,North China Group,10570.57118,100005,100107,212,44,168,102,66
North China Group,Beichen Road,10570.57118,100107,100005,204,54,150,72,78
Guoshan Road,Dongxing Road,10568.6498,100047,100035,29,3,26,12,14
Dongxing Road,Guoshan Road,10568.6498,100035,100047,28,5,23,18,5
Liaohe North Road,Jin Street,10568.18142,100084,100070,73,13,60,49,11
Jin Street,Liaohe North Road,10568.18142,100070,100084,46,5,41,27,14
Yudongcheng,Yixingbu North,10566.46231,100180,100176,257,52,205,127,78
Yixingbu North,Yudongcheng,10566.46231,100176,100180,209,45,164,103,61
Laoshan Road,Xikang Road,10563.24522,100082,100158,186,39,147,115,32
Xikang Road,Laoshan Road,10563.24522,100158,100082,153,20,133,81,52
Nanzhu Bridge,Yizhongxin Hospital,10562.98856,100104,100177,15,6,9,6,3
Yizhongxin Hospital,Nanzhu Bridge,10562.98856,100177,100104,12,4,8,7,1
Cuifu New Village,Meijiang Road,10562.18191,100019,100097,37,7,30,21,9
Meijiang Road,Cuifu New Village,10562.18191,100097,100019,33,6,27,18,9
Yudongcheng,Huashan Li,10560.3567,100180,100060,51,10,41,30,11
Huashan Li,Yudongcheng,10560.3567,100060,100180,27,7,20,11,9
Beining Park,Water Park Road East,10559.91179,100006,100147,211,79,132,81,51
Water Park Road East,Beining Park,10559.91179,100147,100006,167,53,114,63,51
University of Civil Aviation,Liuwei Road,10559.74677,100142,100090,479,152,327,184,143
Liuwei Road,University of Civil Aviation,10559.74677,100090,100142,437,153,284,87,197
Jinshi Bridge,Jiayuan Li,10559.28522,100076,100067,152,32,120,68,52
Jiayuan Li,Jinshi Bridge,10559.28522,100067,100076,139,25,114,64,50
Shuanggang,Water Park Road East,10558.80865,100118,100147,236,77,159,93,66
Water Park Road East,Shuanggang,10558.80865,100147,100118,232,81,151,82,69
Meijiang Road,Liuwei Road,10558.49063,100097,100090,1,0,1,1,0
Dabi Zhuang,Taichang Road,10558.26906,100021,100128,346,125,221,116,105
Taichang Road,Dabi Zhuang,10558.26906,100128,100021,289,112,177,76,101
Chinese Medicine First Affiliated Hospital,Chentang Zhuang,10556.04715,100016,100015,206,44,162,90,72
Chentang Zhuang,Chinese Medicine First Affiliated Hospital,10556.04715,100015,100016,189,37,152,96,56
Xinkai River,Liuyuan,10554.77613,100160,100091,182,53,129,79,50
Liuyuan,Xinkai River,10554.77613,100091,100160,172,56,116,65,51
Liaohe North Road,Shiyijing Road,10554.30428,100084,100117,106,23,83,72,11
Shiyijing Road,Liaohe North Road,10554.30428,100117,100084,81,17,64,38,26
Zhongshan Gate,The Financial University,10551.03256,100189,100132,45,19,26,10,16
The Financial University,Zhongshan Gate,10551.03256,100132,100189,28,6,22,12,10
Dengzhou South Road,Jianguo Road,10549.4633,100025,100064,90,14,76,55,21
Jianguo Road,Dengzhou South Road,10549.4633,100064,100025,79,14,65,51,14
Jiangwan Erzhi Road,Tian Tower,10548.99409,100065,100133,12,7,5,2,3
Tian Tower,Jiangwan Erzhi Road,10548.99409,100133,100065,11,8,3,2,1
Chinese Medicine First Affiliated Hospital,Dawang Zhuang,10544.26461,100016,100023,301,54,247,170,77
Dawang Zhuang,Chinese Medicine First Affiliated Hospital,10544.26461,100023,100016,234,50,184,113,71
University town,Second hospital of the Medical University,10543.89783,100143,100115,245,65,180,119,61
Second hospital of the Medical University,University town,10543.89783,100115,100143,222,54,168,112,56
Tiantuo,Jiefang South Road,10542.60584,100138,100068,355,70,285,155,130
Jiefang South Road,Tiantuo,10542.60584,100068,100138,317,63,254,142,112
Hangshuang Road,Xingfu Park,10541.46739,100051,100159,100,11,89,64,25
Xingfu Park,Hangshuang Road,10541.46739,100159,100051,98,14,84,70,14
Xiaobailou,Lushui Road,10540.19684,100154,100093,193,67,126,64,62
Lushui Road,Xiaobailou,10540.19684,100093,100154,185,52,133,90,43
Yixingbu,Xiaobailou,10540.0064,100175,100154,705,147,558,371,187
Xiaobailou,Yixingbu,10540.0064,100154,100175,637,136,501,270,231
Erwei Road,Sports Centre,10536.48276,100036,100126,129,44,85,55,30
Sports Centre,Erwei Road,10536.48276,100126,100036,128,41,87,58,29
Nancuiping,Foreign Languages High School,10535.47113,100100,100040,88,13,75,62,13
Foreign Languages High School,Nancuiping,10535.47113,100040,100100,87,8,79,63,16
Changling Road,People's Hospital,10534.41332,100013,100111,396,84,312,203,109
People's Hospital,Changling Road,10534.41332,100111,100013,375,77,298,135,163
Honghu Li,Liaohe North Road,10534.19821,100055,100084,18,3,15,3,12
Liaohe North Road,Honghu Li,10534.19821,100084,100055,11,1,10,6,4
Gaozhuangzi,Chunhai Road,10533.45049,100043,100017,30,2,28,25,3
Chunhai Road,Gaozhuangzi,10533.45049,100017,100043,27,4,23,20,3
Dengzhou Road,Zhangxing Zhuang,10531.50948,100024,100185,55,16,39,28,11
Zhangxing Zhuang,Dengzhou Road,10531.50948,100185,100024,51,17,34,26,8
Yibin Road,Jiangwan Erzhi Road,10531.08469,100171,100065,16,2,14,10,4
Jiangwan Erzhi Road,Yibin Road,10531.08469,100065,100171,16,5,11,4,7
Yaohuan Road,Changhong Park,10531.03376,100170,100012,76,18,58,34,24
Changhong Park,Yaohuan Road,10531.03376,100012,100170,69,13,56,32,24
Zhaoyuan Road,Nanlou,10530.29923,100186,100102,26,4,22,15,7
Nanlou,Zhaoyuan Road,10530.29923,100102,100186,21,4,17,14,3
Hongni River East,Jinmao Industrial Area,10530.01799,100056,100074,5,1,4,2,2
Jinmao Industrial Area,Hongni River East,10530.01799,100074,100056,2,0,2,1,1
Foreign Languages High School,Zhou and Deng Memorial Museum,10528.52298,100040,100191,23,6,17,13,4
Zhou and Deng Memorial Museum,Foreign Languages High School,10528.52298,100191,100040,12,4,8,3,5
Chenglin Road,Weishan Road,10528.39938,100014,100148,50,16,34,26,8
Weishan Road,Chenglin Road,10528.39938,100148,100014,48,17,31,24,7
Haihe East Road,Xuzhou Road,10524.62507,100049,100167,2,1,1,0,1
Nancuiping,North Station,10524.0983,100100,100108,132,66,66,41,25
North Station,Nancuiping,10524.0983,100108,100100,91,37,54,30,24
Fuxing Gate,Lingbin Road,10521.64759,100041,100087,54,13,41,32,9
Lingbin Road,Fuxing Gate,10521.64759,100087,100041,36,7,29,17,12
Xingfu Park,Meijiang Road,10521.60452,100159,100097,195,22,173,144,29
Meijiang Road,Xingfu Park,10521.60452,100097,100159,175,25,150,100,50
Zhangxing Zhuang,Wujiayao,10521.36996,100185,100150,195,27,168,115,53
Wujiayao,Zhangxing Zhuang,10521.36996,100150,100185,182,24,158,111,47
Fuxing Road,Dongxing Road,10521.36354,100042,100035,25,2,23,14,9
Dongxing Road,Fuxing Road,10521.36354,100035,100042,24,4,20,10,10
Tian Tower,Minquan Gate,10521.27507,100133,100099,233,76,157,53,104
Minquan Gate,Tian Tower,10521.27507,100099,100133,230,78,152,86,66
Benxi Road,Zhangxing Zhuang,10520.94811,100008,100185,10,4,6,4,2
Zhangxing Zhuang,Benxi Road,10520.94811,100185,100008,9,5,4,1,3
Chenglin Road,Yingfeng Road,10518.88881,100014,100173,219,37,182,111,71
Yingfeng Road,Chenglin Road,10518.88881,100173,100014,218,40,178,119,59
Minquan Gate,Xiaodian,10518.88109,100099,100155,47,11,36,28,8
Xiaodian,Minquan Gate,10518.88109,100155,100099,34,7,27,16,11
Youyi South Road,Xiaobailou,10515.26104,100178,100154,52,9,43,28,15
Xiaobailou,Youyi South Road,10515.26104,100154,100178,34,8,26,15,11
Longhan Road,Jinwan Square,10515.00558,100092,100078,5,0,5,5,0
Dawang Zhuang,Meijiang Exhibition Centre,10514.08895,100023,100095,105,28,77,42,35
Meijiang Exhibition Centre,Dawang Zhuang,10514.08895,100095,100023,104,28,76,53,23
Jin Street,Sports Centre,10513.43948,100070,100126,81,17,64,40,24
Sports Centre,Jin Street,10513.43948,100126,100070,78,26,52,27,25
Meilin Road,Yaohuan Road,10511.44944,100098,100170,9,1,8,7,1
Yaohuan Road,Meilin Road,10511.44944,100170,100098,3,1,2,2,0
Bianxing,Xuzhou Road,10510.61765,100009,100167,363,59,304,264,40
Xuzhou Road,Bianxing,10510.61765,100167,100009,298,48,250,170,80
Nansun Zhuang,North Station,10509.42378,100103,100108,16,6,10,5,5
North Station,Nansun Zhuang,10509.42378,100108,100103,8,1,7,4,3
Beichen Road,Minquan Gate,10508.15686,100005,100099,127,35,92,56,36
Minquan Gate,Beichen Road,10508.15686,100099,100005,115,32,83,56,27
Yutai,Tucheng,10507.56411,100183,100140,42,10,32,17,15
Tucheng,Yutai,10507.56411,100140,100183,38,5,33,22,11
Huaihe Road,Yuanyang International Centre,10507.09493,100058,100179,255,47,208,159,49
Yuanyang International Centre,Huaihe Road,10507.09493,100179,100058,229,36,193,136,57
Southwest corner,Meijiang Road,10506.9203,100124,100097,140,30,110,77,33
Meijiang Road,Southwest corner,10506.9203,100097,100124,137,17,120,92,28
Nanhe Zhuang,Tianshili,10506.39708,100101,100136,9,5,4,4,0
Tianshili,Nanhe Zhuang,10506.39708,100136,100101,5,1,4,3,1
Yixingbu North,Xuzhou Road,10505.28614,100176,100167,282,48,234,170,64
Xuzhou Road,Yixingbu North,10505.28614,100167,100176,238,37,201,124,77
Zhongshan Road,Tumour Hospital,10505.06846,100190,100141,155,21,134,85,49
Tumour Hospital,Zhongshan Road,10505.06846,100141,100190,142,22,120,58,62
Dongxing Road,Jiangwan Erzhi Road,10504.9396,100035,100065,7,1,6,3,3
Jiangwan Erzhi Road,Dongxing Road,10504.9396,100065,100035,5,0,5,3,2
Yihao Bridge,Zhongshan Road,10503.76641,100172,100190,252,43,209,135,74
Zhongshan Road,Yihao Bridge,10503.76641,100190,100172,209,38,171,105,66
Ruijing XinYuan,Anshan Road,10503.69028,100114,100002,2971,637,2334,1484,850
Anshan Road,Ruijing XinYuan,10503.69028,100002,100114,2721,556,2165,1193,972
Yingkou Road,Zhanggui Zhuang,10502.93212,100174,100184,1421,470,951,494,457
Zhanggui Zhuang,Yingkou Road,10502.93212,100184,100174,1402,474,928,579,349
Fuxing Road,Taichang Road,10502.23249,100042,100128,103,27,76,56,20
Taichang Road,Fuxing Road,10502.23249,100128,100042,63,12,51,37,14
Siyuan Road,Guoshan Road,10499.02287,100121,100047,5,1,4,2,2
Guoshan Road,Siyuan Road,10499.02287,100047,100121,2,1,1,0,1
Wangdingdi,Dongxing Road,10498.52067,100145,100035,34,7,27,23,4
Dongxing Road,Wangdingdi,10498.52067,100035,100145,26,3,23,19,4
Wandong Road,JinZhong Street,10498.03577,100144,100080,45,14,31,18,13
JinZhong Street,Wandong Road,10498.03577,100080,100144,20,6,14,12,2
Yixingbu North,Zhigu,10496.83988,100176,100188,343,63,280,199,81
Zhigu,Yixingbu North,10496.83988,100188,100176,337,52,285,175,110
Liulin Road,Lingbin Road,10496.75769,100089,100087,54,13,41,23,18
Lingbin Road,Liulin Road,10496.75769,100087,100089,45,7,38,23,15
Jiangwan Erzhi Road,Jiefang South Road,10496.34287,100065,100068,8,2,6,4,2
Dawang Zhuang,Yaohuan Road,10495.89579,100023,100170,36,2,34,23,11
Yaohuan Road,Dawang Zhuang,10495.89579,100170,100023,26,3,23,16,7
Tumour Hospital,The Financial University,10492.35601,100141,100132,337,78,259,152,107
The Financial University,Tumour Hospital,10492.35601,100132,100141,297,68,229,164,65
Xuefu Industrial Area,Xikang Road,10492.29812,100163,100158,1048,70,978,720,258
Xikang Road,Xuefu Industrial Area,10492.29812,100158,100163,986,53,933,743,190
Tianjin Station,Dabi Zhuang,10489.89305,100135,100021,719,222,497,183,314
Dabi Zhuang,Tianjin Station,10489.89305,100021,100135,570,168,402,180,222
Yutai,Jintang Road,10488.83785,100183,100077,48,12,36,23,13
Jintang Road,Yutai,10488.83785,100077,100183,44,11,33,21,12
Weishan Road,Hangshuang Road,10488.25224,100148,100051,60,5,55,48,7
Hangshuang Road,Weishan Road,10488.25224,100051,100148,48,2,46,41,5
Meijiang Road,Yihao Bridge,10485.87882,100097,100172,9,1,8,6,2
Yihao Bridge,Meijiang Road,10485.87882,100172,100097,6,3,3,2,1
Southeast Corner,Guoshan Road,10484.78574,100123,100047,327,79,248,150,98
Guoshan Road,Southeast Corner,10484.78574,100047,100123,311,75,236,160,76
Gulou,Xuzhuangzi,10481.54278,100045,100168,88,30,58,30,28
Xuzhuangzi,Gulou,10481.54278,100168,100045,83,26,57,38,19
Xuzhuangzi,Xiangshan Road,10481.18985,100168,100151,29,4,25,21,4
Xiangshan Road,Xuzhuangzi,10481.18985,100151,100168,27,2,25,22,3
Meijiang Road,Wandong Road,10479.30386,100097,100144,18,1,17,12,5
Wandong Road,Meijiang Road,10479.30386,100144,100097,12,2,10,8,2
Wandong Road,Changhong Park,10477.33865,100144,100012,132,32,100,68,32
Changhong Park,Wandong Road,10477.33865,100012,100144,98,16,82,56,26
Jiefang South Road,Shiyijing Road,10476.89765,100068,100117,200,29,171,135,36
Shiyijing Road,Jiefang South Road,10476.89765,100117,100068,199,35,164,97,67
Xinkai River,Wangdingdi,10475.15554,100160,100145,9,2,7,6,1
Wangdingdi,Xinkai River,10475.15554,100145,100160,7,0,7,6,1
Xunhai Road,Chentang Zhuang,10471.1219,100166,100015,9,1,8,7,1
Chentang Zhuang,Xunhai Road,10471.1219,100015,100166,6,0,6,5,1
Qinjian Road,Jianchang Road,10470.3106,100113,100063,48,8,40,30,10
Jianchang Road,Qinjian Road,10470.3106,100063,100113,29,4,25,20,5
Yaohuan Road,Chentang Zhuang,10469.52221,100170,100015,51,14,37,24,13
Chentang Zhuang,Yaohuan Road,10469.52221,100015,100170,46,15,31,19,12
Meilin Road,Jintang Road,10468.16755,100098,100077,96,13,83,66,17
Jintang Road,Meilin Road,10468.16755,100077,100098,68,13,55,33,22
Zhongshan Gate,Jianchang Road,10467.86012,100189,100063,101,20,81,44,37
Jianchang Road,Zhongshan Gate,10467.86012,100063,100189,90,13,77,57,20
Shunchi Bridge,Tiantuo,10465.95455,100120,100138,244,28,216,177,39
Tiantuo,Shunchi Bridge,10465.95455,100138,100120,220,31,189,147,42
Yueya River,Beichen Road,10463.77185,100182,100005,363,76,287,184,103
Beichen Road,Yueya River,10463.77185,100005,100182,342,68,274,194,80
Taichang Road,People's Hospital,10463.51429,100128,100111,202,49,153,73,80
People's Hospital,Taichang Road,10463.51429,100111,100128,175,44,131,77,54
Minquan Gate,Zhongshan Gate,10461.71124,100099,100189,60,17,43,29,14
Zhongshan Gate,Minquan Gate,10461.71124,100189,100099,47,12,35,24,11
Erwei Road,Zuojiang Road,10460.16772,100036,100192,60,6,54,41,13
Zuojiang Road,Erwei Road,10460.16772,100192,100036,43,6,37,28,9
Jieyuan West Road,Leyuan Road,10459.03143,100069,100083,228,84,144,100,44
Leyuan Road,Jieyuan West Road,10459.03143,100083,100069,208,77,131,76,55
Chentang Zhuang,Meijiang Exhibition Centre,10458.7189,100015,100095,17,8,9,1,8
Meijiang Exhibition Centre,Chentang Zhuang,10458.7189,100095,100015,14,7,7,1,6
Jianchang Road,Anshan Road,10458.06057,100063,100002,319,68,251,164,87
Anshan Road,Jianchang Road,10458.06057,100002,100063,246,46,200,79,121
Wangdingdi,Chenglin Road,10455.32392,100145,100014,45,10,35,19,16
Chenglin Road,Wangdingdi,10455.32392,100014,100145,27,9,18,10,8
JinZhong Street,Fuxing Road,10454.35411,100080,100042,69,24,45,34,11
Fuxing Road,JinZhong Street,10454.35411,100042,100080,66,20,46,21,25
JinZhong Street,Zhigu,10453.79295,100080,100188,250,43,207,165,42
Zhigu,JinZhong Street,10453.79295,100188,100080,248,43,205,124,81
Beining Park,Xiaodian,10452.06514,100006,100155,96,7,89,68,21
Xiaodian,Beining Park,10452.06514,100155,100006,89,12,77,59,18
Wujiayao,Chinese Medicine First Affiliated Hospital,10451.36961,100150,100016,133,24,109,52,57
Chinese Medicine First Affiliated Hospital,Wujiayao,10451.36961,100016,100150,119,26,93,50,43
Dongjiang Road,Chenglin Road,10450.60296,100028,100014,1,0,1,0,1
Zhongshan Road,Ruijing XinYuan,10449.95427,100190,100114,133,40,93,51,42
Ruijing XinYuan,Zhongshan Road,10449.95427,100114,100190,108,36,72,35,37
Shiyijing Road,Xinli,10449.14884,100117,100161,1083,144,939,629,310
Xinli,Shiyijing Road,10449.14884,100161,100117,1065,148,917,749,168
Cultural centre,Wanshan Road,10448.95455,100020,100146,11,5,6,5,1
Wanshan Road,Cultural centre,10448.95455,100146,100020,8,3,5,4,1
Laoshan Road,Anshan Road,10448.47688,100082,100002,151,37,114,85,29
Anshan Road,Laoshan Road,10448.47688,100002,100082,146,36,110,61,49
Huashan Li,Chinese Medicine First Affiliated Hospital,10446.10779,100060,100016,77,23,54,35,19
Chinese Medicine First Affiliated Hospital,Huashan Li,10446.10779,100016,100060,56,13,43,15,28
Tucheng,Meilin Road,10445.8181,100140,100098,13,1,12,4,8
Meilin Road,Tucheng,10445.8181,100098,100140,11,3,8,3,5
University town,Jianshan Road,10445.80954,100143,100066,180,66,114,76,38
Jianshan Road,University town,10445.80954,100066,100143,178,51,127,81,46
Huayuan,Dawang Zhuang,10443.77209,100061,100023,405,53,352,240,112
Dawang Zhuang,Huayuan,10443.77209,100023,100061,403,41,362,269,93
Yueya River,Xiaodian,10441.57771,100182,100155,141,22,119,100,19
Xiaodian,Yueya River,10441.57771,100155,100182,124,13,111,91,20
Dongxing Road,Anshan West Road,10441.4955,100035,100003,60,11,49,35,14
Anshan West Road,Dongxing Road,10441.4955,100003,100035,41,7,34,22,12
Lijiang Road,Chentang Zhuang,10439.84613,100085,100015,23,4,19,9,10
Chentang Zhuang,Lijiang Road,10439.84613,100015,100085,19,0,19,12,7
Wandong Road,Youyi South Road,10439.23758,100144,100178,84,13,71,55,16
Youyi South Road,Wandong Road,10439.23758,100178,100144,84,17,67,44,23
Wanshan Road,Lilou,10439.05172,100146,100086,19,2,17,16,1
Lilou,Wanshan Road,10439.05172,100086,100146,14,4,10,6,4
Leyuan Road,Shaliu South Road,10437.16756,100083,100116,27,10,17,4,13
Shaliu South Road,Leyuan Road,10437.16756,100116,100083,18,5,13,5,8
Zuojiang Road,Jin Street,10437.12444,100192,100070,14,5,9,7,2
Jin Street,Zuojiang Road,10437.12444,100070,100192,14,6,8,4,4
Hongqi South Road,Beining Park,10433.65073,100057,100006,272,79,193,126,67
Beining Park,Hongqi South Road,10433.65073,100006,100057,270,56,214,137,77
Huaihe Road,JinZhong Street,10432.98357,100058,100080,41,13,28,15,13
JinZhong Street,Huaihe Road,10432.98357,100080,100058,40,12,28,17,11
Shunchi Bridge,Huaihe Road,10431.79204,100120,100058,72,4,68,34,34
Huaihe Road,Shunchi Bridge,10431.79204,100058,100120,59,6,53,37,16
Lingbin Road,Fuxing Road,10429.56095,100087,100042,28,5,23,16,7
Fuxing Road,Lingbin Road,10429.56095,100042,100087,27,7,20,18,2
Guangkaisima Road,Zhongshan Gate,10429.46426,100044,100189,373,78,295,196,99
Zhongshan Gate,Guangkaisima Road,10429.46426,100189,100044,293,62,231,188,43
Fangshan Road,Cultural centre,10429.24972,100038,100020,45,18,27,18,9
Cultural centre,Fangshan Road,10429.24972,100020,100038,44,21,23,15,8
Xingfu Park,People's Hospital,10425.02449,100159,100111,196,45,151,102,49
People's Hospital,Xingfu Park,10425.02449,100111,100159,166,22,144,58,86
Tianjin Station,Jiayuan Li,10424.66071,100135,100067,716,229,487,224,263
Jiayuan Li,Tianjin Station,10424.66071,100067,100135,574,176,398,227,171
Liulin Road,Jingjiang Road,10423.17477,100089,100072,123,33,90,39,51
Jingjiang Road,Liulin Road,10423.17477,100072,100089,121,35,86,47,39
Jianchang Road,Xikang Road,10418.90815,100063,100158,104,24,80,62,18
Xikang Road,Jianchang Road,10418.90815,100158,100063,104,24,80,44,36
Zuojiang Road,Changhong Park,10418.66714,100192,100012,183,32,151,93,58
Changhong Park,Zuojiang Road,10418.66714,100012,100192,158,29,129,87,42
Bei Zhulin,Dongxing Road,10417.78726,100004,100035,3,0,3,3,0
Dongxing Road,Bei Zhulin,10417.78726,100035,100004,2,0,2,2,0
Yuejin North Road,Nanzhu Bridge,10415.90936,100181,100104,84,13,71,43,28
Nanzhu Bridge,Yuejin North Road,10415.90936,100104,100181,74,17,57,36,21
Xiangshan Road,Gulou,10415.5486,100151,100045,194,58,136,75,61
Gulou,Xiangshan Road,10415.5486,100045,100151,164,47,117,68,49
Tianjin Hotel,Weishan Road,10414.07326,100134,100148,10,0,10,7,3
Weishan Road,Tianjin Hotel,10414.07326,100148,100134,3,2,1,0,1
Dongjiang Road,Hangshuang Road,10410.45583,100028,100051,7,0,7,5,2
Hangshuang Road,Dongjiang Road,10410.45583,100051,100028,3,0,3,3,0
Wujiayao,Lijiang Road,10409.89869,100150,100085,9,1,8,6,2
Lijiang Road,Wujiayao,10409.89869,100085,100150,5,2,3,0,3
Yudongcheng,Northwest Corner,10409.65423,100180,100109,1136,204,932,669,263
Northwest Corner,Yudongcheng,10409.65423,100109,100180,953,189,764,445,319
Yueya River,Airport Economic Zone,10405.47706,100182,100001,621,118,503,414,89
Airport Economic Zone,Yueya River,10405.47706,100001,100182,551,76,475,326,149
West Station,Lingbin Road,10404.89943,100149,100087,227,67,160,45,115
Lingbin Road,West Station,10404.89943,100087,100149,209,69,140,81,59
Gulou,Wanshan Road,10404.39138,100045,100146,67,20,47,13,34
Wanshan Road,Gulou,10404.39138,100146,100045,59,20,39,20,19
Nanhe Zhuang,Yixingbu North,10404.36137,100101,100176,53,24,29,20,9
Yixingbu North,Nanhe Zhuang,10404.36137,100176,100101,51,17,34,18,16
Lingbin Road,Jingjiang Road,10404.26314,100087,100072,299,57,242,131,111
Jingjiang Road,Lingbin Road,10404.26314,100072,100087,290,67,223,121,102
Shuanglin,Yaohuan Road,10402.01506,100119,100170,63,26,37,17,20
Yaohuan Road,Shuanglin,10402.01506,100170,100119,61,23,38,20,18
Jinmao Industrial Area,Southeast Corner,10401.89674,100074,100123,52,6,46,36,10
Southeast Corner,Jinmao Industrial Area,10401.89674,100123,100074,41,4,37,28,9
Cuifu New Village,Fuxing Road,10400.72767,100019,100042,40,8,32,21,11
Fuxing Road,Cuifu New Village,10400.72767,100042,100019,35,13,22,16,6
Xuelian South Road,Changling Road,10399.29222,100164,100013,27,3,24,3,21
Changling Road,Xuelian South Road,10399.29222,100013,100164,21,6,15,5,10
Bei Zhulin,Taichang Road,10398.65621,100004,100128,18,12,6,4,2
Taichang Road,Bei Zhulin,10398.65621,100128,100004,12,2,10,4,6
Lingbin Road,Haiguang Temple,10398.59403,100087,100048,268,46,222,156,66
Haiguang Temple,Lingbin Road,10398.59403,100048,100087,248,33,215,108,107
Xinli,Xiawafang,10396.02206,100161,100157,539,85,454,324,130
Xiawafang,Xinli,10396.02206,100157,100161,526,95,431,279,152
Zhangxing Zhuang,Anshan West Road,10394.38308,100185,100003,156,29,127,105,22
Anshan West Road,Zhangxing Zhuang,10394.38308,100003,100185,131,17,114,68,46
Fengchan River,Tiantai Road,10391.33803,100039,100137,11,2,9,7,2
Tiantai Road,Fengchan River,10391.33803,100137,100039,10,2,8,2,6
Heping Road,Jiayuan Li,10391.08048,100053,100067,1278,407,871,409,462
Jiayuan Li,Heping Road,10391.08048,100067,100053,862,266,596,375,221
Huashan Li,Jin Street,10388.89988,100060,100070,54,6,48,38,10
Jin Street,Huashan Li,10388.89988,100070,100060,53,9,44,27,17
Lushui Road,Zhigu,10388.78535,100093,100188,124,21,103,59,44
Zhigu,Lushui Road,10388.78535,100188,100093,108,18,90,41,49
Southwest corner,Laoshan Road,10387.19139,100124,100082,179,43,136,84,52
Laoshan Road,Southwest corner,10387.19139,100082,100124,171,37,134,96,38
Changhong Park,Tianshili,10386.37354,100012,100136,51,6,45,29,16
Tianshili,Changhong Park,10386.37354,100136,100012,37,4,33,25,8
Tiedong Road,Zhou and Deng Memorial Museum,10386.23613,100139,100191,331,100,231,130,101
Zhou and Deng Memorial Museum,Tiedong Road,10386.23613,100191,100139,281,80,201,120,81
Fangshan Road,Gulou,10384.68655,100038,100045,115,60,55,32,23
Gulou,Fangshan Road,10384.68655,100045,100038,90,31,59,29,30
Bianxing,Huayuan,10384.52757,100009,100061,364,38,326,287,39
Huayuan,Bianxing,10384.52757,100061,100009,342,32,310,222,88
Zhou and Deng Memorial Museum,Beining Park,10383.596,100191,100006,58,19,39,15,24
Beining Park,Zhou and Deng Memorial Museum,10383.596,100006,100191,51,19,32,20,12
Dongli Liujing Road,The Financial University,10382.58507,100031,100132,48,6,42,31,11
The Financial University,Dongli Liujing Road,10382.58507,100132,100031,40,7,33,29,4
Taichang Road,Zhanggui Zhuang,10382.58383,100128,100184,181,43,138,55,83
Zhanggui Zhuang,Taichang Road,10382.58383,100184,100128,165,51,114,60,54
Tiedong Road,Jianshan Road,10382.40408,100139,100066,24,6,18,12,6
Jianshan Road,Tiedong Road,10382.40408,100066,100139,15,3,12,9,3
Jinwan Square,Lingbin Road,10380.59661,100078,100087,50,19,31,14,17
Lingbin Road,Jinwan Square,10380.59661,100087,100078,33,7,26,19,7
Shaliu South Road,Southwest corner,10379.31742,100116,100124,234,67,167,111,56
Southwest corner,Shaliu South Road,10379.31742,100124,100116,215,51,164,73,91
Tucheng,People's Hospital,10379.10699,100140,100111,241,42,199,119,80
People's Hospital,Tucheng,10379.10699,100111,100140,208,33,175,87,88
Tumour Hospital,Honghu Li,10378.38556,100141,100055,479,91,388,210,178
Honghu Li,Tumour Hospital,10378.38556,100055,100141,444,92,352,253,99
Wujiayao,Zuojiang Road,10378.13727,100150,100192,49,9,40,29,11
Zuojiang Road,Wujiayao,10378.13727,100192,100150,45,10,35,23,12
Zhongshan Gate,Northwest Corner,10377.99827,100189,100109,422,87,335,259,76
Northwest Corner,Zhongshan Gate,10377.99827,100109,100189,421,77,344,225,119
Meijiang Road,Jianguo Road,10376.7793,100097,100064,48,8,40,23,17
Jianguo Road,Meijiang Road,10376.7793,100064,100097,36,7,29,20,9
Yueya River,Yuejin North Road,10376.45887,100182,100181,69,19,50,27,23
Yuejin North Road,Yueya River,10376.45887,100181,100182,63,16,47,23,24
Qinjian Road,Liuwei Road,10375.92148,100113,100090,67,25,42,36,6
Liuwei Road,Qinjian Road,10375.92148,100090,100113,59,14,45,23,22
Bianxing,Water Park Road East,10374.84719,100009,100147,251,85,166,120,46
Water Park Road East,Bianxing,10374.84719,100147,100009,235,70,165,93,72
Fuxing Gate,Laoshan Road,10374.64285,100041,100082,51,7,44,33,11
Laoshan Road,Fuxing Gate,10374.64285,100082,100041,42,7,35,29,6
Zhigu,Huayuan,10374.57486,100188,100061,295,31,264,214,50
Huayuan,Zhigu,10374.57486,100061,100188,284,29,255,181,74
Huanyu Road,Chinese Medicine First Affiliated Hospital,10374.06331,100059,100016,11,4,7,4,3
Chinese Medicine First Affiliated Hospital,Huanyu Road,10374.06331,100016,100059,10,3,7,2,5
Yixingbu,Guangkaisima Road,10373.37769,100175,100044,178,36,142,104,38
Guangkaisima Road,Yixingbu,10373.37769,100044,100175,156,36,120,63,57
Taichang Road,Shuanglin,10373.08476,100128,100119,337,112,225,104,121
Shuanglin,Taichang Road,10373.08476,100119,100128,281,104,177,102,75
Tiantuo,Shiyijing Road,10372.62358,100138,100117,143,12,131,102,29
Shiyijing Road,Tiantuo,10372.62358,100117,100138,121,14,107,61,46
Southwest Tower,Dengzhou Road,10372.47796,100125,100024,483,62,421,315,106
Dengzhou Road,Southwest Tower,10372.47796,100024,100125,482,69,413,340,73
Jingjiang Road,Zhanggui Zhuang,10371.36975,100072,100184,261,42,219,159,60
Zhanggui Zhuang,Jingjiang Road,10371.36975,100184,100072,234,36,198,129,69
Shuanglin,Dongli Sanjing Road,10370.90717,100119,100032,19,2,17,16,1
Dongli Sanjing Road,Shuanglin,10370.90717,100032,100119,15,0,15,11,4
Xuelian South Road,Jintang Road,10369.05276,100164,100077,1,0,1,0,1
Foreign Languages High School,Second hospital of the Medical University,10367.65842,100040,100115,98,14,84,66,18
Second hospital of the Medical University,Foreign Languages High School,10367.65842,100115,100040,97,15,82,69,13
Shiyijing Road,Yuejin North Road,10366.37375,100117,100181,26,1,25,13,12
Yuejin North Road,Shiyijing Road,10366.37375,100181,100117,23,6,17,15,2
Jingjiang Road,Hongqi South Road,10365.8508,100072,100057,265,52,213,150,63
Hongqi South Road,Jingjiang Road,10365.8508,100057,100072,253,44,209,137,72
Huashan Li,Erwei Road,10363.3556,100060,100036,1053,204,849,619,230
Erwei Road,Huashan Li,10363.3556,100036,100060,928,176,752,431,321
Xiawafang,Nanzhu Bridge,10362.80919,100157,100104,73,10,63,44,19
Nanzhu Bridge,Xiawafang,10362.80919,100104,100157,56,6,50,35,15
Dongting Road,Dongxing Road,10362.55273,100034,100035,14,1,13,10,3
Dongxing Road,Dongting Road,10362.55273,100035,100034,7,0,7,4,3
Cao Zhuang,Qinjian Road,10362.49947,100011,100113,930,223,707,547,160
Qinjian Road,Cao Zhuang,10362.49947,100113,100011,898,184,714,399,315
Guoshan Road,Xiawafang,10361.75842,100047,100157,154,28,126,98,28
Xiawafang,Guoshan Road,10361.75842,100157,100047,147,19,128,99,29
Wujiayao,Huashan Li,10360.65154,100150,100060,620,112,508,289,219
Huashan Li,Wujiayao,10360.65154,100060,100150,601,97,504,382,122
Foreign Languages High School,Cao Zhuang,10360.2921,100040,100011,105,19,86,65,21
Cao Zhuang,Foreign Languages High School,10360.2921,100011,100040,70,21,49,29,20
Wandong Road,Xunhai Road,10358.34583,100144,100166,5,1,4,2,2
Xunhai Road,Wandong Road,10358.34583,100166,100144,5,2,3,2,1
Yueya River,Longhan Road,10357.80656,100182,100092,15,2,13,12,1
Longhan Road,Yueya River,10357.80656,100092,100182,9,1,8,6,2
Jieyuan West Road,Jiayuan Li,10354.45232,100069,100067,74,23,51,28,23
Jiayuan Li,Jieyuan West Road,10354.45232,100067,100069,72,27,45,20,25
Liulin Road,Liuwei Road,10354.31718,100089,100090,90,26,64,33,31
Liuwei Road,Liulin Road,10354.31718,100090,100089,81,29,52,20,32
Shaliu South Road,Beining Park,10352.60751,100116,100006,38,11,27,18,9
Beining Park,Shaliu South Road,10352.60751,100006,100116,34,6,28,13,15
Xiaobailou,Dengzhou Road,10352.50114,100154,100024,349,73,276,151,125
Dengzhou Road,Xiaobailou,10352.50114,100024,100154,335,52,283,180,103
Xikang Road,Wanshan Road,10352.16762,100158,100146,19,3,16,9,7
Wanshan Road,Xikang Road,10352.16762,100146,100158,15,4,11,8,3
Tiantuo,Liuwei Road,10351.21587,100138,100090,36,6,30,25,5
Liuwei Road,Tiantuo,10351.21587,100090,100138,32,5,27,16,11
Cuifu New Village,People's Hospital,10350.19676,100019,100111,132,30,102,74,28
People's Hospital,Cuifu New Village,10350.19676,100111,100019,108,24,84,40,44
Cultural centre,Jianchang Road,10350.11062,100020,100063,232,80,152,87,65
Jianchang Road,Cultural centre,10350.11062,100063,100020,230,85,145,86,59
Minquan Gate,Tucheng,10349.50328,100099,100140,100,25,75,64,11
Tucheng,Minquan Gate,10349.50328,100140,100099,89,17,72,45,27
Longhan Road,Shiyijing Road,10347.72144,100092,100117,1,0,1,1,0
Xingfu Park,Fengchan River,10346.1542,100159,100039,27,4,23,15,8
Fengchan River,Xingfu Park,10346.1542,100039,100159,16,3,13,8,5
Jianchang Road,Fangshan Road,10345.2949,100063,100038,9,2,7,3,4
Fangshan Road,Jianchang Road,10345.2949,100038,100063,6,1,5,4,1
Xuzhou Road,Meijiang Road,10344.68257,100167,100097,5,0,5,5,0
Meijiang Road,Xuzhou Road,10344.68257,100097,100167,1,0,1,1,0
Xiawafang,Yixingbu,10342.7062,100157,100175,229,46,183,103,80
Yixingbu,Xiawafang,10342.7062,100175,100157,211,37,174,117,57
Meijiang Road,Huashan Li,10339.65505,100097,100060,14,3,11,6,5
Huashan Li,Meijiang Road,10339.65505,100060,100097,1,0,1,1,0
Zhicheng Road,Guangkaisima Road,10339.47052,100187,100044,105,16,89,63,26
Guangkaisima Road,Zhicheng Road,10339.47052,100044,100187,98,22,76,50,26
Jin Street,Ruijing XinYuan,10336.9796,100070,100114,233,76,157,77,80
Ruijing XinYuan,Jin Street,10336.9796,100114,100070,186,62,124,70,54
Youyi South Road,Zhigu,10334.85306,100178,100188,3,1,2,1,1
Zhigu,Youyi South Road,10334.85306,100188,100178,3,0,3,2,1
Yihao Bridge,Gulou,10334.60172,100172,100045,349,101,248,126,122
Gulou,Yihao Bridge,10334.60172,100045,100172,310,100,210,108,102
Xikang Road,Fangshan Road,10332.46279,100158,100038,37,6,31,27,4
Fangshan Road,Xikang Road,10332.46279,100038,100158,22,2,20,16,4
Shunchi Bridge,Meijiang Road,10331.97675,100120,100097,64,12,52,45,7
Meijiang Road,Shunchi Bridge,10331.97675,100097,100120,63,5,58,41,17
Tianshili,Southwest corner,10331.57079,100136,100124,111,22,89,61,28
Southwest corner,Tianshili,10331.57079,100124,100136,103,14,89,53,36
Changhong Park,Yixingbu North,10330.18417,100012,100176,110,31,79,55,24
Yixingbu North,Changhong Park,10330.18417,100176,100012,86,20,66,48,18
Tianjin Station,Sports Centre,10329.98822,100135,100126,489,151,338,168,170
Sports Centre,Tianjin Station,10329.98822,100126,100135,375,106,269,122,147
Southeast Corner,Water Park Road East,10328.93648,100123,100147,328,120,208,108,100
Water Park Road East,Southeast Corner,10328.93648,100147,100123,290,114,176,93,83
Nanlou,Lushui Road,10328.38229,100102,100093,13,3,10,5,5
Lushui Road,Nanlou,10328.38229,100093,100102,10,3,7,3,4
Zhicheng Road,Xiaobailou,10326.40562,100187,100154,288,76,212,146,66
Xiaobailou,Zhicheng Road,10326.40562,100154,100187,277,69,208,124,84
Yudongcheng,Haiguang Temple,10326.11286,100180,100048,1420,229,1191,927,264
Haiguang Temple,Yudongcheng,10326.11286,100048,100180,1210,210,1000,615,385
Tianjin Station,Cao Zhuang,10325.70066,100135,100011,4447,1822,2625,1162,1463
Cao Zhuang,Tianjin Station,10325.70066,100011,100135,4264,1432,2832,1297,1535
University of Civil Aviation,Liulin Road,10324.18237,100142,100089,101,45,56,25,31
Liulin Road,University of Civil Aviation,10324.18237,100089,100142,82,42,40,18,22
Yueya River,Jianshan Road,10323.96215,100182,100066,95,26,69,58,11
Jianshan Road,Yueya River,10323.96215,100066,100182,81,20,61,29,32
Number Two Bridge,Southeast Corner,10319.22111,100110,100123,393,102,291,194,97
Southeast Corner,Number Two Bridge,10319.22111,100123,100110,308,73,235,128,107
Second hospital of the Medical University,The Financial University,10314.633,100115,100132,7,3,4,0,4
The Financial University,Second hospital of the Medical University,10314.633,100132,100115,6,4,2,2,0
Heping Road,Cao Zhuang,10313.81978,100053,100011,2523,918,1605,747,858
Cao Zhuang,Heping Road,10313.81978,100011,100053,1783,571,1212,738,474
Qinjian Road,Shiyijing Road,10312.02986,100113,100117,161,10,151,122,29
Shiyijing Road,Qinjian Road,10312.02986,100117,100113,131,15,116,71,45
Foreign Languages High School,Water Park Road East,10310.85721,100040,100147,172,45,127,91,36
Water Park Road East,Foreign Languages High School,10310.85721,100147,100040,136,28,108,60,48
Xinkai River,Tucheng,10309.38983,100160,100140,40,8,32,20,12
Tucheng,Xinkai River,10309.38983,100140,100160,33,3,30,18,12
Xingfu Park,Huanyu Road,10308.80175,100159,100059,9,1,8,1,7
Huanyu Road,Xingfu Park,10308.80175,100059,100159,4,0,4,2,2
Yueya River,Yibin Road,10308.55019,100182,100171,212,41,171,132,39
Yibin Road,Yueya River,10308.55019,100171,100182,196,35,161,108,53
Tiantai Road,Nanlou,10307.62191,100137,100102,207,26,181,129,52
Nanlou,Tiantai Road,10307.62191,100102,100137,203,27,176,98,78
Dongxing Road,Weishan Road,10306.83795,100035,100148,1,0,1,1,0
JinZhong River Street,Tianjin Hotel,10306.37699,100079,100134,287,72,215,134,81
Tianjin Hotel,JinZhong River Street,10306.37699,100134,100079,260,71,189,122,67
Nanlou,Youyi South Road,10303.44648,100102,100178,28,10,18,13,5
Youyi South Road,Nanlou,10303.44648,100178,100102,27,6,21,10,11
Yixingbu,Yibin Road,10302.16517,100175,100171,134,29,105,83,22
Yibin Road,Yixingbu,10302.16517,100171,100175,133,27,106,70,36
Dabi Zhuang,Bei Zhulin,10301.85482,100021,100004,29,14,15,3,12
Bei Zhulin,Dabi Zhuang,10301.85482,100004,100021,25,10,15,6,9
Changhong Park,Siyuan Road,10300.71496,100012,100121,36,7,29,22,7
Siyuan Road,Changhong Park,10300.71496,100121,100012,28,1,27,21,6
Nanlou,Huayuan,10300.5302,100102,100061,573,53,520,382,138
Huayuan,Nanlou,10300.5302,100061,100102,507,51,456,310,146
Erwei Road,Yixingbu,10298.81881,100036,100175,180,40,140,81,59
Yixingbu,Erwei Road,10298.81881,100175,100036,178,40,138,94,44
Jianguo Road,Huaihe Road,10298.80245,100064,100058,107,11,96,67,29
Huaihe Road,Jianguo Road,10298.80245,100058,100064,102,21,81,66,15
Cuifu New Village,Bei Zhulin,10297.1514,100019,100004,1,0,1,0,1
Nancuiping,Lushui Road,10296.96517,100100,100093,214,69,145,79,66
Lushui Road,Nancuiping,10296.96517,100093,100100,188,46,142,99,43
Honghu Li,Xingfu Park,10296.54886,100055,100159,81,34,47,28,19
Xingfu Park,Honghu Li,10296.54886,100159,100055,63,24,39,24,15
Jiayuan Li,Tiedong Road,10295.83836,100067,100139,92,18,74,43,31
Tiedong Road,Jiayuan Li,10295.83836,100139,100067,85,20,65,33,32
Xuzhuangzi,People's Hospital,10295.78459,100168,100111,139,15,124,69,55
People's Hospital,Xuzhuangzi,10295.78459,100111,100168,130,19,111,60,51
Tianjin Station,Huashan Li,10294.6251,100135,100060,2092,628,1464,661,803
Huashan Li,Tianjin Station,10294.6251,100060,100135,1905,555,1350,838,512
Dongxing Road,Shuanglin,10294.26956,100035,100119,46,4,42,30,12
Shuanglin,Dongxing Road,10294.26956,100119,100035,36,4,32,24,8
Wangdingdi,Foreign Languages High School,10293.82495,100145,100040,16,3,13,12,1
Foreign Languages High School,Wangdingdi,10293.82495,100040,100145,7,2,5,4,1
North Station,Laoshan Road,10292.38336,100108,100082,95,55,40,23,17
Laoshan Road,North Station,10292.38336,100082,100108,61,8,53,13,40
Taihu Road,Hujiayuan,10288.85495,100130,100062,608,104,504,365,139
Hujiayuan,Taihu Road,10288.85495,100062,100130,569,85,484,382,102
Yuanyang International Centre,Benxi Road,10288.42306,100179,100008,429,116,313,138,175
Benxi Road,Yuanyang International Centre,10288.42306,100008,100179,424,103,321,198,123
Number Two Bridge,Xikang Road,10287.62671,100110,100158,305,53,252,181,71
Xikang Road,Number Two Bridge,10287.62671,100158,100110,288,49,239,141,98
Chenglin Road,Nanhe Zhuang,10287.14174,100014,100101,54,11,43,30,13
Nanhe Zhuang,Chenglin Road,10287.14174,100101,100014,45,14,31,14,17
Liulin Road,Yingkou Road,10286.63407,100089,100174,1262,508,754,431,323
Yingkou Road,Liulin Road,10286.63407,100174,100089,1094,400,694,261,433
Beiyangyuan Campus of Tianjin University,Meijiang Park,10286.29987,100007,100096,53,19,34,20,14
Meijiang Park,Beiyangyuan Campus of Tianjin University,10286.29987,100096,100007,33,11,22,8,14
Binhai International Airport,Jingjiang Road,10285.58274,100010,100072,646,182,464,172,292
Jingjiang Road,Binhai International Airport,10285.58274,100072,100010,635,149,486,248,238
Minquan Gate,Yizhongxin Hospital,10285.09332,100099,100177,273,53,220,170,50
Yizhongxin Hospital,Minquan Gate,10285.09332,100177,100099,178,43,135,90,45
Cuifu New Village,Liulin Road,10284.63487,100019,100089,53,10,43,24,19
Liulin Road,Cuifu New Village,10284.63487,100089,100019,51,14,37,18,19
Sports Centre,Southwest corner,10284.58892,100126,100124,106,26,80,32,48
Southwest corner,Sports Centre,10284.58892,100124,100126,95,31,64,26,38
Leyuan Road,Jianchang Road,10283.1259,100083,100063,32,11,21,7,14
Jianchang Road,Leyuan Road,10283.1259,100063,100083,28,6,22,12,10
Xiangshan Road,Zhicheng Road,10281.55828,100151,100187,35,5,30,11,19
Zhicheng Road,Xiangshan Road,10281.55828,100187,100151,28,5,23,20,3
Sports Centre,The Financial University,10281.44785,100126,100132,218,71,147,71,76
The Financial University,Sports Centre,10281.44785,100132,100126,213,82,131,80,51
Tiantai Road,Zhou and Deng Memorial Museum,10280.36329,100137,100191,91,25,66,37,29
Zhou and Deng Memorial Museum,Tiantai Road,10280.36329,100191,100137,78,17,61,44,17
Southwest Tower,Jinmao Industrial Area,10279.56402,100125,100074,21,0,21,19,2
Jinmao Industrial Area,Southwest Tower,10279.56402,100074,100125,13,0,13,11,2
Jintang Road,Fuxing Road,10278.95649,100077,100042,43,10,33,24,9
Fuxing Road,Jintang Road,10278.95649,100042,100077,39,10,29,21,8
Yingfeng Road,Xinkai River,10278.5662,100173,100160,146,26,120,84,36
Xinkai River,Yingfeng Road,10278.5662,100160,100173,117,24,93,57,36
Fuxing Gate,Yuanyang International Centre,10278.24219,100041,100179,113,22,91,63,28
Yuanyang International Centre,Fuxing Gate,10278.24219,100179,100041,109,22,87,63,24
Yixingbu North,Southwest corner,10275.38142,100176,100124,163,37,126,65,61
Southwest corner,Yixingbu North,10275.38142,100124,100176,153,37,116,61,55
Zhigu,Hangshuang Road,10274.1271,100188,100051,37,4,33,29,4
Hangshuang Road,Zhigu,10274.1271,100051,100188,35,5,30,22,8
Xingfu Park,Number Two Bridge,10273.1905,100159,100110,132,31,101,59,42
Number Two Bridge,Xingfu Park,10273.1905,100110,100159,118,32,86,53,33
Jiangwan Erzhi Road,Tucheng,10273.16992,100065,100140,60,17,43,24,19
Tucheng,Jiangwan Erzhi Road,10273.16992,100140,100065,56,21,35,11,24
Tiantai Road,Second hospital of the Medical University,10273.06205,100137,100115,313,68,245,158,87
Second hospital of the Medical University,Tiantai Road,10273.06205,100115,100137,296,65,231,153,78
Changling Road,Jinmao Industrial Area,10272.93821,100013,100074,29,5,24,20,4
Jinmao Industrial Area,Changling Road,10272.93821,100074,100013,24,3,21,16,5
Second hospital of the Medical University,Number Two Bridge,10270.67122,100115,100110,28,4,24,16,8
Number Two Bridge,Second hospital of the Medical University,10270.67122,100110,100115,24,4,20,12,8
Dongli Development Zone,Dongxing Road,10268.64705,100030,100035,758,140,618,468,150
Dongxing Road,Dongli Development Zone,10268.64705,100035,100030,713,98,615,459,156
Yingfeng Road,North Station,10268.43628,100173,100108,214,48,166,112,54
North Station,Yingfeng Road,10268.43628,100108,100173,160,26,134,78,56
Zhicheng Road,Yibin Road,10268.25799,100187,100171,35,9,26,17,9
Yibin Road,Zhicheng Road,10268.25799,100171,100187,33,7,26,16,10
Yudongcheng,Guangkaisima Road,10267.45636,100180,100044,1031,168,863,663,200
Guangkaisima Road,Yudongcheng,10267.45636,100044,100180,851,177,674,450,224
Shiyijing Road,Liulin Road,10267.2244,100117,100089,3,1,2,2,0
Liulin Road,Shiyijing Road,10267.2244,100089,100117,2,0,2,0,2
Tucheng,Jianchang Road,10267.21066,100140,100063,158,20,138,80,58
Jianchang Road,Tucheng,10267.21066,100063,100140,149,21,128,78,50
Xiaobailou,Jinmao Industrial Area,10265.3327,100154,100074,13,4,9,2,7
Jinmao Industrial Area,Xiaobailou,10265.3327,100074,100154,7,2,5,4,1
Erwei Road,Zhicheng Road,10264.91163,100036,100187,41,8,33,19,14
Zhicheng Road,Erwei Road,10264.91163,100187,100036,32,11,21,14,7
Honghu Li,Chenglin Road,10262.5516,100055,100014,148,54,94,51,43
Chenglin Road,Honghu Li,10262.5516,100014,100055,139,45,94,54,40
Jiangwan Erzhi Road,Xiangshan Road,10261.99629,100065,100151,84,18,66,42,24
Xiangshan Road,Jiangwan Erzhi Road,10261.99629,100151,100065,69,14,55,35,20
Southwest Tower,Foreign Languages High School,10261.18977,100125,100040,34,3,31,22,9
Foreign Languages High School,Southwest Tower,10261.18977,100040,100125,31,0,31,25,6
South Station,Tiantuo,10260.22825,100122,100138,773,162,611,418,193
Tiantuo,South Station,10260.22825,100138,100122,638,129,509,322,187
Jintang Road,Wangdingdi,10260.10396,100077,100145,21,3,18,12,6
Wangdingdi,Jintang Road,10260.10396,100145,100077,17,4,13,9,4
Xiangshan Road,Southwest Tower,10259.33249,100151,100125,81,17,64,39,25
Southwest Tower,Xiangshan Road,10259.33249,100125,100151,78,11,67,51,16
Yixingbu,Wandong Road,10259.02702,100175,100144,28,7,21,16,5
Wandong Road,Yixingbu,10259.02702,100144,100175,27,8,19,15,4
Dongxing Road,Xuzhuangzi,10258.51868,100035,100168,21,3,18,17,1
Xuzhuangzi,Dongxing Road,10258.51868,100168,100035,20,2,18,13,5
Yixingbu,Liuwei Road,10258.21234,100175,100090,36,13,23,10,13
Liuwei Road,Yixingbu,10258.21234,100090,100175,34,12,22,8,14
Tumour Hospital,Foreign Languages High School,10257.03911,100141,100040,213,28,185,103,82
Foreign Languages High School,Tumour Hospital,10257.03911,100040,100141,196,22,174,116,58
Zhou and Deng Memorial Museum,Youyi South Road,10255.4139,100191,100178,1,1,0,0,0
Taichang Road,Foreign Languages High School,10254.66703,100128,100040,41,10,31,17,14
Foreign Languages High School,Taichang Road,10254.66703,100040,100128,40,6,34,23,11
Jiangwan Erzhi Road,Jintang Road,10254.44366,100065,100077,34,16,18,8,10
Jintang Road,Jiangwan Erzhi Road,10254.44366,100077,100065,34,7,27,13,14
Liaohe North Road,Dabi Zhuang,10253.9101,100084,100021,66,10,56,45,11
Dabi Zhuang,Liaohe North Road,10253.9101,100021,100084,45,6,39,34,5
Zhongshan Gate,Meijiang Park,10253.24117,100189,100096,21,6,15,9,6
Meijiang Park,Zhongshan Gate,10253.24117,100096,100189,15,1,14,10,4
Weishan Road,Cultural centre,10252.09714,100148,100020,24,12,12,4,8
Cultural centre,Weishan Road,10252.09714,100020,100148,15,4,11,3,8
Nanlou,Foreign Languages High School,10251.1508,100102,100040,28,6,22,17,5
Foreign Languages High School,Nanlou,10251.1508,100040,100102,26,5,21,15,6
Jinshi Bridge,Guoshan Road,10248.88228,100076,100047,63,12,51,41,10
Guoshan Road,Jinshi Bridge,10248.88228,100047,100076,57,17,40,35,5
Shaliu South Road,Haiguang Temple,10248.87539,100116,100048,254,33,221,172,49
Haiguang Temple,Shaliu South Road,10248.87539,100048,100116,235,40,195,128,67
Dongxing Road,Zhangxing Zhuang,10248.84326,100035,100185,34,9,25,17,8
Zhangxing Zhuang,Dongxing Road,10248.84326,100185,100035,30,8,22,19,3
Beining Park,Tumour Hospital,10248.31235,100006,100141,338,39,299,207,92
Tumour Hospital,Beining Park,10248.31235,100141,100006,337,46,291,133,158
Heping Road,The Financial University,10248.19204,100053,100132,1894,683,1211,428,783
The Financial University,Heping Road,10248.19204,100132,100053,1484,483,1001,582,419
Huayuan,Liuwei Road,10247.8647,100061,100090,70,19,51,32,19
Liuwei Road,Huayuan,10247.8647,100090,100061,55,13,42,25,17
Nanzhu Bridge,Meijiang Road,10247.56258,100104,100097,1,0,1,0,1
Honghu Li,Southwest Tower,10247.09972,100055,100125,335,95,240,169,71
Southwest Tower,Honghu Li,10247.09972,100125,100055,283,76,207,130,77
Foreign Languages High School,Tianjin Hotel,10247.07791,100040,100134,90,26,64,53,11
Tianjin Hotel,Foreign Languages High School,10247.07791,100134,100040,85,18,67,45,22
Siyuan Road,Southwest corner,10245.91222,100121,100124,46,21,25,14,11
Southwest corner,Siyuan Road,10245.91222,100124,100121,37,16,21,9,12
Xiaobailou,Xiangshan Road,10245.10116,100154,100151,44,14,30,15,15
Xiangshan Road,Xiaobailou,10245.10116,100151,100154,30,9,21,13,8
Honghu Li,Zhou and Deng Memorial Museum,10243.96471,100055,100191,151,66,85,48,37
Zhou and Deng Memorial Museum,Honghu Li,10243.96471,100191,100055,109,43,66,41,25
The Financial University,Xikang Road,10241.54776,100132,100158,541,100,441,318,123
Xikang Road,The Financial University,10241.54776,100158,100132,473,108,365,215,150
Changling Road,Zhongshan Gate,10240.29998,100013,100189,166,50,116,64,52
Zhongshan Gate,Changling Road,10240.29998,100189,100013,156,38,118,51,67
Shunchi Bridge,Hangshuang Road,10240.03049,100120,100051,40,7,33,30,3
Hangshuang Road,Shunchi Bridge,10240.03049,100051,100120,38,3,35,25,10
Shuanglin,Cultural centre,10239.52875,100119,100020,414,192,222,129,93
Cultural centre,Shuanglin,10239.52875,100020,100119,370,150,220,107,113
Xinkai River,Water Park Road East,10239.45976,100160,100147,135,44,91,59,32
Water Park Road East,Xinkai River,10239.45976,100147,100160,111,35,76,45,31
Wandong Road,Xinkai River,10238.8903,100144,100160,23,8,15,11,4
Xinkai River,Wandong Road,10238.8903,100160,100144,16,3,13,8,5
Wangdingdi,Tucheng,10237.75451,100145,100140,105,12,93,66,27
Tucheng,Wangdingdi,10237.75451,100140,100145,87,16,71,47,24
Zhicheng Road,Nansun Zhuang,10236.27764,100187,100103,6,2,4,4,0
Nansun Zhuang,Zhicheng Road,10236.27764,100103,100187,1,1,0,0,0
Southeast Corner,Meijiang Road,10235.62205,100123,100097,138,26,112,71,41
Meijiang Road,Southeast Corner,10235.62205,100097,100123,134,23,111,86,25
JinZhong River Street,Haiguang Temple,10230.96254,100079,100048,400,67,333,268,65
Haiguang Temple,JinZhong River Street,10230.96254,100048,100079,367,75,292,183,109
Cuifu New Village,Number Two Bridge,10227.0673,100019,100110,17,2,15,8,7
Number Two Bridge,Cuifu New Village,10227.0673,100110,100019,13,2,11,7,4
Xuzhuangzi,Jin Street,10226.05394,100168,100070,33,8,25,14,11
Jin Street,Xuzhuangzi,10226.05394,100070,100168,28,7,21,12,9
Jieyuan West Road,Xiawafang,10225.99535,100069,100157,426,81,345,256,89
Xiawafang,Jieyuan West Road,10225.99535,100157,100069,417,78,339,233,106
Xuzhuangzi,Yingkou Road,10225.54906,100168,100174,336,79,257,144,113
Yingkou Road,Xuzhuangzi,10225.54906,100174,100168,311,86,225,106,119
Fangshan Road,Minquan Gate,10224.70611,100038,100099,4,1,3,1,2
Minquan Gate,Fangshan Road,10224.70611,100099,100038,4,1,3,1,2
Xianyang Road,Second hospital of the Medical University,10224.24616,100153,100115,190,43,147,105,42
Second hospital of the Medical University,Xianyang Road,10224.24616,100115,100153,174,40,134,92,42
Youyi South Road,Meijiang Exhibition Centre,10224.20909,100178,100095,2,2,0,0,0
Tiedong Road,Nanlou,10223.59142,100139,100102,328,45,283,221,62
Nanlou,Tiedong Road,10223.59142,100102,100139,293,50,243,143,100
Jinmao Industrial Area,Dawang Zhuang,10222.45308,100074,100023,3,0,3,3,0
Yaohuan Road,Wujiayao,10222.44792,100170,100150,23,11,12,3,9
Wujiayao,Yaohuan Road,10222.44792,100150,100170,19,5,14,9,5
Jintang Road,Tianshili,10219.21976,100077,100136,42,12,30,19,11
Tianshili,Jintang Road,10219.21976,100136,100077,32,9,23,10,13
Dawang Zhuang,Guoshan Road,10217.84199,100023,100047,168,37,131,87,44
Guoshan Road,Dawang Zhuang,10217.84199,100047,100023,146,36,110,80,30
Taichang Road,Dongli Culture and Sports Centre,10217.02401,100128,100029,167,49,118,53,65
Dongli Culture and Sports Centre,Taichang Road,10217.02401,100029,100128,143,53,90,44,46
Jieyuan West Road,Tian Tower,10216.99567,100069,100133,336,88,248,174,74
Tian Tower,Jieyuan West Road,10216.99567,100133,100069,324,110,214,108,106
Benxi Road,Xiaobailou,10216.58265,100008,100154,2354,549,1805,1255,550
Xiaobailou,Benxi Road,10216.58265,100154,100008,2163,480,1683,1045,638
Huaihe Road,Jinwan Square,10216.31575,100058,100078,275,52,223,186,37
Jinwan Square,Huaihe Road,10216.31575,100078,100058,253,52,201,138,63
Fuxing Gate,Cuifu New Village,10216.12085,100041,100019,44,7,37,29,8
Cuifu New Village,Fuxing Gate,10216.12085,100019,100041,40,12,28,16,12
Tumour Hospital,Yuanyang International Centre,10215.10719,100141,100179,476,88,388,212,176
Yuanyang International Centre,Tumour Hospital,10215.10719,100179,100141,423,70,353,215,138
Xuzhuangzi,Shiyijing Road,10212.1768,100168,100117,43,6,37,16,21
Shiyijing Road,Xuzhuangzi,10212.1768,100117,100168,40,6,34,20,14
Bei Zhulin,Sports Centre,10211.52076,100004,100126,9,4,5,5,0
Sports Centre,Bei Zhulin,10211.52076,100126,100004,3,0,3,1,2
Magangchang,Dongli Sanjing Road,10210.57097,100094,100032,21,1,20,14,6
Dongli Sanjing Road,Magangchang,10210.57097,100032,100094,15,2,13,7,6
Zhongshan Road,Dengzhou Road,10208.1204,100190,100024,250,70,180,104,76
Dengzhou Road,Zhongshan Road,10208.1204,100024,100190,247,68,179,129,50
Yaohuan Road,Huashan Li,10207.41535,100170,100060,16,2,14,3,11
Huashan Li,Yaohuan Road,10207.41535,100060,100170,10,2,8,4,4
Honghu Li,Water Park Road East,10206.71876,100055,100147,428,164,264,166,98
Water Park Road East,Honghu Li,10206.71876,100147,100055,346,111,235,138,97
Fuxing Gate,Xingfu Park,10206.43306,100041,100159,258,44,214,136,78
Xingfu Park,Fuxing Gate,10206.43306,100159,100041,231,39,192,142,50
JinZhong River Street,Jinmao Industrial Area,10205.8341,100079,100074,5,0,5,4,1
Jinmao Industrial Area,JinZhong River Street,10205.8341,100074,100079,3,0,3,3,0
Yudongcheng,Erwei Road,10204.69578,100180,100036,393,69,324,240,84
Erwei Road,Yudongcheng,10204.69578,100036,100180,344,69,275,147,128
Liuwei Road,Nancuiping,10204.63161,100090,100100,8,2,6,5,1
Nancuiping,Liuwei Road,10204.63161,100100,100090,6,0,6,6,0
Wangdingdi,Shiyijing Road,10204.22311,100145,100117,102,11,91,75,16
Shiyijing Road,Wangdingdi,10204.22311,100117,100145,94,14,80,43,37
Jintang Road,Anshan West Road,10203.07879,100077,100003,221,32,189,148,41
Anshan West Road,Jintang Road,10203.07879,100003,100077,191,38,153,96,57
Xuelian South Road,Jingjiang Road,10202.32939,100164,100072,26,7,19,13,6
Jingjiang Road,Xuelian South Road,10202.32939,100072,100164,19,4,15,10,5
Yingfeng Road,Meilin Road,10202.07684,100173,100098,192,41,151,96,55
Meilin Road,Yingfeng Road,10202.07684,100098,100173,179,31,148,105,43
Yudongcheng,Nanzhu Bridge,10201.97924,100180,100104,763,127,636,440,196
Nanzhu Bridge,Yudongcheng,10201.97924,100104,100180,647,119,528,385,143
Jinshi Bridge,Bianxing,10201.08741,100076,100009,108,23,85,57,28
Bianxing,Jinshi Bridge,10201.08741,100009,100076,100,19,81,59,22
Zhicheng Road,Southwest Tower,10200.11015,100187,100125,481,91,390,248,142
Southwest Tower,Zhicheng Road,10200.11015,100125,100187,453,89,364,188,176
Wanshan Road,Anshan Road,10197.39539,100146,100002,44,8,36,28,8
Anshan Road,Wanshan Road,10197.39539,100002,100146,44,7,37,11,26
Tianjin Station,Zuojiang Road,10196.02975,100135,100192,250,47,203,105,98
Zuojiang Road,Tianjin Station,10196.02975,100192,100135,197,57,140,89,51
Wangdingdi,North Station,10195.71185,100145,100108,111,31,80,55,25
North Station,Wangdingdi,10195.71185,100108,100145,97,25,72,41,31
Jiefang South Road,Wangdingdi,10194.20029,100068,100145,78,12,66,39,27
Wangdingdi,Jiefang South Road,10194.20029,100145,100068,77,15,62,48,14
Huanyu Road,Southwest Tower,10192.99065,100059,100125,7,0,7,7,0
Southwest Tower,Huanyu Road,10192.99065,100125,100059,7,1,6,6,0
Liuwei Road,Fuxing Gate,10192.68173,100090,100041,8,3,5,3,2
Fuxing Gate,Liuwei Road,10192.68173,100041,100090,7,3,4,3,1
Zhongshan Road,Tianjin Hotel,10191.4937,100190,100134,135,46,89,49,40
Tianjin Hotel,Zhongshan Road,10191.4937,100134,100190,124,33,91,51,40
Shaliu South Road,Lijiang Road,10190.83596,100116,100085,120,24,96,71,25
Lijiang Road,Shaliu South Road,10190.83596,100085,100116,112,32,80,50,30
Dengzhou South Road,Southeast Corner,10189.45996,100025,100123,676,224,452,297,155
Southeast Corner,Dengzhou South Road,10189.45996,100123,100025,629,226,403,212,191
Yueya River,Qinjian Road,10188.13631,100182,100113,220,34,186,154,32
Qinjian Road,Yueya River,10188.13631,100113,100182,176,27,149,86,63
Yibin Road,Xuefu Industrial Area,10187.21526,100171,100163,319,21,298,285,13
Xuefu Industrial Area,Yibin Road,10187.21526,100163,100171,281,16,265,217,48
Wanshan Road,Tucheng,10183.94988,100146,100140,34,4,30,20,10
Tucheng,Wanshan Road,10183.94988,100140,100146,26,6,20,13,7
Anshan West Road,Tucheng,10180.72934,100003,100140,105,18,87,49,38
Tucheng,Anshan West Road,10180.72934,100140,100003,91,17,74,38,36
Chinese Medicine First Affiliated Hospital,Dongting Road,10179.1001,100016,100034,24,5,19,12,7
Dongting Road,Chinese Medicine First Affiliated Hospital,10179.1001,100034,100016,13,4,9,6,3
Yihao Bridge,Fuxing Gate,10179.04923,100172,100041,9,2,7,4,3
Fuxing Gate,Yihao Bridge,10179.04923,100041,100172,5,0,5,3,2
Tiantai Road,Nanhe Zhuang,10178.55956,100137,100101,121,39,82,55,27
Nanhe Zhuang,Tiantai Road,10178.55956,100101,100137,116,40,76,51,25
Taichang Road,Huashan Li,10178.48505,100128,100060,102,31,71,37,34
Huashan Li,Taichang Road,10178.48505,100060,100128,99,25,74,41,33
Anshan Road,Fangshan Road,10177.69057,100002,100038,99,12,87,39,48
Fangshan Road,Anshan Road,10177.69057,100038,100002,93,20,73,57,16
Tianshili,Taichang Road,10176.77936,100136,100128,63,21,42,26,16
Taichang Road,Tianshili,10176.77936,100128,100136,51,15,36,15,21
Huashan Li,Dongli Sanjing Road,10176.30746,100060,100032,1,0,1,1,0
Bei Zhulin,Jintang Road,10175.38021,100004,100077,8,1,7,3,4
Jintang Road,Bei Zhulin,10175.38021,100077,100004,7,0,7,4,3
Yingfeng Road,Shunchi Bridge,10174.14936,100173,100120,71,11,60,34,26
Shunchi Bridge,Yingfeng Road,10174.14936,100120,100173,52,4,48,30,18
Nancuiping,Honghu Li,10170.68844,100100,100055,151,44,107,58,49
Honghu Li,Nancuiping,10170.68844,100055,100100,125,38,87,59,28
Dongli Yijing Road,Wanshan Road,10170.10812,100033,100146,11,0,11,6,5
Wanshan Road,Dongli Yijing Road,10170.10812,100146,100033,7,0,7,6,1
Bianxing,Dawang Zhuang,10170.04712,100009,100023,126,19,107,84,23
Dawang Zhuang,Bianxing,10170.04712,100023,100009,93,18,75,47,28
Yueya River,Chentang Zhuang,10169.61493,100182,100015,453,57,396,326,70
Chentang Zhuang,Yueya River,10169.61493,100015,100182,440,61,379,275,104
Yueya River,Wujiayao,10166.79787,100182,100150,291,55,236,179,57
Wujiayao,Yueya River,10166.79787,100150,100182,287,54,233,167,66
Dongxing Road,Jiefang South Road,10165.77934,100035,100068,67,15,52,38,14
Jiefang South Road,Dongxing Road,10165.77934,100068,100035,43,9,34,26,8
Jinnan Campus of Nankai University,Meilin Road,10165.62762,100075,100098,54,20,34,28,6
Meilin Road,Jinnan Campus of Nankai University,10165.62762,100098,100075,49,14,35,20,15
Jinmao Industrial Area,Jin Street,10164.24986,100074,100070,64,9,55,38,17
Jin Street,Jinmao Industrial Area,10164.24986,100070,100074,57,5,52,43,9
Southwest Tower,Chunhai Road,10164.07204,100125,100017,29,3,26,9,17
Chunhai Road,Southwest Tower,10164.07204,100017,100125,26,3,23,15,8
Second hospital of the Medical University,JinZhong River Street,10163.10499,100115,100079,125,28,97,57,40
JinZhong River Street,Second hospital of the Medical University,10163.10499,100079,100115,113,20,93,57,36
Northwest Corner,Liaohe North Road,10162.25638,100109,100084,66,20,46,26,20
Liaohe North Road,Northwest Corner,10162.25638,100084,100109,56,17,39,25,14
Shunchi Bridge,Qinjian Road,10161.66239,100120,100113,192,22,170,145,25
Qinjian Road,Shunchi Bridge,10161.66239,100113,100120,168,17,151,119,32
Fuxing Gate,Tian Tower,10161.56276,100041,100133,238,53,185,117,68
Tian Tower,Fuxing Gate,10161.56276,100133,100041,228,51,177,96,81
Zuojiang Road,Taichang Road,10159.68657,100192,100128,21,10,11,3,8
Taichang Road,Zuojiang Road,10159.68657,100128,100192,19,3,16,6,10
Huayuan,Liqi Zhuang South,10157.66198,100061,100088,31,6,25,13,12
Liqi Zhuang South,Huayuan,10157.66198,100088,100061,30,4,26,20,6
Zhongshan Road,Bianxing,10153.95518,100190,100009,105,23,82,55,27
Bianxing,Zhongshan Road,10153.95518,100009,100190,92,23,69,46,23
Nanhe Zhuang,Jinshi Bridge,10152.5929,100101,100076,70,25,45,22,23
Jinshi Bridge,Nanhe Zhuang,10152.5929,100076,100101,52,17,35,19,16
Wanshan Road,Jinshi Bridge,10152.44864,100146,100076,15,4,11,9,2
Jinshi Bridge,Wanshan Road,10152.44864,100076,100146,13,2,11,9,2
Wandong Road,Airport Economic Zone,10151.04913,100144,100001,120,24,96,83,13
Airport Economic Zone,Wandong Road,10151.04913,100001,100144,106,11,95,62,33
Zhongshan Road,Second hospital of the Medical University,10150.28918,100190,100115,61,8,53,27,26
Second hospital of the Medical University,Zhongshan Road,10150.28918,100115,100190,44,9,35,24,11
Jianshan Road,Jingli Road,10150.01989,100066,100073,257,35,222,161,61
Jingli Road,Jianshan Road,10150.01989,100073,100066,223,36,187,143,44
Taichang Road,Sports Centre,10147.96064,100128,100126,352,102,250,145,105
Sports Centre,Taichang Road,10147.96064,100126,100128,341,96,245,144,101
High-Tech Zone,Cultural centre,10147.52282,100054,100020,329,96,233,180,53
Cultural centre,High-Tech Zone,10147.52282,100020,100054,324,81,243,157,86
Shaliu South Road,Dongli Sanjing Road,10147.42326,100116,100032,38,3,35,32,3
Dongli Sanjing Road,Shaliu South Road,10147.42326,100032,100116,33,6,27,19,8
Jin Street,Xiangshan Road,10144.01833,100070,100151,218,44,174,113,61
Xiangshan Road,Jin Street,10144.01833,100151,100070,174,28,146,104,42
Fuxing Road,Tucheng,10142.72727,100042,100140,99,16,83,57,26
Tucheng,Fuxing Road,10142.72727,100140,100042,95,20,75,49,26
Huanyu Road,Yaohuan Road,10142.6732,100059,100170,43,8,35,13,22
Yaohuan Road,Huanyu Road,10142.6732,100170,100059,37,12,25,13,12
Second hospital of the Medical University,Northwest Corner,10141.5987,100115,100109,152,43,109,59,50
Northwest Corner,Second hospital of the Medical University,10141.5987,100109,100115,146,37,109,44,65
Benxi Road,Bianxing,10141.21881,100008,100009,76,19,57,36,21
Bianxing,Benxi Road,10141.21881,100009,100008,63,20,43,27,16
Nanlou,Dengzhou Road,10140.68659,100102,100024,178,29,149,98,51
Dengzhou Road,Nanlou,10140.68659,100024,100102,163,29,134,91,43
Tiantai Road,Professional University,10140.57141,100137,100112,83,28,55,37,18
Professional University,Tiantai Road,10140.57141,100112,100137,55,13,42,28,14
Yingfeng Road,Foreign Languages High School,10138.43649,100173,100040,118,12,106,83,23
Foreign Languages High School,Yingfeng Road,10138.43649,100040,100173,92,6,86,67,19
Yizhongxin Hospital,Shiyijing Road,10137.67345,100177,100117,110,17,93,69,24
Shiyijing Road,Yizhongxin Hospital,10137.67345,100117,100177,102,12,90,64,26
Shuanglin,Yuejin North Road,10137.6562,100119,100181,18,4,14,11,3
Yuejin North Road,Shuanglin,10137.6562,100181,100119,18,2,16,11,5
Xiaobailou,Huanyu Road,10136.46683,100154,100059,23,8,15,4,11
Huanyu Road,Xiaobailou,10136.46683,100059,100154,22,4,18,10,8
Xinli,Jintang Road,10136.42619,100161,100077,80,14,66,43,23
Jintang Road,Xinli,10136.42619,100077,100161,73,12,61,45,16
Nanzhu Bridge,Hongni River East,10136.10348,100104,100056,52,8,44,34,10
Hongni River East,Nanzhu Bridge,10136.10348,100056,100104,48,10,38,30,8
Zhangxing Zhuang,North Beichen Tech Park,10134.25793,100185,100106,86,14,72,38,34
North Beichen Tech Park,Zhangxing Zhuang,10134.25793,100106,100185,69,18,51,36,15
Jianchang Road,Danhebei Road,10133.71329,100063,100022,25,4,21,20,1
Danhebei Road,Jianchang Road,10133.71329,100022,100063,20,2,18,15,3
Liuwei Road,Xuelian South Road,10133.4718,100090,100164,14,3,11,6,5
Xuelian South Road,Liuwei Road,10133.4718,100164,100090,7,5,2,2,0
Zhigu,Honghu Li,10133.17238,100188,100055,238,61,177,99,78
Honghu Li,Zhigu,10133.17238,100055,100188,233,80,153,106,47
Tiedong Road,Yizhongxin Hospital,10132.32388,100139,100177,155,30,125,85,40
Yizhongxin Hospital,Tiedong Road,10132.32388,100177,100139,127,26,101,58,43
JinZhong Street,Jianguo Road,10131.65051,100080,100064,135,27,108,73,35
Jianguo Road,JinZhong Street,10131.65051,100064,100080,121,26,95,54,41
Dongli Yijing Road,Fuxing Gate,10131.22385,100033,100041,2,0,2,1,1
Fuxing Gate,Dongli Yijing Road,10131.22385,100041,100033,1,0,1,1,0
University of Civil Aviation,Dengzhou Road,10130.82177,100142,100024,18,8,10,8,2
Dengzhou Road,University of Civil Aviation,10130.82177,100024,100142,12,5,7,5,2
Fuxing Gate,Southwest corner,10130.48259,100041,100124,485,99,386,246,140
Southwest corner,Fuxing Gate,10130.48259,100124,100041,370,94,276,156,120
Tiedong Road,Cultural centre,10130.15693,100139,100020,180,65,115,55,60
Cultural centre,Tiedong Road,10130.15693,100020,100139,177,58,119,57,62
Cao Zhuang,Hongqi South Road,10129.26566,100011,100057,715,202,513,334,179
Hongqi South Road,Cao Zhuang,10129.26566,100057,100011,702,197,505,328,177
Heping Road,Guoshan Road,10128.52109,100053,100047,332,103,229,117,112
Guoshan Road,Heping Road,10128.52109,100047,100053,275,89,186,117,69
North Station,Water Park Road East,10127.13773,100108,100147,219,96,123,79,44
Water Park Road East,North Station,10127.13773,100147,100108,165,72,93,49,44
Jieyuan West Road,Liuwei Road,10126.36277,100069,100090,93,32,61,39,22
Liuwei Road,Jieyuan West Road,10126.36277,100090,100069,84,26,58,35,23
Jieyuan West Road,Cultural centre,10125.28085,100069,100020,301,60,241,188,53
Cultural centre,Jieyuan West Road,10125.28085,100020,100069,295,63,232,150,82
Dongting Road,Jintang Road,10124.13602,100034,100077,17,6,11,6,5
Jintang Road,Dongting Road,10124.13602,100077,100034,12,1,11,4,7
Liqi Zhuang South,Xiaobailou,10120.88441,100088,100154,100,27,73,53,20
Xiaobailou,Liqi Zhuang South,10120.88441,100154,100088,83,14,69,47,22
JinZhong River Street,Anshan West Road,10118.445,100079,100003,695,127,568,417,151
Anshan West Road,JinZhong River Street,10118.445,100003,100079,628,113,515,338,177
Taichang Road,Tiedong Road,10115.96591,100128,100139,168,38,130,80,50
Tiedong Road,Taichang Road,10115.96591,100139,100128,145,46,99,44,55
Tumour Hospital,Yihao Bridge,10115.91424,100141,100172,309,94,215,133,82
Yihao Bridge,Tumour Hospital,10115.91424,100172,100141,254,33,221,141,80
Zhicheng Road,Nanlou,10114.59106,100187,100102,101,23,78,58,20
Nanlou,Zhicheng Road,10114.59106,100102,100187,97,18,79,42,37
South Station,Nancuiping,10113.644,100122,100100,302,88,214,133,81
Nancuiping,South Station,10113.644,100100,100122,278,87,191,132,59
Xunhai Road,Nanzhu Bridge,10111.83069,100166,100104,36,12,24,9,15
Nanzhu Bridge,Xunhai Road,10111.83069,100104,100166,34,9,25,13,12
Xiaodong Zhuang,Number Two Bridge,10111.67382,100156,100110,471,88,383,301,82
Number Two Bridge,Xiaodong Zhuang,10111.67382,100110,100156,431,64,367,238,129
Yingkou Road,Cao Zhuang,10109.85168,100174,100011,4933,1869,3064,1478,1586
Cao Zhuang,Yingkou Road,10109.85168,100011,100174,4854,1818,3036,1641,1395
West Station,Huaihe Road,10108.74962,100149,100058,162,46,116,39,77
Huaihe Road,West Station,10108.74962,100058,100149,154,49,105,60,45
Yingkou Road,Jiayuan Li,10108.32596,100174,100067,3799,1153,2646,1292,1354
Jiayuan Li,Yingkou Road,10108.32596,100067,100174,3534,1126,2408,1504,904
Xianyang Road,JinZhong River Street,10106.25923,100153,100079,187,38,149,98,51
JinZhong River Street,Xianyang Road,10106.25923,100079,100153,159,29,130,78,52
Nanlou,Beining Park,10106.22382,100102,100006,93,20,73,47,26
Beining Park,Nanlou,10106.22382,100006,100102,71,13,58,44,14
Dengzhou Road,Xueyuan North Road,10106.00016,100024,100165,8,1,7,4,3
Xueyuan North Road,Dengzhou Road,10106.00016,100165,100024,6,1,5,2,3
Jiayuan Li,Beining Park,10105.03997,100067,100006,211,53,158,103,55
Beining Park,Jiayuan Li,10105.03997,100006,100067,172,40,132,72,60
Yibin Road,Meijiang Park,10104.28539,100171,100096,58,10,48,27,21
Meijiang Park,Yibin Road,10104.28539,100096,100171,54,12,42,25,17
University of Civil Aviation,Xuelian South Road,10103.337,100142,100164,15,1,14,12,2
Xuelian South Road,University of Civil Aviation,10103.337,100164,100142,11,2,9,7,2
Laoshan Road,Zhangxing Zhuang,10102.85405,100082,100185,28,4,24,11,13
Zhangxing Zhuang,Laoshan Road,10102.85405,100185,100082,17,2,15,5,10
Tucheng,Dongting Road,10101.78657,100140,100034,4,0,4,3,1
Dongting Road,Tucheng,10101.78657,100034,100140,2,0,2,0,2
Leyuan Road,Honghu Li,10100.90626,100083,100055,156,58,98,39,59
Honghu Li,Leyuan Road,10100.90626,100055,100083,131,49,82,50,32
Tianjin Hotel,Minquan Gate,10100.57607,100134,100099,107,24,83,56,27
Minquan Gate,Tianjin Hotel,10100.57607,100099,100134,104,26,78,59,19
North China Group,Jingjiang Road,10099.85691,100107,100072,195,51,144,92,52
Jingjiang Road,North China Group,10099.85691,100072,100107,195,48,147,111,36
Jingjiang Road,Honghu Li,10097.69863,100072,100055,315,60,255,175,80
Honghu Li,Jingjiang Road,10097.69863,100055,100072,255,65,190,132,58
Changhong Park,Meijiang Road,10092.76287,100012,100097,431,84,347,262,85
Meijiang Road,Changhong Park,10092.76287,100097,100012,388,74,314,193,121
Southwest Tower,University town,10091.57067,100125,100143,186,45,141,88,53
University town,Southwest Tower,10091.57067,100143,100125,158,34,124,91,33
Liuyuan,Guangkaisima Road,10091.42053,100091,100044,990,144,846,671,175
Guangkaisima Road,Liuyuan,10091.42053,100044,100091,928,149,779,526,253
Xinxing Village,Taichang Road,10091.39006,100162,100128,90,15,75,55,20
Taichang Road,Xinxing Village,10091.39006,100128,100162,78,19,59,31,28
Dengzhou Road,Xuzhuangzi,10091.35386,100024,100168,22,7,15,8,7
Xuzhuangzi,Dengzhou Road,10091.35386,100168,100024,21,4,17,10,7
Tumour Hospital,Xinkai River,10090.98407,100141,100160,188,22,166,98,68
Xinkai River,Tumour Hospital,10090.98407,100160,100141,171,23,148,99,49
Yutai,The Financial University,10089.78978,100183,100132,160,36,124,76,48
The Financial University,Yutai,10089.78978,100132,100183,136,29,107,57,50
Jianshan Road,The Financial University,10088.91567,100066,100132,18,5,13,7,6
The Financial University,Jianshan Road,10088.91567,100132,100066,10,3,7,3,4
Bei Zhulin,North China Group,10088.65673,100004,100107,45,16,29,20,9
North China Group,Bei Zhulin,10088.65673,100107,100004,38,15,23,16,7
Xuzhou Road,Guoshan Road,10087.22564,100167,100047,90,14,76,58,18
Guoshan Road,Xuzhou Road,10087.22564,100047,100167,86,19,67,53,14
Fuxing Gate,Changling Road,10086.13338,100041,100013,93,21,72,39,33
Changling Road,Fuxing Gate,10086.13338,100013,100041,59,12,47,37,10
Tumour Hospital,Liuwei Road,10085.77697,100141,100090,60,22,38,18,20
Liuwei Road,Tumour Hospital,10085.77697,100090,100141,41,16,25,10,15
Benxi Road,Yizhongxin Hospital,10085.09676,100008,100177,298,52,246,181,65
Yizhongxin Hospital,Benxi Road,10085.09676,100177,100008,292,48,244,161,83
Wanshan Road,Chentang Zhuang,10085.03263,100146,100015,22,2,20,20,0
Chentang Zhuang,Wanshan Road,10085.03263,100015,100146,17,1,16,13,3
Tiedong Road,Jieyuan West Road,10084.27485,100139,100069,170,30,140,83,57
Jieyuan West Road,Tiedong Road,10084.27485,100069,100139,144,33,111,58,53
Tiantai Road,Southwest Tower,10082.65449,100137,100125,107,19,88,62,26
Southwest Tower,Tiantai Road,10082.65449,100125,100137,102,17,85,56,29
Yixingbu North,Jintang Road,10082.44361,100176,100077,272,83,189,116,73
Jintang Road,Yixingbu North,10082.44361,100077,100176,271,63,208,111,97
Shaliu South Road,Siyuan Road,10082.39567,100116,100121,20,2,18,10,8
Siyuan Road,Shaliu South Road,10082.39567,100121,100116,15,6,9,2,7
Tian Tower,Meijiang Park,10081.73,100133,100096,38,11,27,6,21
Meijiang Park,Tian Tower,10081.73,100096,100133,38,13,25,17,8
Liuwei Road,Number Two Bridge,10081.16987,100090,100110,7,1,6,3,3
Number Two Bridge,Liuwei Road,10081.16987,100110,100090,4,1,3,1,2
Xianyang Road,Zhangxing Zhuang,10080.34948,100153,100185,46,12,34,12,22
Zhangxing Zhuang,Xianyang Road,10080.34948,100185,100153,46,8,38,27,11
Yihao Bridge,Jin Street,10079.11287,100172,100070,46,13,33,18,15
Jin Street,Yihao Bridge,10079.11287,100070,100172,39,17,22,13,9
Laoshan Road,Youyi South Road,10079.05345,100082,100178,329,74,255,174,81
Youyi South Road,Laoshan Road,10079.05345,100178,100082,289,72,217,153,64
Jiefang South Road,Yizhongxin Hospital,10077.88272,100068,100177,680,143,537,375,162
Yizhongxin Hospital,Jiefang South Road,10077.88272,100177,100068,629,123,506,322,184
Xingfu Park,Professional University,10077.86019,100159,100112,297,67,230,119,111
Professional University,Xingfu Park,10077.86019,100112,100159,284,64,220,137,83
Yingkou Road,Jinmao Industrial Area,10076.12934,100174,100074,43,12,31,20,11
Jinmao Industrial Area,Yingkou Road,10076.12934,100074,100174,36,6,30,25,5
Yixingbu North,Taichang Road,10075.42697,100176,100128,360,92,268,144,124
Taichang Road,Yixingbu North,10075.42697,100128,100176,331,84,247,123,124
Cuifu New Village,Xuelian South Road,10075.19406,100019,100164,15,8,7,6,1
Xuelian South Road,Cuifu New Village,10075.19406,100164,100019,9,2,7,4,3
Yuanyang International Centre,Airport Economic Zone,10074.09149,100179,100001,1661,310,1351,839,512
Airport Economic Zone,Yuanyang International Centre,10074.09149,100001,100179,1557,299,1258,813,445
Number Two Bridge,Jinshi Bridge,10073.26025,100110,100076,177,31,146,111,35
Jinshi Bridge,Number Two Bridge,10073.26025,100076,100110,172,37,135,91,44
Yuejin North Road,Yuanyang International Centre,10072.61053,100181,100179,163,26,137,108,29
Yuanyang International Centre,Yuejin North Road,10072.61053,100179,100181,152,23,129,70,59
Jinghe Road,Cultural centre,10071.82339,100071,100020,269,55,214,171,43
Cultural centre,Jinghe Road,10071.82339,100020,100071,230,48,182,106,76
University town,Xianyang Road,10070.9287,100143,100153,409,93,316,188,128
Xianyang Road,University town,10070.9287,100153,100143,379,99,280,165,115
Xiawafang,Qinjian Road,10070.15291,100157,100113,1002,256,746,517,229
Qinjian Road,Xiawafang,10070.15291,100113,100157,884,181,703,494,209
Chunhai Road,Dongli Yijing Road,10070.04469,100017,100033,18,3,15,9,6
Dongli Yijing Road,Chunhai Road,10070.04469,100033,100017,16,1,15,14,1
Fuxing Gate,Jianguo Road,10069.94971,100041,100064,92,18,74,55,19
Jianguo Road,Fuxing Gate,10069.94971,100064,100041,77,15,62,42,20
Tiantai Road,Tianjin Hotel,10068.54264,100137,100134,423,75,348,274,74
Tianjin Hotel,Tiantai Road,10068.54264,100134,100137,359,70,289,205,84
Shunchi Bridge,Wangdingdi,10068.30954,100120,100145,76,19,57,44,13
Wangdingdi,Shunchi Bridge,10068.30954,100145,100120,54,16,38,29,9
Jiangwan Erzhi Road,Dongjiang Road,10066.92409,100065,100028,2,2,0,0,0
Dongjiang Road,Jiangwan Erzhi Road,10066.92409,100028,100065,1,1,0,0,0
Jingjiang Road,Huashan Li,10065.63023,100072,100060,301,72,229,169,60
Huashan Li,Jingjiang Road,10065.63023,100060,100072,265,58,207,153,54
Weishan Road,Jintang Road,10064.43091,100148,100077,3,2,1,0,1
Jianchang Road,Southwest corner,10064.32257,100063,100124,130,40,90,64,26
Southwest corner,Jianchang Road,10064.32257,100124,100063,130,41,89,42,47
Second hospital of the Medical University,Guangkaisima Road,10064.2035,100115,100044,121,34,87,56,31
Guangkaisima Road,Second hospital of the Medical University,10064.2035,100044,100115,97,22,75,35,40
Water Park Road East,Taichang Road,10063.79612,100147,100128,170,62,108,66,42
Taichang Road,Water Park Road East,10063.79612,100128,100147,104,25,79,36,43
Dongting Road,Hongqi South Road,10061.82148,100034,100057,108,21,87,63,24
Hongqi South Road,Dongting Road,10061.82148,100057,100034,73,11,62,47,15
Xunhai Road,Xiangshan Road,10061.81568,100166,100151,26,2,24,17,7
Xiangshan Road,Xunhai Road,10061.81568,100151,100166,20,3,17,10,7
Dongxing Road,Tiantuo,10061.50527,100035,100138,46,5,41,21,20
Tiantuo,Dongxing Road,10061.50527,100138,100035,44,9,35,22,13
Number Two Bridge,Anshan Road,10060.89866,100110,100002,385,80,305,216,89
Anshan Road,Number Two Bridge,10060.89866,100002,100110,334,63,271,147,124
National Exhibition Centre,The Financial University,10059.29906,100105,100132,39,14,25,15,10
The Financial University,National Exhibition Centre,10059.29906,100132,100105,25,10,15,7,8
Nancuiping,Bianxing,10058.51873,100100,100009,57,17,40,28,12
Bianxing,Nancuiping,10058.51873,100009,100100,46,9,37,29,8
Zhangxing Zhuang,Haiguang Temple,10058.49979,100185,100048,285,40,245,206,39
Haiguang Temple,Zhangxing Zhuang,10058.49979,100048,100185,258,40,218,131,87
Chunhai Road,Taichang Road,10058.40007,100017,100128,130,20,110,68,42
Taichang Road,Chunhai Road,10058.40007,100128,100017,114,12,102,88,14
Xiawafang,Xuelian South Road,10056.92241,100157,100164,16,2,14,7,7
Xuelian South Road,Xiawafang,10056.92241,100164,100157,14,1,13,7,6
Heping Road,Changling Road,10056.49667,100053,100013,627,147,480,298,182
Changling Road,Heping Road,10056.49667,100013,100053,527,106,421,316,105
Water Park Road East,Jin Street,10056.06137,100147,100070,50,15,35,23,12
Jin Street,Water Park Road East,10056.06137,100070,100147,47,10,37,22,15
Yihao Bridge,Haiguang Temple,10055.99567,100172,100048,253,47,206,155,51
Haiguang Temple,Yihao Bridge,10055.99567,100048,100172,225,47,178,122,56
Xiangshan Road,Yingkou Road,10055.89781,100151,100174,310,113,197,83,114
Yingkou Road,Xiangshan Road,10055.89781,100174,100151,271,97,174,78,96
Dongli Liujing Road,Jinmao Industrial Area,10055.64374,100031,100074,1,0,1,1,0
Jinmao Industrial Area,Dongli Liujing Road,10055.64374,100074,100031,1,0,1,0,1
Yuejin North Road,Dongxing Road,10055.25544,100181,100035,28,2,26,25,1
Dongxing Road,Yuejin North Road,10055.25544,100035,100181,23,0,23,15,8
Yuanyang International Centre,Longhan Road,10053.95822,100179,100092,55,14,41,24,17
Longhan Road,Yuanyang International Centre,10053.95822,100092,100179,42,9,33,13,20
Nanlou,Jinmao Industrial Area,10053.51814,100102,100074,28,0,28,20,8
Jinmao Industrial Area,Nanlou,10053.51814,100074,100102,26,0,26,23,3
Shuanglin,Jintang Road,10051.86251,100119,100077,152,34,118,79,39
Jintang Road,Shuanglin,10051.86251,100077,100119,140,35,105,71,34
Xikang Road,Changling Road,10049.65616,100158,100013,196,30,166,101,65
Changling Road,Xikang Road,10049.65616,100013,100158,192,25,167,138,29
Tiantai Road,Nancuiping,10048.53581,100137,100100,200,66,134,79,55
Nancuiping,Tiantai Road,10048.53581,100100,100137,175,43,132,73,59
Jianshan Road,Number Two Bridge,10044.95389,100066,100110,32,8,24,22,2
Number Two Bridge,Jianshan Road,10044.95389,100110,100066,25,9,16,9,7
Jieyuan West Road,Shiyijing Road,10044.83668,100069,100117,324,45,279,219,60
Shiyijing Road,Jieyuan West Road,10044.83668,100117,100069,278,36,242,145,97
Honghu Li,Xuzhuangzi,10044.83279,100055,100168,60,13,47,43,4
Xuzhuangzi,Honghu Li,10044.83279,100168,100055,59,11,48,41,7
Xikang Road,Benxi Road,10043.5602,100158,100008,362,90,272,162,110
Benxi Road,Xikang Road,10043.5602,100008,100158,344,68,276,189,87
Cuifu New Village,Nanhe Zhuang,10041.39736,100019,100101,19,2,17,10,7
Nanhe Zhuang,Cuifu New Village,10041.39736,100101,100019,7,1,6,4,2
Heping Road,University town,10041.03004,100053,100143,8251,3740,4511,1614,2897
University town,Heping Road,10041.03004,100143,100053,6247,2626,3621,1934,1687
Heping Road,Meijiang Park,10040.44138,100053,100096,91,23,68,41,27
Meijiang Park,Heping Road,10040.44138,100096,100053,80,26,54,48,6
Dengzhou South Road,Southwest Tower,10039.72089,100025,100125,336,38,298,240,58
Southwest Tower,Dengzhou South Road,10039.72089,100125,100025,301,49,252,190,62
Tianjin Station,North China Group,10039.52087,100135,100107,5314,1662,3652,1309,2343
North China Group,Tianjin Station,10039.52087,100107,100135,5025,1588,3437,1398,2039
Bei Zhulin,Tucheng,10039.15099,100004,100140,14,3,11,5,6
Tucheng,Bei Zhulin,10039.15099,100140,100004,12,3,9,6,3
Lingbin Road,Xianyang Road,10038.12492,100087,100153,109,25,84,42,42
Xianyang Road,Lingbin Road,10038.12492,100153,100087,96,24,72,50,22
Changling Road,Haihe East Road,10037.26244,100013,100049,3,1,2,2,0
Haihe East Road,Changling Road,10037.26244,100049,100013,2,1,1,1,0
Zhongshan Gate,Lingbin Road,10036.05371,100189,100087,167,41,126,87,39
Lingbin Road,Zhongshan Gate,10036.05371,100087,100189,160,45,115,70,45
Xikang Road,Meijiang Park,10033.7971,100158,100096,50,12,38,19,19
Meijiang Park,Xikang Road,10033.7971,100096,100158,49,10,39,27,12
Nanlou,Xiangshan Road,10033.28661,100102,100151,55,10,45,25,20
Xiangshan Road,Nanlou,10033.28661,100151,100102,46,8,38,27,11
Dongxing Road,Tiantai Road,10032.70208,100035,100137,59,6,53,42,11
Tiantai Road,Dongxing Road,10032.70208,100137,100035,58,7,51,41,10
Chenglin Road,Nancuiping,10031.81119,100014,100100,193,41,152,103,49
Nancuiping,Chenglin Road,10031.81119,100100,100014,172,46,126,80,46
Nancuiping,Yuanyang International Centre,10031.1659,100100,100179,72,21,51,34,17
Yuanyang International Centre,Nancuiping,10031.1659,100179,100100,62,18,44,31,13
Jinmao Industrial Area,Tianjin Station,10030.16204,100074,100135,36,5,31,20,11
Tianjin Station,Jinmao Industrial Area,10030.16204,100135,100074,34,6,28,15,13
Liaohe North Road,Southeast Corner,10030.11145,100084,100123,140,38,102,78,24
Southeast Corner,Liaohe North Road,10030.11145,100123,100084,138,48,90,47,43
High-Tech Zone,Yingkou Road,10029.92356,100054,100174,4534,1708,2826,1596,1230
Yingkou Road,High-Tech Zone,10029.92356,100174,100054,4215,1682,2533,1191,1342
JinZhong Street,Jinwan Square,10029.46155,100080,100078,562,117,445,347,98
Jinwan Square,JinZhong Street,10029.46155,100078,100080,512,110,402,271,131
Cultural centre,Magangchang,10029.3743,100020,100094,53,23,30,10,20
Magangchang,Cultural centre,10029.3743,100094,100020,51,22,29,18,11
Bianxing,Xiaobailou,10028.17469,100009,100154,590,92,498,372,126
Xiaobailou,Bianxing,10028.17469,100154,100009,589,100,489,280,209
Tian Tower,Tiantai Road,10027.83887,100133,100137,280,78,202,110,92
Tiantai Road,Tian Tower,10027.83887,100137,100133,278,86,192,134,58
Zhanggui Zhuang,Cultural centre,10027.6226,100184,100020,436,120,316,215,101
Cultural centre,Zhanggui Zhuang,10027.6226,100020,100184,395,101,294,177,117
Youyi South Road,Dongli Culture and Sports Centre,10026.86091,100178,100029,91,14,77,57,20
Dongli Culture and Sports Centre,Youyi South Road,10026.86091,100029,100178,74,17,57,40,17
Zhongshan Gate,Fangshan Road,10025.97916,100189,100038,4,1,3,1,2
Xiaobailou,Dengzhou South Road,10025.48957,100154,100025,20,6,14,8,6
Dengzhou South Road,Xiaobailou,10025.48957,100025,100154,14,6,8,3,5
Fuxing Road,Second hospital of the Medical University,10025.36,100042,100115,103,27,76,31,45
Second hospital of the Medical University,Fuxing Road,10025.36,100115,100042,100,24,76,54,22
Huayuan,Yuanyang International Centre,10023.78405,100061,100179,518,67,451,339,112
Yuanyang International Centre,Huayuan,10023.78405,100179,100061,491,70,421,304,117
Liqi Zhuang South,Anshan West Road,10022.08144,100088,100003,75,15,60,45,15
Anshan West Road,Liqi Zhuang South,10022.08144,100003,100088,68,13,55,39,16
Gulou,Dengzhou Road,10021.49601,100045,100024,1106,325,781,407,374
Dengzhou Road,Gulou,10021.49601,100024,100045,1064,284,780,502,278
Yingkou Road,Lijiang Road,10018.91134,100174,100085,229,85,144,81,63
Lijiang Road,Yingkou Road,10018.91134,100085,100174,223,74,149,84,65
Leyuan Road,Chunhai Road,10018.58873,100083,100017,7,1,6,0,6
Tianshili,Gulou,10017.60319,100136,100045,193,41,152,98,54
Gulou,Tianshili,10017.60319,100045,100136,173,42,131,63,68
Fuxing Gate,Sports Centre,10010.54515,100041,100126,172,42,130,92,38
Sports Centre,Fuxing Gate,10010.54515,100126,100041,158,41,117,55,62
Honghu Li,Cultural centre,10008.81557,100055,100020,565,248,317,214,103
Cultural centre,Honghu Li,10008.81557,100020,100055,465,177,288,184,104
Shunchi Bridge,Huanyu Road,10007.36484,100120,100059,7,0,7,4,3
Huanyu Road,Shunchi Bridge,10007.36484,100059,100120,4,1,3,2,1
Tumour Hospital,Jianguo Road,10006.81472,100141,100064,278,63,215,100,115
Jianguo Road,Tumour Hospital,10006.81472,100064,100141,239,75,164,99,65
Tumour Hospital,Wandong Road,10006.5902,100141,100144,266,39,227,116,111
Wandong Road,Tumour Hospital,10006.5902,100144,100141,260,29,231,164,67
Tumour Hospital,Northwest Corner,10006.44373,100141,100109,699,126,573,309,264
Northwest Corner,Tumour Hospital,10006.44373,100109,100141,584,107,477,257,220
Zhaoyuan Road,Chenglin Road,10006.32358,100186,100014,7,3,4,1,3
Chenglin Road,Zhaoyuan Road,10006.32358,100014,100186,5,1,4,3,1
Jingjiang Road,Zuojiang Road,10006.26634,100072,100192,88,12,76,48,28
Zuojiang Road,Jingjiang Road,10006.26634,100192,100072,58,10,48,28,20
Nanzhu Bridge,Hongqi South Road,10005.57682,100104,100057,15,6,9,4,5
Hongqi South Road,Nanzhu Bridge,10005.57682,100057,100104,9,1,8,3,5
Tucheng,Fangshan Road,10005.00607,100140,100038,83,15,68,33,35
Fangshan Road,Tucheng,10005.00607,100038,100140,75,16,59,43,16
Gulou,Liuyuan,10002.89325,100045,100091,2517,1038,1479,520,959
Liuyuan,Gulou,10002.89325,100091,100045,2496,1053,1443,753,690
Number Two Bridge,Wandong Road,10001.9831,100110,100144,5,4,1,0,1
Wandong Road,Number Two Bridge,10001.9831,100144,100110,3,1,2,1,1
Tianjin Hotel,Yueya River,10001.5518,100134,100182,607,145,462,304,158
Yueya River,Tianjin Hotel,10001.5518,100182,100134,593,136,457,333,124
Nancuiping,Dawang Zhuang,9999.668913,100100,100023,119,27,92,64,28
Dawang Zhuang,Nancuiping,9999.668913,100023,100100,82,12,70,47,23
Number Two Bridge,Shunchi Bridge,9996.862137,100110,100120,60,12,48,38,10
Shunchi Bridge,Number Two Bridge,9996.862137,100120,100110,57,13,44,34,10
Xianyang Road,Ruijing XinYuan,9996.619277,100153,100114,238,46,192,124,68
Ruijing XinYuan,Xianyang Road,9996.619277,100114,100153,228,43,185,116,69
Chentang Zhuang,Zhou and Deng Memorial Museum,9995.155832,100015,100191,145,22,123,93,30
Zhou and Deng Memorial Museum,Chentang Zhuang,9995.155832,100191,100015,126,23,103,76,27
Lingbin Road,High-Tech Zone,9994.7802,100087,100054,81,16,65,49,16
High-Tech Zone,Lingbin Road,9994.7802,100054,100087,70,18,52,42,10
Liuyuan,Erwei Road,9994.102403,100091,100036,3609,617,2992,2311,681
Erwei Road,Liuyuan,9994.102403,100036,100091,3259,592,2667,1669,998
Youyi South Road,Dengzhou South Road,9993.187012,100178,100025,78,17,61,41,20
Dengzhou South Road,Youyi South Road,9993.187012,100025,100178,75,15,60,38,22
Gaozhuangzi,Huanyu Road,9990.161973,100043,100059,3,2,1,0,1
Huanyu Road,Gaozhuangzi,9990.161973,100059,100043,1,1,0,0,0
Water Park Road East,Weishan Road,9989.035124,100147,100148,6,1,5,4,1
Weishan Road,Water Park Road East,9989.035124,100148,100147,2,0,2,0,2
Xianyang Road,Zhigu,9987.517249,100153,100188,257,45,212,133,79
Zhigu,Xianyang Road,9987.517249,100188,100153,227,43,184,126,58
Yutai,Huayuan,9986.545322,100183,100061,37,5,32,26,6
Huayuan,Yutai,9986.545322,100061,100183,32,2,30,21,9
Fuxing Gate,Shunchi Bridge,9985.915696,100041,100120,57,12,45,31,14
Shunchi Bridge,Fuxing Gate,9985.915696,100120,100041,48,11,37,25,12
Yudongcheng,JinZhong Street,9984.838821,100180,100080,210,34,176,116,60
JinZhong Street,Yudongcheng,9984.838821,100080,100180,180,29,151,120,31
Jianchang Road,Changhong Park,9984.73398,100063,100012,54,18,36,18,18
Changhong Park,Jianchang Road,9984.73398,100012,100063,48,14,34,14,20
Dawang Zhuang,Dengzhou South Road,9982.609952,100023,100025,29,4,25,13,12
Dengzhou South Road,Dawang Zhuang,9982.609952,100025,100023,28,6,22,15,7
Shuanggang,Xianshuigu West,9982.523847,100118,100152,1655,500,1155,625,530
Xianshuigu West,Shuanggang,9982.523847,100152,100118,1645,487,1158,678,480
Dongli Culture and Sports Centre,Yuejin North Road,9981.595449,100029,100181,14,6,8,3,5
Yuejin North Road,Dongli Culture and Sports Centre,9981.595449,100181,100029,10,3,7,3,4
Fangshan Road,Jianguo Road,9974.856906,100038,100064,45,8,37,32,5
Jianguo Road,Fangshan Road,9974.856906,100064,100038,35,6,29,20,9
Yuejin North Road,Xiawafang,9970.822365,100181,100157,309,45,264,183,81
Xiawafang,Yuejin North Road,9970.822365,100157,100181,271,47,224,146,78
Hangshuang Road,Xuzhou Road,9970.741188,100051,100167,259,25,234,183,51
Xuzhou Road,Hangshuang Road,9970.741188,100167,100051,245,18,227,171,56
Dabi Zhuang,Yuanyang International Centre,9970.595276,100021,100179,204,55,149,112,37
Yuanyang International Centre,Dabi Zhuang,9970.595276,100179,100021,182,54,128,71,57
Fengchan River,Jinshi Bridge,9966.651683,100039,100076,101,13,88,63,25
Jinshi Bridge,Fengchan River,9966.651683,100076,100039,93,7,86,59,27
Hangshuang Road,Zhaoyuan Road,9966.176446,100051,100186,8,2,6,5,1
Zhaoyuan Road,Hangshuang Road,9966.176446,100186,100051,5,0,5,4,1
Jinshi Bridge,Nancuiping,9966.104128,100076,100100,78,15,63,48,15
Nancuiping,Jinshi Bridge,9966.104128,100100,100076,77,21,56,43,13
Dengzhou South Road,JinZhong River Street,9965.99097,100025,100079,64,12,52,40,12
JinZhong River Street,Dengzhou South Road,9965.99097,100079,100025,62,12,50,37,13
Tianjin Station,Water Park Road East,9965.278762,100135,100147,600,264,336,130,206
Water Park Road East,Tianjin Station,9965.278762,100147,100135,469,204,265,135,130
Heping Road,Yuejin North Road,9963.445536,100053,100181,1313,342,971,504,467
Yuejin North Road,Heping Road,9963.445536,100181,100053,1188,295,893,640,253
Hangshuang Road,The Financial University,9962.474218,100051,100132,98,8,90,75,15
The Financial University,Hangshuang Road,9962.474218,100132,100051,91,11,80,76,4
Dengzhou South Road,Jin Street,9962.264934,100025,100070,879,172,707,523,184
Jin Street,Dengzhou South Road,9962.264934,100070,100025,733,135,598,332,266
Dengzhou Road,Yingkou Road,9961.723364,100024,100174,1401,400,1001,683,318
Yingkou Road,Dengzhou Road,9961.723364,100174,100024,1388,372,1016,561,455
The Financial University,Chenglin Road,9961.569545,100132,100014,262,86,176,122,54
Chenglin Road,The Financial University,9961.569545,100014,100132,246,68,178,90,88
Second hospital of the Medical University,Jinshi Bridge,9960.095622,100115,100076,91,25,66,35,31
Jinshi Bridge,Second hospital of the Medical University,9960.095622,100076,100115,75,17,58,31,27
Xueyuan North Road,Lijiang Road,9958.658839,100165,100085,9,1,8,4,4
Lijiang Road,Xueyuan North Road,9958.658839,100085,100165,7,0,7,6,1
The Financial University,Anshan Road,9956.912376,100132,100002,1926,454,1472,863,609
Anshan Road,The Financial University,9956.912376,100002,100132,1801,417,1384,792,592
Gulou,Second hospital of the Medical University,9956.856905,100045,100115,219,74,145,74,71
Second hospital of the Medical University,Gulou,9956.856905,100115,100045,180,49,131,81,50
Dongxing Road,Liulin Road,9956.106091,100035,100089,4,1,3,1,2
Liulin Road,Dongxing Road,9956.106091,100089,100035,3,1,2,1,1
Yangwu Zhuang,Anshan West Road,9955.430798,100169,100003,383,61,322,258,64
Anshan West Road,Yangwu Zhuang,9955.430798,100003,100169,321,61,260,177,83
Fuxing Gate,Wandong Road,9953.224131,100041,100144,22,3,19,14,5
Wandong Road,Fuxing Gate,9953.224131,100144,100041,10,3,7,4,3
Heping Road,Number Two Bridge,9952.899062,100053,100110,588,193,395,159,236
Number Two Bridge,Heping Road,9952.899062,100110,100053,509,164,345,189,156
Xiawafang,Longhan Road,9952.170053,100157,100092,15,5,10,5,5
Longhan Road,Xiawafang,9952.170053,100092,100157,15,5,10,2,8
Qinjian Road,Wujiayao,9951.914374,100113,100150,444,59,385,277,108
Wujiayao,Qinjian Road,9951.914374,100150,100113,422,76,346,236,110
Anshan West Road,Meijiang Exhibition Centre,9951.498409,100003,100095,425,133,292,188,104
Meijiang Exhibition Centre,Anshan West Road,9951.498409,100095,100003,411,116,295,194,101
Dongting Road,Yaohuan Road,9950.178398,100034,100170,3,0,3,2,1
Yaohuan Road,Dongting Road,9950.178398,100170,100034,1,0,1,0,1
Fuxing Road,Sports Centre,9947.880036,100042,100126,19,6,13,8,5
Sports Centre,Fuxing Road,9947.880036,100126,100042,14,7,7,4,3
Cuifu New Village,Tumour Hospital,9947.791504,100019,100141,346,44,302,217,85
Tumour Hospital,Cuifu New Village,9947.791504,100141,100019,249,31,218,103,115
Tumour Hospital,Xuefu Industrial Area,9947.732206,100141,100163,345,26,319,215,104
Xuefu Industrial Area,Tumour Hospital,9947.732206,100163,100141,297,29,268,197,71
Gulou,Yixingbu North,9944.523214,100045,100176,375,140,235,98,137
Yixingbu North,Gulou,9944.523214,100176,100045,356,107,249,143,106
Huaihe Road,Xiaodian,9943.833768,100058,100155,123,15,108,89,19
Xiaodian,Huaihe Road,9943.833768,100155,100058,113,6,107,82,25
Southwest Tower,Laoshan Road,9943.822526,100125,100082,140,23,117,76,41
Laoshan Road,Southwest Tower,9943.822526,100082,100125,126,28,98,80,18
Yuejin North Road,Huashan Li,9943.056488,100181,100060,11,2,9,6,3
Huashan Li,Yuejin North Road,9943.056488,100060,100181,8,2,6,3,3
Zhigu,Yibin Road,9940.607602,100188,100171,109,26,83,50,33
Yibin Road,Zhigu,9940.607602,100171,100188,91,26,65,39,26
Tumour Hospital,Gulou,9940.07491,100141,100045,587,175,412,206,206
Gulou,Tumour Hospital,9940.07491,100045,100141,485,181,304,137,167
Yizhongxin Hospital,Dawang Zhuang,9939.77143,100177,100023,84,17,67,41,26
Dawang Zhuang,Yizhongxin Hospital,9939.77143,100023,100177,66,10,56,32,24
Chentang Zhuang,Nancuiping,9939.372357,100015,100100,53,9,44,23,21
Nancuiping,Chentang Zhuang,9939.372357,100100,100015,50,11,39,29,10
Guoshan Road,Jianchang Road,9937.764528,100047,100063,27,5,22,14,8
Jianchang Road,Guoshan Road,9937.764528,100063,100047,25,8,17,14,3
Fuxing Gate,Zuojiang Road,9934.230112,100041,100192,9,2,7,4,3
Zuojiang Road,Fuxing Gate,9934.230112,100192,100041,2,0,2,0,2
Tumour Hospital,North Station,9934.016161,100141,100108,368,58,310,140,170
North Station,Tumour Hospital,9934.016161,100108,100141,358,69,289,166,123
The Financial University,Dawang Zhuang,9933.056951,100132,100023,151,31,120,73,47
Dawang Zhuang,The Financial University,9933.056951,100023,100132,144,36,108,59,49
Bianxing,Zhou and Deng Memorial Museum,9932.337331,100009,100191,66,33,33,20,13
Zhou and Deng Memorial Museum,Bianxing,9932.337331,100191,100009,52,16,36,21,15
Qinjian Road,Hongqi South Road,9931.584666,100113,100057,383,61,322,227,95
Hongqi South Road,Qinjian Road,9931.584666,100057,100113,338,59,279,215,64
Chinese Medicine First Affiliated Hospital,Liulin Road,9931.118835,100016,100089,154,40,114,50,64
Liulin Road,Chinese Medicine First Affiliated Hospital,9931.118835,100089,100016,131,28,103,32,71
Yangwu Zhuang,Water Park Road East,9930.093676,100169,100147,247,86,161,117,44
Water Park Road East,Yangwu Zhuang,9930.093676,100147,100169,223,67,156,73,83
University town,Anshan Road,9929.890476,100143,100002,1873,452,1421,859,562
Anshan Road,University town,9929.890476,100002,100143,1619,382,1237,631,606
Zhigu,Liqi Zhuang South,9929.554174,100188,100088,72,11,61,30,31
Liqi Zhuang South,Zhigu,9929.554174,100088,100188,67,7,60,45,15
Jiefang South Road,Jintang Road,9927.362632,100068,100077,197,38,159,105,54
Jintang Road,Jiefang South Road,9927.362632,100077,100068,190,36,154,98,56
Wujiayao,Jieyuan West Road,9925.584786,100150,100069,215,37,178,108,70
Jieyuan West Road,Wujiayao,9925.584786,100069,100150,202,46,156,111,45
Xiaobailou,Laoshan Road,9923.845709,100154,100082,52,25,27,14,13
Laoshan Road,Xiaobailou,9923.845709,100082,100154,9,3,6,3,3
Xuzhuangzi,Xiawafang,9923.611743,100168,100157,136,13,123,84,39
Xiawafang,Xuzhuangzi,9923.611743,100157,100168,119,13,106,74,32
West Station,Sports Centre,9923.218514,100149,100126,94,34,60,28,32
Sports Centre,West Station,9923.218514,100126,100149,75,21,54,18,36
Tumour Hospital,Xuzhou Road,9922.392035,100141,100167,20,5,15,10,5
Xuzhou Road,Tumour Hospital,9922.392035,100167,100141,18,4,14,9,5
Chinese Medicine First Affiliated Hospital,Yingkou Road,9917.985502,100016,100174,1565,500,1065,574,491
Yingkou Road,Chinese Medicine First Affiliated Hospital,9917.985502,100174,100016,1424,394,1030,450,580
Tumour Hospital,Huashan Li,9917.364523,100141,100060,398,50,348,195,153
Huashan Li,Tumour Hospital,9917.364523,100060,100141,367,59,308,218,90
Xiaobailou,Siyuan Road,9916.992376,100154,100121,77,23,54,32,22
Siyuan Road,Xiaobailou,9916.992376,100121,100154,77,29,48,27,21
Jianshan Road,Northwest Corner,9915.881378,100066,100109,42,21,21,10,11
Northwest Corner,Jianshan Road,9915.881378,100109,100066,37,13,24,12,12
Binhai International Airport,Wanshan Road,9915.323955,100010,100146,53,11,42,7,35
Wanshan Road,Binhai International Airport,9915.323955,100146,100010,45,10,35,20,15
Siyuan Road,Gulou,9915.054013,100121,100045,68,24,44,18,26
Gulou,Siyuan Road,9915.054013,100045,100121,65,22,43,11,32
Tiantai Road,Tumour Hospital,9912.996061,100137,100141,978,145,833,553,280
Tumour Hospital,Tiantai Road,9912.996061,100141,100137,918,139,779,365,414
Xunhai Road,Dengzhou South Road,9912.295255,100166,100025,12,2,10,3,7
Dengzhou South Road,Xunhai Road,9912.295255,100025,100166,4,1,3,1,2
Zhongshan Gate,Xinkai River,9911.642075,100189,100160,34,6,28,18,10
Xinkai River,Zhongshan Gate,9911.642075,100160,100189,31,10,21,19,2
Guangkaisima Road,University town,9910.886045,100044,100143,433,111,322,197,125
University town,Guangkaisima Road,9910.886045,100143,100044,412,100,312,224,88
Liqi Zhuang South,Nanlou,9909.069852,100088,100102,16,3,13,12,1
Nanlou,Liqi Zhuang South,9909.069852,100102,100088,14,0,14,7,7
Lilou,Xiawafang,9908.369117,100086,100157,1368,201,1167,898,269
Xiawafang,Lilou,9908.369117,100157,100086,1321,200,1121,713,408
People's Hospital,Tianshili,9908.228831,100111,100136,108,31,77,52,25
Tianshili,People's Hospital,9908.228831,100136,100111,103,31,72,48,24
Tucheng,Youyi South Road,9907.32383,100140,100178,20,6,14,5,9
Youyi South Road,Tucheng,9907.32383,100178,100140,19,6,13,4,9
Heping Road,Longhan Road,9905.672271,100053,100092,135,42,93,57,36
Longhan Road,Heping Road,9905.672271,100092,100053,104,24,80,71,9
Tucheng,Jiefang South Road,9905.013178,100140,100068,45,8,37,21,16
Jiefang South Road,Tucheng,9905.013178,100068,100140,30,2,28,13,15
Southwest Tower,Magangchang,9904.127437,100125,100094,38,9,29,23,6
Magangchang,Southwest Tower,9904.127437,100094,100125,34,10,24,20,4
Cultural centre,Liulin Road,9901.36528,100020,100089,94,27,67,8,59
Liulin Road,Cultural centre,9901.36528,100089,100020,90,38,52,24,28
Tiantai Road,Water Park Road East,9900.873037,100137,100147,631,195,436,271,165
Water Park Road East,Tiantai Road,9900.873037,100147,100137,510,139,371,181,190
Zhongshan Road,Beichen Road,9898.726276,100190,100005,287,59,228,137,91
Beichen Road,Zhongshan Road,9898.726276,100005,100190,265,53,212,130,82
Yingfeng Road,Shiyijing Road,9893.830531,100173,100117,151,17,134,108,26
Shiyijing Road,Yingfeng Road,9893.830531,100117,100173,106,11,95,63,32
Zhicheng Road,Dengzhou Road,9891.722288,100187,100024,100,24,76,54,22
Dengzhou Road,Zhicheng Road,9891.722288,100024,100187,84,24,60,41,19
Yixingbu,Qinjian Road,9891.082172,100175,100113,93,19,74,53,21
Qinjian Road,Yixingbu,9891.082172,100113,100175,89,15,74,42,32
Minquan Gate,Wujiayao,9889.545472,100099,100150,256,40,216,164,52
Wujiayao,Minquan Gate,9889.545472,100150,100099,225,32,193,121,72
Nanhe Zhuang,Tiedong Road,9889.146048,100101,100139,57,10,47,35,12
Tiedong Road,Nanhe Zhuang,9889.146048,100139,100101,41,9,32,19,13
Fuxing Gate,Water Park Road East,9888.762786,100041,100147,65,18,47,39,8
Water Park Road East,Fuxing Gate,9888.762786,100147,100041,50,11,39,32,7
Changhong Park,Dongxing Road,9888.416949,100012,100035,163,26,137,108,29
Dongxing Road,Changhong Park,9888.416949,100035,100012,153,37,116,87,29
Haiguang Temple,Sports Centre,9887.491591,100048,100126,364,87,277,157,120
Sports Centre,Haiguang Temple,9887.491591,100126,100048,324,92,232,129,103
Xiangshan Road,Beining Park,9885.432358,100151,100006,17,9,8,6,2
Beining Park,Xiangshan Road,9885.432358,100006,100151,16,7,9,6,3
Jinwan Square,Benxi Road,9883.994614,100078,100008,488,155,333,128,205
Benxi Road,Jinwan Square,9883.994614,100008,100078,396,102,294,230,64
Yudongcheng,Cultural centre,9883.790997,100180,100020,788,251,537,348,189
Cultural centre,Yudongcheng,9883.790997,100020,100180,697,201,496,294,202
Second hospital of the Medical University,Xinkai River,9883.368728,100115,100160,106,10,96,64,32
Xinkai River,Second hospital of the Medical University,9883.368728,100160,100115,106,14,92,60,32
Yingfeng Road,Zhongshan Road,9881.069434,100173,100190,101,20,81,60,21
Zhongshan Road,Yingfeng Road,9881.069434,100190,100173,64,12,52,34,18
Lijiang Road,Shiyijing Road,9880.464462,100085,100117,30,3,27,23,4
Shiyijing Road,Lijiang Road,9880.464462,100117,100085,22,4,18,13,5
Dengzhou South Road,Yingkou Road,9880.215039,100025,100174,435,91,344,236,108
Yingkou Road,Dengzhou South Road,9880.215039,100174,100025,415,92,323,157,166
Haiguang Temple,Ruijing XinYuan,9879.400602,100048,100114,2841,594,2247,1378,869
Ruijing XinYuan,Haiguang Temple,9879.400602,100114,100048,2760,619,2141,1490,651
North Station,Ruijing XinYuan,9878.901973,100108,100114,310,111,199,107,92
Ruijing XinYuan,North Station,9878.901973,100114,100108,310,82,228,138,90
Honghu Li,Nanlou,9878.631777,100055,100102,1093,250,843,610,233
Nanlou,Honghu Li,9878.631777,100102,100055,1030,250,780,485,295
Liuwei Road,Anshan West Road,9878.474782,100090,100003,42,9,33,27,6
Anshan West Road,Liuwei Road,9878.474782,100003,100090,34,12,22,16,6
Guangkaisima Road,Lingbin Road,9878.08226,100044,100087,70,13,57,38,19
Lingbin Road,Guangkaisima Road,9878.08226,100087,100044,65,17,48,27,21
Tianjin Station,Zhanggui Zhuang,9878.007565,100135,100184,2806,851,1955,819,1136
Zhanggui Zhuang,Tianjin Station,9878.007565,100184,100135,2611,821,1790,1087,703
Ruijing XinYuan,Yibin Road,9876.610487,100114,100171,443,112,331,228,103
Yibin Road,Ruijing XinYuan,9876.610487,100171,100114,381,109,272,160,112
Changhong Park,High-Tech Zone,9872.091355,100012,100054,450,62,388,312,76
High-Tech Zone,Changhong Park,9872.091355,100054,100012,374,55,319,256,63
Tianjin Hotel,Xinkai River,9871.770578,100134,100160,106,25,81,57,24
Xinkai River,Tianjin Hotel,9871.770578,100160,100134,99,25,74,43,31
Sports Centre,Jinwan Square,9869.494177,100126,100078,58,23,35,15,20
Jinwan Square,Sports Centre,9869.494177,100078,100126,52,20,32,14,18
Leyuan Road,Tiedong Road,9869.017849,100083,100139,25,14,11,4,7
Tiedong Road,Leyuan Road,9869.017849,100139,100083,11,8,3,1,2
Yudongcheng,Chunhai Road,9867.677474,100180,100017,369,44,325,249,76
Chunhai Road,Yudongcheng,9867.677474,100017,100180,278,26,252,182,70
Xueyuan North Road,Nanlou,9865.037519,100165,100102,4,0,4,2,2
Zhangxing Zhuang,Xiaobailou,9864.400135,100185,100154,320,59,261,206,55
Xiaobailou,Zhangxing Zhuang,9864.400135,100154,100185,281,58,223,149,74
Benxi Road,Minquan Gate,9861.605317,100008,100099,149,43,106,59,47
Minquan Gate,Benxi Road,9861.605317,100099,100008,117,21,96,63,33
Shunchi Bridge,Jieyuan West Road,9861.230208,100120,100069,331,60,271,172,99
Jieyuan West Road,Shunchi Bridge,9861.230208,100069,100120,284,62,222,164,58
Jinshi Bridge,Huayuan,9859.546543,100076,100061,2027,210,1817,1520,297
Huayuan,Jinshi Bridge,9859.546543,100061,100076,1875,183,1692,1215,477
Yueya River,Leyuan Road,9858.562888,100182,100083,89,35,54,24,30
Leyuan Road,Yueya River,9858.562888,100083,100182,88,38,50,24,26
Huayuan,Meijiang Exhibition Centre,9858.267548,100061,100095,243,41,202,141,61
Meijiang Exhibition Centre,Huayuan,9858.267548,100095,100061,217,34,183,126,57
University town,Leyuan Road,9858.081505,100143,100083,689,275,414,237,177
Leyuan Road,University town,9858.081505,100083,100143,676,270,406,191,215
Yixingbu,Anshan Road,9857.796663,100175,100002,607,113,494,352,142
Anshan Road,Yixingbu,9857.796663,100002,100175,520,108,412,187,225
Jinshi Bridge,Shaliu South Road,9857.708933,100076,100116,40,4,36,20,16
Shaliu South Road,Jinshi Bridge,9857.708933,100116,100076,24,3,21,15,6
Qinjian Road,Zhicheng Road,9857.175,100113,100187,76,5,71,32,39
Zhicheng Road,Qinjian Road,9857.175,100187,100113,57,6,51,48,3
Jinshi Bridge,Tiantuo,9853.12888,100076,100138,215,24,191,151,40
Tiantuo,Jinshi Bridge,9853.12888,100138,100076,200,26,174,129,45
Erwei Road,Meijiang Road,9853.117088,100036,100097,105,7,98,86,12
Meijiang Road,Erwei Road,9853.117088,100097,100036,101,10,91,77,14
Jiayuan Li,Anshan West Road,9852.979885,100067,100003,895,133,762,576,186
Anshan West Road,Jiayuan Li,9852.979885,100003,100067,890,128,762,483,279
Yixingbu North,People's Hospital,9852.039459,100176,100111,119,24,95,61,34
People's Hospital,Yixingbu North,9852.039459,100111,100176,114,26,88,40,48
Foreign Languages High School,Liuyuan,9851.740884,100040,100091,75,11,64,53,11
Liuyuan,Foreign Languages High School,9851.740884,100091,100040,69,13,56,48,8
Yutai,Anshan West Road,9850.964776,100183,100003,70,15,55,47,8
Anshan West Road,Yutai,9850.964776,100003,100183,70,14,56,20,36
Xuzhou Road,Xuzhuangzi,9850.313001,100167,100168,34,2,32,10,22
Xuzhuangzi,Xuzhou Road,9850.313001,100168,100167,26,3,23,11,12
JinZhong River Street,Guangkaisima Road,9849.1987,100079,100044,192,44,148,107,41
Guangkaisima Road,JinZhong River Street,9849.1987,100044,100079,178,34,144,97,47
Jinmao Industrial Area,Airport Economic Zone,9848.74275,100074,100001,102,12,90,77,13
Airport Economic Zone,Jinmao Industrial Area,9848.74275,100001,100074,78,10,68,50,18
North Beichen Tech Park,Xiaodian,9848.480283,100106,100155,52,6,46,38,8
Xiaodian,North Beichen Tech Park,9848.480283,100155,100106,50,6,44,35,9
Magangchang,Xiaobailou,9847.603614,100094,100154,231,54,177,148,29
Xiaobailou,Magangchang,9847.603614,100154,100094,223,56,167,104,63
Tian Tower,Yangwu Zhuang,9845.931621,100133,100169,936,302,634,299,335
Yangwu Zhuang,Tian Tower,9845.931621,100169,100133,799,222,577,353,224
Fuxing Gate,Southeast Corner,9844.746729,100041,100123,259,71,188,133,55
Southeast Corner,Fuxing Gate,9844.746729,100123,100041,193,64,129,79,50
Dongjiang Road,Dongli Liujing Road,9842.65283,100028,100031,181,16,165,139,26
Dongli Liujing Road,Dongjiang Road,9842.65283,100031,100028,164,13,151,128,23
Jinghe Road,Leyuan Road,9841.81592,100071,100083,349,80,269,185,84
Leyuan Road,Jinghe Road,9841.81592,100083,100071,341,73,268,139,129
Wanshan Road,Jianchang Road,9840.808553,100146,100063,1,1,0,0,0
Jianchang Road,Wanshan Road,9840.808553,100063,100146,1,1,0,0,0
Jingjiang Road,Haihe East Road,9840.299611,100072,100049,2,0,2,2,0
Lushui Road,Lingbin Road,9839.902342,100093,100087,94,24,70,35,35
Lingbin Road,Lushui Road,9839.902342,100087,100093,70,19,51,15,36
Chentang Zhuang,Number Two Bridge,9833.725118,100015,100110,28,5,23,9,14
Number Two Bridge,Chentang Zhuang,9833.725118,100110,100015,19,3,16,11,5
Siyuan Road,Southwest Tower,9833.568698,100121,100125,133,27,106,85,21
Southwest Tower,Siyuan Road,9833.568698,100125,100121,103,23,80,50,30
Zhicheng Road,Anshan Road,9832.763296,100187,100002,229,36,193,143,50
Anshan Road,Zhicheng Road,9832.763296,100002,100187,178,34,144,51,93
Yaohuan Road,Yingkou Road,9831.460562,100170,100174,449,157,292,163,129
Yingkou Road,Yaohuan Road,9831.460562,100174,100170,428,142,286,137,149
Minquan Gate,Tiantuo,9830.509788,100099,100138,284,55,229,190,39
Tiantuo,Minquan Gate,9830.509788,100138,100099,233,43,190,122,68
Jin Street,Meijiang Road,9830.073813,100070,100097,30,7,23,17,6
Meijiang Road,Jin Street,9830.073813,100097,100070,23,7,16,10,6
Yixingbu,Xikang Road,9829.664675,100175,100158,845,154,691,539,152
Xikang Road,Yixingbu,9829.664675,100158,100175,768,126,642,399,243
Zhigu,Yixingbu,9828.259516,100188,100175,94,14,80,36,44
Yixingbu,Zhigu,9828.259516,100175,100188,85,16,69,45,24
Shuanglin,Laoshan Road,9826.720299,100119,100082,65,19,46,32,14
Laoshan Road,Shuanglin,9826.720299,100082,100119,45,12,33,14,19
Yizhongxin Hospital,Dongxing Road,9826.555146,100177,100035,58,7,51,36,15
Dongxing Road,Yizhongxin Hospital,9826.555146,100035,100177,50,11,39,25,14
Tucheng,North Station,9824.995083,100140,100108,293,64,229,145,84
North Station,Tucheng,9824.995083,100108,100140,268,58,210,135,75
Changling Road,Anshan Road,9823.124335,100013,100002,855,152,703,523,180
Anshan Road,Changling Road,9823.124335,100002,100013,786,144,642,357,285
Jintang Road,Tiantuo,9823.088565,100077,100138,173,29,144,101,43
Tiantuo,Jintang Road,9823.088565,100138,100077,159,25,134,83,51
Yuejin North Road,Chunhai Road,9822.971509,100181,100017,44,6,38,32,6
Chunhai Road,Yuejin North Road,9822.971509,100017,100181,27,5,22,18,4
Nancuiping,Jianguo Road,9822.873429,100100,100064,62,12,50,36,14
Jianguo Road,Nancuiping,9822.873429,100064,100100,52,9,43,29,14
Siyuan Road,People's Hospital,9822.570258,100121,100111,61,13,48,35,13
People's Hospital,Siyuan Road,9822.570258,100111,100121,60,10,50,26,24
Dawang Zhuang,Tiantuo,9822.088589,100023,100138,140,13,127,94,33
Tiantuo,Dawang Zhuang,9822.088589,100138,100023,139,10,129,109,20
Tucheng,Zhanggui Zhuang,9821.597248,100140,100184,174,31,143,93,50
Zhanggui Zhuang,Tucheng,9821.597248,100184,100140,167,29,138,112,26
Xuzhou Road,Qinjian Road,9821.088051,100167,100113,13,2,11,10,1
Qinjian Road,Xuzhou Road,9821.088051,100113,100167,3,0,3,2,1
Second hospital of the Medical University,Bei Zhulin,9820.737881,100115,100004,35,8,27,19,8
Bei Zhulin,Second hospital of the Medical University,9820.737881,100004,100115,30,8,22,16,6
Meijiang Exhibition Centre,Yingkou Road,9820.657247,100095,100174,724,293,431,263,168
Yingkou Road,Meijiang Exhibition Centre,9820.657247,100174,100095,707,262,445,243,202
Tumour Hospital,Jieyuan West Road,9818.833281,100141,100069,487,87,400,203,197
Jieyuan West Road,Tumour Hospital,9818.833281,100069,100141,438,83,355,249,106
Nanlou,Nanzhu Bridge,9818.358204,100102,100104,66,12,54,36,18
Nanzhu Bridge,Nanlou,9818.358204,100104,100102,50,12,38,25,13
Wujiayao,Xuefu Industrial Area,9818.039947,100150,100163,822,52,770,676,94
Xuefu Industrial Area,Wujiayao,9818.039947,100163,100150,776,65,711,576,135
Beichen Road,Xinkai River,9816.857561,100005,100160,42,13,29,22,7
Xinkai River,Beichen Road,9816.857561,100160,100005,36,10,26,16,10
Huayuan,Jianguo Road,9815.491576,100061,100064,262,46,216,141,75
Jianguo Road,Huayuan,9815.491576,100064,100061,238,51,187,121,66
Xuzhou Road,Yihao Bridge,9814.277254,100167,100172,6,0,6,6,0
Yihao Bridge,Xuzhou Road,9814.277254,100172,100167,5,0,5,5,0
Dengzhou South Road,Nanlou,9813.675013,100025,100102,121,25,96,78,18
Nanlou,Dengzhou South Road,9813.675013,100102,100025,79,19,60,33,27
Chunhai Road,Nancuiping,9813.505409,100017,100100,8,2,6,5,1
Nancuiping,Chunhai Road,9813.505409,100100,100017,7,2,5,5,0
Tumour Hospital,Southeast Corner,9813.331516,100141,100123,554,153,401,182,219
Southeast Corner,Tumour Hospital,9813.331516,100123,100141,512,178,334,171,163
Guoshan Road,Minquan Gate,9813.140778,100047,100099,22,9,13,8,5
Minquan Gate,Guoshan Road,9813.140778,100099,100047,22,5,17,11,6
Anshan West Road,Shiyijing Road,9813.027642,100003,100117,93,15,78,35,43
Shiyijing Road,Anshan West Road,9813.027642,100117,100003,86,13,73,46,27
University town,Changling Road,9812.954968,100143,100013,78,39,39,23,16
Changling Road,University town,9812.954968,100013,100143,78,35,43,24,19
University town,People's Hospital,9811.641167,100143,100111,903,293,610,407,203
People's Hospital,University town,9811.641167,100111,100143,759,182,577,349,228
Nanhe Zhuang,Shunchi Bridge,9811.192198,100101,100120,8,3,5,2,3
Shunchi Bridge,Nanhe Zhuang,9811.192198,100120,100101,6,0,6,3,3
Haiguang Temple,Zuojiang Road,9811.176552,100048,100192,98,12,86,59,27
Zuojiang Road,Haiguang Temple,9811.176552,100192,100048,79,12,67,49,18
Tumour Hospital,Xingfu Park,9810.838332,100141,100159,1603,260,1343,713,630
Xingfu Park,Tumour Hospital,9810.838332,100159,100141,1506,209,1297,878,419
Yudongcheng,Yixingbu,9809.136428,100180,100175,170,35,135,101,34
Yixingbu,Yudongcheng,9809.136428,100175,100180,123,38,85,63,22
Wandong Road,North Station,9808.770451,100144,100108,41,6,35,29,6
North Station,Wandong Road,9808.770451,100108,100144,36,6,30,17,13
Meijiang Park,Anshan Road,9807.069045,100096,100002,73,11,62,40,22
Anshan Road,Meijiang Park,9807.069045,100002,100096,66,15,51,22,29
Magangchang,Tianjin Hotel,9805.640958,100094,100134,23,7,16,10,6
Tianjin Hotel,Magangchang,9805.640958,100134,100094,18,5,13,5,8
Jintang Road,Tiantai Road,9803.81148,100077,100137,145,33,112,59,53
Tiantai Road,Jintang Road,9803.81148,100137,100077,133,29,104,59,45
Jintang Road,JinZhong Street,9802.302041,100077,100080,205,49,156,93,63
JinZhong Street,Jintang Road,9802.302041,100080,100077,194,44,150,102,48
Wujiayao,Meijiang Road,9801.825468,100150,100097,107,14,93,50,43
Meijiang Road,Wujiayao,9801.825468,100097,100150,78,10,68,57,11
Xinxing Village,Longhan Road,9801.008652,100162,100092,1,1,0,0,0
Tiantuo,Tucheng,9800.73911,100138,100140,90,18,72,53,19
Tucheng,Tiantuo,9800.73911,100140,100138,83,16,67,51,16
Tian Tower,Meijiang Road,9799.694199,100133,100097,129,41,88,53,35
Meijiang Road,Tian Tower,9799.694199,100097,100133,118,36,82,57,25
Guangkaisima Road,Chentang Zhuang,9799.387322,100044,100015,248,37,211,168,43
Chentang Zhuang,Guangkaisima Road,9799.387322,100015,100044,245,41,204,149,55
Tianshili,Yingkou Road,9799.002851,100136,100174,945,274,671,430,241
Yingkou Road,Tianshili,9799.002851,100174,100136,848,231,617,323,294
Ruijing XinYuan,Southeast Corner,9798.909625,100114,100123,1015,325,690,453,237
Southeast Corner,Ruijing XinYuan,9798.909625,100123,100114,964,324,640,306,334
Jingjiang Road,Sports Centre,9797.62205,100072,100126,621,121,500,368,132
Sports Centre,Jingjiang Road,9797.62205,100126,100072,613,119,494,319,175
Longhan Road,Changling Road,9796.50102,100092,100013,209,34,175,98,77
Changling Road,Longhan Road,9796.50102,100013,100092,200,32,168,126,42
Yutai,Xiaobailou,9794.202219,100183,100154,179,53,126,91,35
Xiaobailou,Yutai,9794.202219,100154,100183,168,46,122,76,46
Zuojiang Road,Jinwan Square,9793.179138,100192,100078,47,7,40,29,11
Jinwan Square,Zuojiang Road,9793.179138,100078,100192,36,11,25,15,10
Xikang Road,Zhicheng Road,9791.994284,100158,100187,228,54,174,117,57
Zhicheng Road,Xikang Road,9791.994284,100187,100158,215,52,163,110,53
Tianjin Station,Dengzhou South Road,9790.318914,100135,100025,366,89,277,139,138
Dengzhou South Road,Tianjin Station,9790.318914,100025,100135,242,76,166,107,59
Zhigu,Magangchang,9790.2001,100188,100094,21,4,17,15,2
Magangchang,Zhigu,9790.2001,100094,100188,10,4,6,6,0
Xuzhou Road,Tiantuo,9787.048867,100167,100138,83,13,70,42,28
Tiantuo,Xuzhou Road,9787.048867,100138,100167,64,12,52,43,9
West Station,Dongxing Road,9783.70589,100149,100035,117,27,90,31,59
Dongxing Road,West Station,9783.70589,100035,100149,97,32,65,26,39
Yudongcheng,Dongjiang Road,9782.893288,100180,100028,20,2,18,12,6
Dongjiang Road,Yudongcheng,9782.893288,100028,100180,18,1,17,13,4
Jiangwan Erzhi Road,Wanshan Road,9781.105537,100065,100146,25,0,25,24,1
Wanshan Road,Jiangwan Erzhi Road,9781.105537,100146,100065,24,3,21,17,4
Jiangwan Erzhi Road,Lilou,9779.508591,100065,100086,58,7,51,38,13
Lilou,Jiangwan Erzhi Road,9779.508591,100086,100065,57,11,46,23,23
Zhongshan Road,Laoshan Road,9778.863168,100190,100082,166,28,138,88,50
Laoshan Road,Zhongshan Road,9778.863168,100082,100190,151,21,130,104,26
Hongqi South Road,Chenglin Road,9777.844788,100057,100014,398,65,333,234,99
Chenglin Road,Hongqi South Road,9777.844788,100014,100057,356,58,298,211,87
Tianjin Hotel,High-Tech Zone,9777.757055,100134,100054,341,29,312,252,60
High-Tech Zone,Tianjin Hotel,9777.757055,100054,100134,312,37,275,218,57
Dengzhou Road,Jin Street,9776.640559,100024,100070,310,56,254,195,59
Jin Street,Dengzhou Road,9776.640559,100070,100024,236,45,191,105,86
Heping Road,Lingbin Road,9776.072473,100053,100087,210,61,149,69,80
Lingbin Road,Heping Road,9776.072473,100087,100053,189,58,131,97,34
JinZhong River Street,Erwei Road,9774.639815,100079,100036,263,60,203,138,65
Erwei Road,JinZhong River Street,9774.639815,100036,100079,249,47,202,129,73
Fangshan Road,Lijiang Road,9771.559315,100038,100085,104,26,78,62,16
Lijiang Road,Fangshan Road,9771.559315,100085,100038,76,17,59,45,14
Foreign Languages High School,Fengchan River,9770.754246,100040,100039,10,2,8,2,6
Jingjiang Road,Water Park Road East,9768.699144,100072,100147,275,81,194,146,48
Water Park Road East,Jingjiang Road,9768.699144,100147,100072,215,45,170,118,52
Xianyang Road,Jianshan Road,9768.468948,100153,100066,101,20,81,63,18
Jianshan Road,Xianyang Road,9768.468948,100066,100153,96,17,79,59,20
Liulin Road,Dengzhou Road,9766.753576,100089,100024,63,17,46,17,29
Dengzhou Road,Liulin Road,9766.753576,100024,100089,52,27,25,14,11
West Station,Taichang Road,9764.574845,100149,100128,360,120,240,98,142
Taichang Road,West Station,9764.574845,100128,100149,269,84,185,88,97
Liuyuan,Changhong Park,9764.313185,100091,100012,706,141,565,379,186
Changhong Park,Liuyuan,9764.313185,100012,100091,664,124,540,331,209
Huayuan,Northwest Corner,9762.790397,100061,100109,816,124,692,438,254
Northwest Corner,Huayuan,9762.790397,100109,100061,712,125,587,337,250
Jin Street,Tianshili,9762.114343,100070,100136,38,10,28,9,19
Tianshili,Jin Street,9762.114343,100136,100070,37,8,29,23,6
Xuzhou Road,Huanyu Road,9758.929261,100167,100059,41,9,32,17,15
Huanyu Road,Xuzhou Road,9758.929261,100059,100167,38,7,31,28,3
Foreign Languages High School,Tian Tower,9757.487327,100040,100133,54,13,41,32,9
Tian Tower,Foreign Languages High School,9757.487327,100133,100040,51,15,36,25,11
Jieyuan West Road,Beining Park,9755.443052,100069,100006,200,56,144,90,54
Beining Park,Jieyuan West Road,9755.443052,100006,100069,179,53,126,59,67
Professional University,Jinshi Bridge,9754.102161,100112,100076,324,78,246,160,86
Jinshi Bridge,Professional University,9754.102161,100076,100112,305,96,209,116,93
Southwest Tower,Shuanggang,9753.625121,100125,100118,59,13,46,33,13
Shuanggang,Southwest Tower,9753.625121,100118,100125,36,1,35,27,8
Liaohe North Road,Dawang Zhuang,9753.1103,100084,100023,55,7,48,28,20
Dawang Zhuang,Liaohe North Road,9753.1103,100023,100084,51,6,45,21,24
Northwest Corner,Water Park Road East,9753.110013,100109,100147,362,121,241,119,122
Water Park Road East,Northwest Corner,9753.110013,100147,100109,306,107,199,89,110
West Station,JinZhong Street,9752.687737,100149,100080,670,170,500,180,320
JinZhong Street,West Station,9752.687737,100080,100149,618,182,436,265,171
Jiangwan Erzhi Road,Huayuan,9752.151134,100065,100061,45,4,41,32,9
Huayuan,Jiangwan Erzhi Road,9752.151134,100061,100065,36,2,34,25,9
West Station,Second hospital of the Medical University,9748.586919,100149,100115,842,252,590,205,385
Second hospital of the Medical University,West Station,9748.586919,100115,100149,745,220,525,363,162
Tianshili,Shiyijing Road,9748.237205,100136,100117,74,4,70,50,20
Shiyijing Road,Tianshili,9748.237205,100117,100136,50,2,48,30,18
Bianxing,Yuanyang International Centre,9747.538012,100009,100179,322,73,249,170,79
Yuanyang International Centre,Bianxing,9747.538012,100179,100009,321,64,257,141,116
Huashan Li,Jinwan Square,9744.954578,100060,100078,680,120,560,451,109
Jinwan Square,Huashan Li,9744.954578,100078,100060,622,122,500,323,177
Chinese Medicine First Affiliated Hospital,Shiyijing Road,9741.382504,100016,100117,224,24,200,152,48
Shiyijing Road,Chinese Medicine First Affiliated Hospital,9741.382504,100117,100016,194,28,166,105,61
University of Civil Aviation,Haihe East Road,9741.307217,100142,100049,8,2,6,5,1
Haihe East Road,University of Civil Aviation,9741.307217,100049,100142,3,2,1,0,1
Yixingbu North,Yingkou Road,9740.946995,100176,100174,1227,357,870,499,371
Yingkou Road,Yixingbu North,9740.946995,100174,100176,1203,341,862,350,512
Tianjin Hotel,Shuanggang,9739.513268,100134,100118,208,43,165,103,62
Shuanggang,Tianjin Hotel,9739.513268,100118,100134,179,35,144,96,48
Weishan Road,Dongli Sanjing Road,9739.098024,100148,100032,68,6,62,49,13
Dongli Sanjing Road,Weishan Road,9739.098024,100032,100148,67,4,63,48,15
Xuzhuangzi,North China Group,9738.29116,100168,100107,92,23,69,38,31
North China Group,Xuzhuangzi,9738.29116,100107,100168,88,25,63,29,34
Second hospital of the Medical University,Minquan Gate,9736.821797,100115,100099,70,20,50,25,25
Minquan Gate,Second hospital of the Medical University,9736.821797,100099,100115,65,21,44,29,15
Changling Road,Chenglin Road,9734.488274,100013,100014,378,101,277,170,107
Chenglin Road,Changling Road,9734.488274,100014,100013,348,93,255,160,95
Jianshan Road,Jinshi Bridge,9734.378295,100066,100076,46,4,42,29,13
Jinshi Bridge,Jianshan Road,9734.378295,100076,100066,31,4,27,21,6
Laoshan Road,Dongli Culture and Sports Centre,9734.062671,100082,100029,66,37,29,15,14
Dongli Culture and Sports Centre,Laoshan Road,9734.062671,100029,100082,56,29,27,9,18
Meilin Road,Xiaobailou,9732.456209,100098,100154,281,64,217,158,59
Xiaobailou,Meilin Road,9732.456209,100154,100098,280,71,209,133,76
Jianshan Road,Gulou,9731.139578,100066,100045,89,29,60,32,28
Gulou,Jianshan Road,9731.139578,100045,100066,66,15,51,29,22
Tiantai Road,Wangdingdi,9730.959803,100137,100145,52,13,39,27,12
Wangdingdi,Tiantai Road,9730.959803,100145,100137,51,10,41,34,7
Zhigu,People's Hospital,9728.522836,100188,100111,86,22,64,30,34
People's Hospital,Zhigu,9728.522836,100111,100188,82,22,60,23,37
Beiyangyuan Campus of Tianjin University,Meijiang Exhibition Centre,9726.163403,100007,100095,140,58,82,36,46
Meijiang Exhibition Centre,Beiyangyuan Campus of Tianjin University,9726.163403,100095,100007,139,56,83,24,59
Xinkai River,Yudongcheng,9725.693344,100160,100180,60,14,46,36,10
Yudongcheng,Xinkai River,9725.693344,100180,100160,50,11,39,30,9
Taichang Road,Zhou and Deng Memorial Museum,9724.970355,100128,100191,107,46,61,26,35
Zhou and Deng Memorial Museum,Taichang Road,9724.970355,100191,100128,89,36,53,30,23
Jianshan Road,Foreign Languages High School,9723.072276,100066,100040,43,10,33,24,9
Foreign Languages High School,Jianshan Road,9723.072276,100040,100066,40,9,31,22,9
Chenglin Road,Meijiang Park,9722.757466,100014,100096,74,12,62,39,23
Meijiang Park,Chenglin Road,9722.757466,100096,100014,45,7,38,28,10
The Financial University,Tianjin Hotel,9720.347041,100132,100134,158,30,128,87,41
Tianjin Hotel,The Financial University,9720.347041,100134,100132,147,34,113,81,32
Shunchi Bridge,Tumour Hospital,9717.586345,100120,100141,314,36,278,205,73
Tumour Hospital,Shunchi Bridge,9717.586345,100141,100120,305,58,247,143,104
Tian Tower,Xingfu Park,9716.735942,100133,100159,215,67,148,71,77
Xingfu Park,Tian Tower,9716.735942,100159,100133,201,67,134,88,46
Minquan Gate,Wanshan Road,9716.184803,100099,100146,5,1,4,3,1
Lilou,Dongli Culture and Sports Centre,9716.035998,100086,100029,10,6,4,2,2
Dongli Culture and Sports Centre,Lilou,9716.035998,100029,100086,8,5,3,1,2
Liulin Road,Jintang Road,9713.699046,100089,100077,55,12,43,14,29
Jintang Road,Liulin Road,9713.699046,100077,100089,52,14,38,16,22
Tian Tower,Zhongshan Gate,9712.833159,100133,100189,332,106,226,120,106
Zhongshan Gate,Tian Tower,9712.833159,100189,100133,303,84,219,136,83
Nanlou,Laoshan Road,9712.031152,100102,100082,51,15,36,27,9
Laoshan Road,Nanlou,9712.031152,100082,100102,34,8,26,17,9
Yingkou Road,Siyuan Road,9711.477794,100174,100121,214,66,148,68,80
Siyuan Road,Yingkou Road,9711.477794,100121,100174,206,63,143,82,61
Honghu Li,Tianshili,9711.240531,100055,100136,34,9,25,21,4
Tianshili,Honghu Li,9711.240531,100136,100055,28,13,15,12,3
Shiyijing Road,Meijiang Exhibition Centre,9711.206847,100117,100095,155,34,121,82,39
Meijiang Exhibition Centre,Shiyijing Road,9711.206847,100095,100117,131,21,110,88,22
Dongxing Road,Hongqi South Road,9709.225826,100035,100057,150,14,136,104,32
Hongqi South Road,Dongxing Road,9709.225826,100057,100035,113,10,103,83,20
Wangdingdi,Youyi South Road,9706.010409,100145,100178,1,0,1,1,0
Zhou and Deng Memorial Museum,Liqi Zhuang South,9705.471741,100191,100088,4,1,3,1,2
Liqi Zhuang South,Zhou and Deng Memorial Museum,9705.471741,100088,100191,4,0,4,4,0
Siyuan Road,Nanlou,9705.177819,100121,100102,55,6,49,40,9
Nanlou,Siyuan Road,9705.177819,100102,100121,53,4,49,27,22
Airport Economic Zone,Dengzhou South Road,9704.998557,100001,100025,64,7,57,47,10
Dengzhou South Road,Airport Economic Zone,9704.998557,100025,100001,61,7,54,43,11
Yueya River,Changhong Park,9702.559693,100182,100012,193,50,143,86,57
Changhong Park,Yueya River,9702.559693,100012,100182,192,49,143,73,70
Magangchang,Gaozhuangzi,9701.298756,100094,100043,22,4,18,12,6
Gaozhuangzi,Magangchang,9701.298756,100043,100094,22,0,22,16,6
Yaohuan Road,Liulin Road,9700.650885,100170,100089,207,61,146,97,49
Liulin Road,Yaohuan Road,9700.650885,100089,100170,192,46,146,63,83
Tumour Hospital,Shuanggang,9700.030509,100141,100118,309,60,249,124,125
Shuanggang,Tumour Hospital,9700.030509,100118,100141,301,59,242,157,85
North Station,Hongqi South Road,9698.015025,100108,100057,320,129,191,96,95
Hongqi South Road,North Station,9698.015025,100057,100108,239,55,184,109,75
Xiawafang,Haihe East Road,9694.892634,100157,100049,1,0,1,0,1
Haihe East Road,Xiawafang,9694.892634,100049,100157,1,0,1,0,1
Honghu Li,Wangdingdi,9694.561217,100055,100145,70,26,44,23,21
Wangdingdi,Honghu Li,9694.561217,100145,100055,63,15,48,28,20
Second hospital of the Medical University,Nanzhu Bridge,9694.097704,100115,100104,1,0,1,0,1
Yixingbu,Xuzhou Road,9694.045333,100175,100167,86,16,70,47,23
Xuzhou Road,Yixingbu,9694.045333,100167,100175,69,12,57,37,20
Liuwei Road,Yizhongxin Hospital,9693.249105,100090,100177,15,6,9,7,2
Yizhongxin Hospital,Liuwei Road,9693.249105,100177,100090,10,4,6,3,3
Yaohuan Road,Shiyijing Road,9693.013683,100170,100117,64,10,54,38,16
Shiyijing Road,Yaohuan Road,9693.013683,100117,100170,52,8,44,18,26
Zhongshan Road,Xiaodian,9691.508283,100190,100155,606,115,491,280,211
Xiaodian,Zhongshan Road,9691.508283,100155,100190,556,127,429,306,123
The Financial University,Lingbin Road,9690.286333,100132,100087,187,38,149,113,36
Lingbin Road,The Financial University,9690.286333,100087,100132,174,33,141,106,35
People's Hospital,Lingbin Road,9690.143233,100111,100087,202,38,164,102,62
Lingbin Road,People's Hospital,9690.143233,100087,100111,193,41,152,92,60
Jin Street,Yixingbu North,9689.03437,100070,100176,172,25,147,77,70
Yixingbu North,Jin Street,9689.03437,100176,100070,162,27,135,107,28
Zhangxing Zhuang,Guangkaisima Road,9688.897624,100185,100044,66,18,48,38,10
Guangkaisima Road,Zhangxing Zhuang,9688.897624,100044,100185,55,11,44,32,12
Southwest Tower,Xianyang Road,9688.78053,100125,100153,121,30,91,62,29
Xianyang Road,Southwest Tower,9688.78053,100153,100125,82,18,64,41,23
Southeast Corner,Xuzhuangzi,9687.983965,100123,100168,37,12,25,9,16
Xuzhuangzi,Southeast Corner,9687.983965,100168,100123,34,10,24,11,13
Huanyu Road,Guoshan Road,9687.887329,100059,100047,7,1,6,3,3
Guoshan Road,Huanyu Road,9687.887329,100047,100059,2,0,2,1,1
Xinkai River,Hongqi South Road,9685.860693,100160,100057,164,42,122,89,33
Hongqi South Road,Xinkai River,9685.860693,100057,100160,151,26,125,93,32
JinZhong River Street,Xiaodian,9685.559549,100079,100155,111,25,86,77,9
Xiaodian,JinZhong River Street,9685.559549,100155,100079,93,22,71,53,18
Xuzhou Road,Huayuan,9683.697699,100167,100061,20,4,16,7,9
Huayuan,Xuzhou Road,9683.697699,100061,100167,19,3,16,12,4
Nanzhu Bridge,Wandong Road,9683.554739,100104,100144,82,20,62,45,17
Wandong Road,Nanzhu Bridge,9683.554739,100144,100104,71,15,56,32,24
Chenglin Road,Tiantai Road,9683.399942,100014,100137,175,36,139,107,32
Tiantai Road,Chenglin Road,9683.399942,100137,100014,159,28,131,96,35
Southwest Tower,Beining Park,9682.96868,100125,100006,222,33,189,113,76
Beining Park,Southwest Tower,9682.96868,100006,100125,190,30,160,109,51
Second hospital of the Medical University,People's Hospital,9680.975754,100115,100111,535,95,440,296,144
People's Hospital,Second hospital of the Medical University,9680.975754,100111,100115,479,86,393,218,175
Taichang Road,Magangchang,9676.70086,100128,100094,165,46,119,65,54
Magangchang,Taichang Road,9676.70086,100094,100128,160,55,105,63,42
Number Two Bridge,Tianjin Hotel,9676.385263,100110,100134,107,38,69,50,19
Tianjin Hotel,Number Two Bridge,9676.385263,100134,100110,99,40,59,43,16
Yudongcheng,Magangchang,9675.915527,100180,100094,369,53,316,232,84
Magangchang,Yudongcheng,9675.915527,100094,100180,329,55,274,205,69
Tian Tower,Tiedong Road,9675.504347,100133,100139,857,236,621,301,320
Tiedong Road,Tian Tower,9675.504347,100139,100133,830,235,595,363,232
Yixingbu North,Shiyijing Road,9675.157232,100176,100117,166,15,151,131,20
Shiyijing Road,Yixingbu North,9675.157232,100117,100176,161,19,142,98,44
JinZhong River Street,Beichen Road,9674.83532,100079,100005,338,63,275,190,85
Beichen Road,JinZhong River Street,9674.83532,100005,100079,303,62,241,161,80
Xianyang Road,Tianjin Hotel,9674.668677,100153,100134,218,71,147,108,39
Tianjin Hotel,Xianyang Road,9674.668677,100134,100153,214,54,160,110,50
Meijiang Exhibition Centre,Liqi Zhuang South,9674.266937,100095,100088,2,1,1,1,0
Liqi Zhuang South,Meijiang Exhibition Centre,9674.266937,100088,100095,1,0,1,1,0
JinZhong River Street,Cultural centre,9673.255972,100079,100020,588,190,398,279,119
Cultural centre,JinZhong River Street,9673.255972,100020,100079,495,138,357,206,151
Xuzhuangzi,Northwest Corner,9672.890956,100168,100109,86,22,64,42,22
Northwest Corner,Xuzhuangzi,9672.890956,100109,100168,75,19,56,27,29
Beining Park,Tianjin Hotel,9668.856826,100006,100134,218,52,166,120,46
Tianjin Hotel,Beining Park,9668.856826,100134,100006,201,49,152,105,47
Fuxing Road,Liaohe North Road,9668.582666,100042,100084,22,5,17,15,2
Liaohe North Road,Fuxing Road,9668.582666,100084,100042,19,5,14,11,3
West Station,Cuifu New Village,9663.070027,100149,100019,359,108,251,63,188
Cuifu New Village,West Station,9663.070027,100019,100149,222,66,156,66,90
Laoshan Road,Xuzhuangzi,9662.698426,100082,100168,21,6,15,11,4
Xuzhuangzi,Laoshan Road,9662.698426,100168,100082,20,5,15,9,6
Yibin Road,Chenglin Road,9662.476191,100171,100014,117,24,93,71,22
Chenglin Road,Yibin Road,9662.476191,100014,100171,103,32,71,41,30
Xinxing Village,Laoshan Road,9662.009542,100162,100082,5,0,5,5,0
Laoshan Road,Xinxing Village,9662.009542,100082,100162,3,0,3,3,0
Nanhe Zhuang,Yixingbu,9661.976827,100101,100175,32,14,18,5,13
Yixingbu,Nanhe Zhuang,9661.976827,100175,100101,21,5,16,11,5
Dongxing Road,Zhicheng Road,9661.218523,100035,100187,56,10,46,26,20
Zhicheng Road,Dongxing Road,9661.218523,100187,100035,52,11,41,28,13
Siyuan Road,Jin Street,9659.565169,100121,100070,67,8,59,53,6
Jin Street,Siyuan Road,9659.565169,100070,100121,47,14,33,29,4
Changhong Park,Changling Road,9657.462338,100012,100013,283,80,203,101,102
Changling Road,Changhong Park,9657.462338,100013,100012,272,86,186,84,102
Chenglin Road,Liaohe North Road,9656.579522,100014,100084,173,33,140,88,52
Liaohe North Road,Chenglin Road,9656.579522,100084,100014,140,25,115,75,40
Shunchi Bridge,Anshan West Road,9655.699623,100120,100003,276,44,232,191,41
Anshan West Road,Shunchi Bridge,9655.699623,100003,100120,266,35,231,168,63
Honghu Li,Yixingbu North,9655.051159,100055,100176,35,8,27,17,10
Yixingbu North,Honghu Li,9655.051159,100176,100055,22,6,16,8,8
Tian Tower,Chinese Medicine First Affiliated Hospital,9654.871567,100133,100016,172,69,103,23,80
Chinese Medicine First Affiliated Hospital,Tian Tower,9654.871567,100016,100133,125,44,81,35,46
Tian Tower,Wandong Road,9653.196067,100133,100144,110,34,76,31,45
Wandong Road,Tian Tower,9653.196067,100144,100133,107,28,79,58,21
Lilou,Shaliu South Road,9648.612829,100086,100116,73,17,56,41,15
Shaliu South Road,Lilou,9648.612829,100116,100086,55,16,39,31,8
Jianguo Road,Jiayuan Li,9648.577888,100064,100067,391,54,337,239,98
Jiayuan Li,Jianguo Road,9648.577888,100067,100064,375,59,316,267,49
Wangdingdi,Zhongshan Road,9646.480726,100145,100190,293,68,225,167,58
Zhongshan Road,Wangdingdi,9646.480726,100190,100145,249,59,190,124,66
Xinkai River,Southwest Tower,9646.313483,100160,100125,57,12,45,35,10
Southwest Tower,Xinkai River,9646.313483,100125,100160,57,10,47,28,19
Jintang Road,Changhong Park,9646.009903,100077,100012,154,46,108,81,27
Changhong Park,Jintang Road,9646.009903,100012,100077,143,39,104,78,26
Xikang Road,Bianxing,9645.615813,100158,100009,152,21,131,78,53
Bianxing,Xikang Road,9645.615813,100009,100158,143,30,113,85,28
Yingfeng Road,Nanzhu Bridge,9644.408646,100173,100104,12,3,9,6,3
Nanzhu Bridge,Yingfeng Road,9644.408646,100104,100173,10,5,5,5,0
Tiantai Road,Jianshan Road,9644.387379,100137,100066,181,40,141,100,41
Jianshan Road,Tiantai Road,9644.387379,100066,100137,156,26,130,82,48
Chentang Zhuang,Northwest Corner,9643.931016,100015,100109,1150,236,914,574,340
Northwest Corner,Chentang Zhuang,9643.931016,100109,100015,1033,167,866,549,317
Cao Zhuang,Tiantai Road,9643.442175,100011,100137,520,131,389,224,165
Tiantai Road,Cao Zhuang,9643.442175,100137,100011,513,154,359,209,150
Xuzhou Road,Nancuiping,9640.46461,100167,100100,2,0,2,2,0
Nancuiping,Xuzhou Road,9640.46461,100100,100167,1,0,1,1,0
Yueya River,Haiguang Temple,9640.341906,100182,100048,1070,224,846,669,177
Haiguang Temple,Yueya River,9640.341906,100048,100182,1002,182,820,518,302
Cuifu New Village,Tian Tower,9639.522885,100019,100133,234,48,186,142,44
Tian Tower,Cuifu New Village,9639.522885,100133,100019,203,70,133,74,59
Yudongcheng,Tucheng,9638.534181,100180,100140,409,66,343,254,89
Tucheng,Yudongcheng,9638.534181,100140,100180,346,75,271,194,77
Siyuan Road,Xiangshan Road,9638.288482,100121,100151,4,1,3,0,3
Xiangshan Road,Siyuan Road,9638.288482,100151,100121,3,1,2,0,2
Meilin Road,Changling Road,9637.878023,100098,100013,82,17,65,40,25
Changling Road,Meilin Road,9637.878023,100013,100098,58,9,49,33,16
Zhangxing Zhuang,Xiawafang,9637.750404,100185,100157,408,78,330,216,114
Xiawafang,Zhangxing Zhuang,9637.750404,100157,100185,392,83,309,179,130
Jianchang Road,Gulou,9637.480461,100063,100045,233,81,152,91,61
Gulou,Jianchang Road,9637.480461,100045,100063,226,77,149,80,69
Chinese Medicine First Affiliated Hospital,Yibin Road,9636.962166,100016,100171,304,69,235,133,102
Yibin Road,Chinese Medicine First Affiliated Hospital,9636.962166,100171,100016,278,59,219,146,73
Meijiang Park,Dawang Zhuang,9635.265559,100096,100023,71,10,61,53,8
Dawang Zhuang,Meijiang Park,9635.265559,100023,100096,53,12,41,27,14
Tian Tower,Honghu Li,9635.023601,100133,100055,548,183,365,200,165
Honghu Li,Tian Tower,9635.023601,100055,100133,500,163,337,211,126
South Station,Zhou and Deng Memorial Museum,9632.436977,100122,100191,1215,469,746,362,384
Zhou and Deng Memorial Museum,South Station,9632.436977,100191,100122,1034,393,641,375,266
Laoshan Road,Huashan Li,9632.120588,100082,100060,31,5,26,17,9
Huashan Li,Laoshan Road,9632.120588,100060,100082,22,4,18,14,4
Nanlou,Yibin Road,9631.860521,100102,100171,58,12,46,23,23
Yibin Road,Nanlou,9631.860521,100171,100102,51,10,41,29,12
Xiangshan Road,Southeast Corner,9630.140596,100151,100123,184,61,123,47,76
Southeast Corner,Xiangshan Road,9630.140596,100123,100151,169,59,110,40,70
Dengzhou Road,Shiyijing Road,9629.197727,100024,100117,185,27,158,130,28
Shiyijing Road,Dengzhou Road,9629.197727,100117,100024,164,31,133,87,46
JinZhong River Street,Zhongshan Gate,9628.389703,100079,100189,214,46,168,118,50
Zhongshan Gate,JinZhong River Street,9628.389703,100189,100079,201,39,162,117,45
Beining Park,Fengchan River,9625.827267,100006,100039,18,4,14,11,3
Fengchan River,Beining Park,9625.827267,100039,100006,16,1,15,11,4
Honghu Li,Siyuan Road,9625.581958,100055,100121,19,5,14,10,4
Siyuan Road,Honghu Li,9625.581958,100121,100055,13,3,10,5,5
Cultural centre,Shaliu South Road,9624.125155,100020,100116,244,74,170,97,73
Shaliu South Road,Cultural centre,9624.125155,100116,100020,235,79,156,109,47
Yudongcheng,Zhongshan Gate,9622.726591,100180,100189,295,60,235,143,92
Zhongshan Gate,Yudongcheng,9622.726591,100189,100180,238,51,187,115,72
Chenglin Road,Xianyang Road,9622.726275,100014,100153,245,36,209,141,68
Xianyang Road,Chenglin Road,9622.726275,100153,100014,223,37,186,132,54
Zhaoyuan Road,Jiangwan Erzhi Road,9622.644704,100186,100065,18,3,15,7,8
Jiangwan Erzhi Road,Zhaoyuan Road,9622.644704,100065,100186,12,4,8,1,7
Changling Road,Dawang Zhuang,9622.324371,100013,100023,287,49,238,190,48
Dawang Zhuang,Changling Road,9622.324371,100023,100013,221,42,179,118,61
Number Two Bridge,Yuanyang International Centre,9622.231924,100110,100179,311,59,252,172,80
Yuanyang International Centre,Number Two Bridge,9622.231924,100179,100110,288,69,219,114,105
Minquan Gate,Southwest Tower,9621.694467,100099,100125,271,55,216,167,49
Southwest Tower,Minquan Gate,9621.694467,100125,100099,264,51,213,121,92
Fuxing Gate,Xiangshan Road,9621.69241,100041,100151,37,9,28,24,4
Xiangshan Road,Fuxing Gate,9621.69241,100151,100041,36,5,31,26,5
Heping Road,Liaohe North Road,9621.354988,100053,100084,543,160,383,188,195
Liaohe North Road,Heping Road,9621.354988,100084,100053,412,117,295,182,113
North Station,Tianjin Hotel,9620.441407,100108,100134,152,50,102,68,34
Tianjin Hotel,North Station,9620.441407,100134,100108,129,50,79,46,33
Zhangxing Zhuang,Yibin Road,9617.6851,100185,100171,74,8,66,58,8
Yibin Road,Zhangxing Zhuang,9617.6851,100171,100185,57,10,47,32,15
Jiangwan Erzhi Road,Anshan West Road,9616.570587,100065,100003,48,6,42,31,11
Anshan West Road,Jiangwan Erzhi Road,9616.570587,100003,100065,48,5,43,29,14
Hongni River East,Longhan Road,9615.875832,100056,100092,54,12,42,35,7
Longhan Road,Hongni River East,9615.875832,100092,100056,48,9,39,24,15
Zhangxing Zhuang,Erwei Road,9614.338739,100185,100036,74,11,63,52,11
Erwei Road,Zhangxing Zhuang,9614.338739,100036,100185,67,12,55,32,23
Yutai,Zhigu,9613.794246,100183,100188,56,13,43,25,18
Zhigu,Yutai,9613.794246,100188,100183,50,13,37,20,17
Tian Tower,Lijiang Road,9613.400647,100133,100085,19,3,16,10,6
Lijiang Road,Tian Tower,9613.400647,100085,100133,16,0,16,5,11
Tian Tower,Beining Park,9612.560348,100133,100006,182,54,128,70,58
Beining Park,Tian Tower,9612.560348,100006,100133,130,49,81,54,27
Xiaodian,Xinkai River,9609.845869,100155,100160,62,13,49,32,17
Xinkai River,Xiaodian,9609.845869,100160,100155,53,16,37,15,22
Guangkaisima Road,Jianshan Road,9608.426292,100044,100066,85,29,56,38,18
Jianshan Road,Guangkaisima Road,9608.426292,100066,100044,83,34,49,28,21
Southeast Corner,Wanshan Road,9607.15204,100123,100146,52,12,40,21,19
Wanshan Road,Southeast Corner,9607.15204,100146,100123,42,13,29,21,8
Tiantuo,Tiedong Road,9605.843626,100138,100139,167,28,139,85,54
Tiedong Road,Tiantuo,9605.843626,100139,100138,159,26,133,97,36
Xiangshan Road,Youyi South Road,9602.938892,100151,100178,348,74,274,165,109
Youyi South Road,Xiangshan Road,9602.938892,100178,100151,319,55,264,178,86
South Station,Yizhongxin Hospital,9602.261487,100122,100177,831,175,656,454,202
Yizhongxin Hospital,South Station,9602.261487,100177,100122,705,161,544,344,200
Chinese Medicine First Affiliated Hospital,Jiefang South Road,9602.220342,100016,100068,244,68,176,54,122
Jiefang South Road,Chinese Medicine First Affiliated Hospital,9602.220342,100068,100016,237,66,171,81,90
Second hospital of the Medical University,Jingli Road,9600.009944,100115,100073,424,62,362,231,131
Jingli Road,Second hospital of the Medical University,9600.009944,100073,100115,423,71,352,271,81
Yingfeng Road,Honghu Li,9598.79851,100173,100055,236,90,146,89,57
Honghu Li,Yingfeng Road,9598.79851,100055,100173,208,65,143,91,52
Jianchang Road,People's Hospital,9597.835571,100063,100111,77,19,58,42,16
People's Hospital,Jianchang Road,9597.835571,100111,100063,70,15,55,27,28
Laoshan Road,Gulou,9597.057169,100082,100045,272,94,178,90,88
Gulou,Laoshan Road,9597.057169,100045,100082,269,90,179,78,101
Yingfeng Road,Tiantai Road,9596.395639,100173,100137,485,93,392,277,115
Tiantai Road,Yingfeng Road,9596.395639,100137,100173,424,86,338,228,110
Zhicheng Road,Xuzhou Road,9596.318741,100187,100167,325,56,269,207,62
Xuzhou Road,Zhicheng Road,9596.318741,100167,100187,277,39,238,143,95
Changling Road,Chentang Zhuang,9595.950794,100013,100015,176,36,140,105,35
Chentang Zhuang,Changling Road,9595.950794,100015,100013,131,24,107,67,40
Yibin Road,Lijiang Road,9595.491246,100171,100085,19,3,16,14,2
Lijiang Road,Yibin Road,9595.491246,100085,100171,17,2,15,13,2
Liuwei Road,Zhangxing Zhuang,9594.685793,100090,100185,19,6,13,9,4
Zhangxing Zhuang,Liuwei Road,9594.685793,100185,100090,12,4,8,4,4
Huashan Li,Haiguang Temple,9593.43899,100060,100048,2906,566,2340,1761,579
Haiguang Temple,Huashan Li,9593.43899,100048,100060,2735,505,2230,1335,895
Xianyang Road,Nanlou,9592.276348,100153,100102,403,73,330,255,75
Nanlou,Xianyang Road,9592.276348,100102,100153,367,72,295,193,102
Tianjin Station,Meijiang Road,9588.979118,100135,100097,341,98,243,144,99
Meijiang Road,Tianjin Station,9588.979118,100097,100135,309,71,238,154,84
Jintang Road,Yizhongxin Hospital,9588.138439,100077,100177,284,51,233,175,58
Yizhongxin Hospital,Jintang Road,9588.138439,100177,100077,249,37,212,136,76
Southeast Corner,Fangshan Road,9587.447214,100123,100038,86,32,54,31,23
Fangshan Road,Southeast Corner,9587.447214,100038,100123,84,23,61,38,23
Fuxing Road,Tianjin Hotel,9586.988518,100042,100134,115,27,88,62,26
Tianjin Hotel,Fuxing Road,9586.988518,100134,100042,115,27,88,50,38
Jinwan Square,Jinmao Industrial Area,9586.855118,100078,100074,3,1,2,0,2
Jinmao Industrial Area,Jinwan Square,9586.855118,100074,100078,3,1,2,0,2
Yingfeng Road,Dongting Road,9586.274494,100173,100034,32,5,27,17,10
Dongting Road,Yingfeng Road,9586.274494,100034,100173,25,0,25,14,11
Yueya River,Guangkaisima Road,9586.070796,100182,100044,368,71,297,224,73
Guangkaisima Road,Yueya River,9586.070796,100044,100182,326,59,267,169,98
Shuanglin,Dongli Yijing Road,9583.301304,100119,100033,14,4,10,8,2
Dongli Yijing Road,Shuanglin,9583.301304,100033,100119,13,1,12,9,3
North Station,Bianxing,9582.902882,100108,100009,65,13,52,32,20
Bianxing,North Station,9582.902882,100009,100108,59,12,47,32,15
Yingfeng Road,Dongxing Road,9582.712223,100173,100035,54,11,43,33,10
Dongxing Road,Yingfeng Road,9582.712223,100035,100173,43,10,33,21,12
Yutai,Nanlou,9582.387661,100183,100102,38,12,26,15,11
Nanlou,Yutai,9582.387661,100102,100183,38,7,31,14,17
Tian Tower,Zuojiang Road,9581.639223,100133,100192,88,35,53,24,29
Zuojiang Road,Tian Tower,9581.639223,100192,100133,51,15,36,24,12
Meilin Road,Zhigu,9581.044714,100098,100188,141,24,117,94,23
Zhigu,Meilin Road,9581.044714,100188,100098,117,23,94,57,37
Chentang Zhuang,Meijiang Park,9579.895504,100015,100096,24,7,17,14,3
Meijiang Park,Chentang Zhuang,9579.895504,100096,100015,19,1,18,14,4
Bei Zhulin,Huayuan,9579.766801,100004,100061,85,12,73,62,11
Huayuan,Bei Zhulin,9579.766801,100061,100004,84,18,66,45,21
Danhebei Road,Tianshili,9579.589427,100022,100136,5,0,5,5,0
Shaliu South Road,Gulou,9579.561986,100116,100045,264,89,175,92,83
Gulou,Shaliu South Road,9579.561986,100045,100116,238,88,150,89,61
North Station,Second hospital of the Medical University,9579.236881,100108,100115,213,39,174,106,68
Second hospital of the Medical University,North Station,9579.236881,100115,100108,203,38,165,123,42
Leyuan Road,The Financial University,9577.358131,100083,100132,51,25,26,17,9
The Financial University,Leyuan Road,9577.358131,100132,100083,8,1,7,4,3
Southeast Corner,Huayuan,9574.63718,100123,100061,417,142,275,174,101
Huayuan,Southeast Corner,9574.63718,100061,100123,414,141,273,167,106
Water Park Road East,Haiguang Temple,9572.806963,100147,100048,102,35,67,41,26
Haiguang Temple,Water Park Road East,9572.806963,100048,100147,97,38,59,28,31
Jieyuan West Road,Xuzhou Road,9571.529341,100069,100167,544,83,461,384,77
Xuzhou Road,Jieyuan West Road,9571.529341,100167,100069,418,69,349,256,93
Taichang Road,JinZhong Street,9571.367853,100128,100080,471,165,306,159,147
JinZhong Street,Taichang Road,9571.367853,100080,100128,437,142,295,179,116
Lijiang Road,Dongxing Road,9569.346154,100085,100035,11,1,10,4,6
Dongxing Road,Lijiang Road,9569.346154,100035,100085,9,0,9,6,3
Shiyijing Road,Hongqi South Road,9569.018901,100117,100057,276,35,241,156,85
Hongqi South Road,Shiyijing Road,9569.018901,100057,100117,275,34,241,173,68
Tucheng,Yizhongxin Hospital,9565.788984,100140,100177,110,21,89,62,27
Yizhongxin Hospital,Tucheng,9565.788984,100177,100140,79,16,63,35,28
Yudongcheng,Xikang Road,9564.571807,100180,100158,1253,183,1070,873,197
Xikang Road,Yudongcheng,9564.571807,100158,100180,1062,170,892,651,241
Xinkai River,Ruijing XinYuan,9562.149555,100160,100114,105,37,68,39,29
Ruijing XinYuan,Xinkai River,9562.149555,100114,100160,101,24,77,52,25
Lijiang Road,Jiefang South Road,9560.749422,100085,100068,13,5,8,2,6
Jiefang South Road,Lijiang Road,9560.749422,100068,100085,9,4,5,0,5
Jiangwan Erzhi Road,Xiaobailou,9559.80803,100065,100154,155,25,130,106,24
Xiaobailou,Jiangwan Erzhi Road,9559.80803,100154,100065,154,34,120,79,41
Dengzhou Road,Xuelian South Road,9557.312763,100024,100164,8,2,6,6,0
Xuelian South Road,Dengzhou Road,9557.312763,100164,100024,5,2,3,2,1
Sports Centre,Xianyang Road,9556.444001,100126,100153,31,7,24,5,19
Xianyang Road,Sports Centre,9556.444001,100153,100126,31,5,26,19,7
Xingfu Park,Nansun Zhuang,9556.151139,100159,100103,7,4,3,3,0
Nansun Zhuang,Xingfu Park,9556.151139,100103,100159,6,1,5,0,5
Wandong Road,Zhangxing Zhuang,9554.071226,100144,100185,33,9,24,14,10
Zhangxing Zhuang,Wandong Road,9554.071226,100185,100144,22,9,13,7,6
Jianchang Road,Xiaobailou,9553.848769,100063,100154,451,111,340,248,92
Xiaobailou,Jianchang Road,9553.848769,100154,100063,430,99,331,220,111
Meijiang Road,Taichang Road,9552.635944,100097,100128,104,27,77,62,15
Taichang Road,Meijiang Road,9552.635944,100128,100097,104,22,82,56,26
Jianguo Road,Guoshan Road,9551.439634,100064,100047,119,23,96,51,45
Guoshan Road,Jianguo Road,9551.439634,100047,100064,116,25,91,62,29
Minquan Gate,Fengchan River,9549.629958,100099,100039,8,4,4,0,4
Fengchan River,Minquan Gate,9549.629958,100039,100099,5,1,4,3,1
Haihe Education Zone,Jiefang South Road,9549.436941,100050,100068,161,38,123,76,47
Jiefang South Road,Haihe Education Zone,9549.436941,100068,100050,149,37,112,47,65
Water Park Road East,Erwei Road,9548.151558,100147,100036,67,17,50,39,11
Erwei Road,Water Park Road East,9548.151558,100036,100147,64,8,56,40,16
Tianjin Hotel,Northwest Corner,9547.31275,100134,100109,446,111,335,237,98
Northwest Corner,Tianjin Hotel,9547.31275,100109,100134,418,101,317,207,110
Wandong Road,Northwest Corner,9545.429378,100144,100109,229,43,186,118,68
Northwest Corner,Wandong Road,9545.429378,100109,100144,227,49,178,95,83
Anshan Road,Lingbin Road,9542.700134,100002,100087,303,49,254,151,103
Lingbin Road,Anshan Road,9542.700134,100087,100002,283,62,221,122,99
Southwest corner,Zhongshan Gate,9542.514466,100124,100189,556,117,439,288,151
Zhongshan Gate,Southwest corner,9542.514466,100189,100124,541,114,427,288,139
Jianchang Road,Yingkou Road,9542.049816,100063,100174,655,219,436,241,195
Yingkou Road,Jianchang Road,9542.049816,100174,100063,638,200,438,188,250
Huayuan,Gulou,9541.394336,100061,100045,564,158,406,227,179
Gulou,Huayuan,9541.394336,100045,100061,534,172,362,185,177
Zhou and Deng Memorial Museum,Xinkai River,9541.376725,100191,100160,21,13,8,3,5
Xinkai River,Zhou and Deng Memorial Museum,9541.376725,100160,100191,12,4,8,6,2
West Station,Jintang Road,9541.298845,100149,100077,246,81,165,45,120
Jintang Road,West Station,9541.298845,100077,100149,218,85,133,63,70
Southeast Corner,Yihao Bridge,9541.042901,100123,100172,212,73,139,78,61
Yihao Bridge,Southeast Corner,9541.042901,100172,100123,210,73,137,77,60
Shaliu South Road,Jianchang Road,9540.170328,100116,100063,42,7,35,19,16
Jianchang Road,Shaliu South Road,9540.170328,100063,100116,37,4,33,24,9
Yixingbu,Changhong Park,9539.896884,100175,100012,144,27,117,75,42
Changhong Park,Yixingbu,9539.896884,100012,100175,128,26,102,66,36
Cao Zhuang,Jianguo Road,9538.674699,100011,100064,1288,357,931,639,292
Jianguo Road,Cao Zhuang,9538.674699,100064,100011,1141,288,853,540,313
Shuanglin,Changling Road,9538.210829,100119,100013,105,23,82,45,37
Changling Road,Shuanglin,9538.210829,100013,100119,92,29,63,39,24
Sports Centre,Zhongshan Gate,9535.413256,100126,100189,280,45,235,146,89
Zhongshan Gate,Sports Centre,9535.413256,100189,100126,277,56,221,145,76
Zhou and Deng Memorial Museum,Yutai,9534.355081,100191,100183,14,7,7,5,2
Yutai,Zhou and Deng Memorial Museum,9534.355081,100183,100191,12,6,6,4,2
Number Two Bridge,Leyuan Road,9533.396352,100110,100083,15,7,8,4,4
Leyuan Road,Number Two Bridge,9533.396352,100083,100110,14,9,5,1,4
Yingkou Road,Laoshan Road,9532.466129,100174,100082,505,166,339,168,171
Laoshan Road,Yingkou Road,9532.466129,100082,100174,458,159,299,177,122
Water Park Road East,Gulou,9531.713952,100147,100045,557,243,314,122,192
Gulou,Water Park Road East,9531.713952,100045,100147,442,204,238,100,138
Nancuiping,Southeast Corner,9531.404091,100100,100123,283,77,206,133,73
Southeast Corner,Nancuiping,9531.404091,100123,100100,233,71,162,95,67
Shaliu South Road,Xikang Road,9527.338223,100116,100158,134,21,113,96,17
Xikang Road,Shaliu South Road,9527.338223,100158,100116,130,25,105,81,24
Jinshi Bridge,Chentang Zhuang,9523.149522,100076,100015,536,77,459,356,103
Chentang Zhuang,Jinshi Bridge,9523.149522,100015,100076,507,64,443,297,146
Guoshan Road,Jinwan Square,9522.25559,100047,100078,68,7,61,40,21
Jinwan Square,Guoshan Road,9522.25559,100078,100047,65,8,57,36,21
Erwei Road,Yueya River,9521.038349,100036,100182,217,42,175,110,65
Yueya River,Erwei Road,9521.038349,100182,100036,217,47,170,126,44
Nanlou,Meilin Road,9520.641651,100102,100098,30,4,26,13,13
Meilin Road,Nanlou,9520.641651,100098,100102,21,3,18,9,9
Professional University,Foreign Languages High School,9519.987626,100112,100040,9,3,6,4,2
Foreign Languages High School,Professional University,9519.987626,100040,100112,6,1,5,4,1
Yuanyang International Centre,Yizhongxin Hospital,9519.783392,100179,100177,267,56,211,124,87
Yizhongxin Hospital,Yuanyang International Centre,9519.783392,100177,100179,239,51,188,133,55
Danhebei Road,Tiedong Road,9518.775981,100022,100139,26,1,25,22,3
Tiedong Road,Danhebei Road,9518.775981,100139,100022,9,0,9,6,3
JinZhong River Street,Tucheng,9516.181737,100079,100140,467,95,372,277,95
Tucheng,JinZhong River Street,9516.181737,100140,100079,432,77,355,230,125
Tianjin Hotel,Guangkaisima Road,9514.62602,100134,100044,158,44,114,86,28
Guangkaisima Road,Tianjin Hotel,9514.62602,100044,100134,158,39,119,74,45
Bei Zhulin,Huaihe Road,9513.161127,100004,100058,7,3,4,3,1
Huaihe Road,Bei Zhulin,9513.161127,100058,100004,5,2,3,2,1
Sports Centre,High-Tech Zone,9513.099285,100126,100054,44,8,36,19,17
High-Tech Zone,Sports Centre,9513.099285,100054,100126,40,7,33,28,5
Tianjin Station,Huaihe Road,9511.00227,100135,100058,561,164,397,205,192
Huaihe Road,Tianjin Station,9511.00227,100058,100135,511,155,356,230,126
Qinjian Road,Dawang Zhuang,9510.835879,100113,100023,219,51,168,116,52
Dawang Zhuang,Qinjian Road,9510.835879,100023,100113,197,43,154,95,59
Southwest Tower,Fuxing Road,9509.751328,100125,100042,26,4,22,13,9
Fuxing Road,Southwest Tower,9509.751328,100042,100125,16,4,12,6,6
Second hospital of the Medical University,Yuanyang International Centre,9509.067293,100115,100179,133,27,106,78,28
Yuanyang International Centre,Second hospital of the Medical University,9509.067293,100179,100115,105,23,82,50,32
Yingfeng Road,Dawang Zhuang,9508.868948,100173,100023,64,8,56,42,14
Dawang Zhuang,Yingfeng Road,9508.868948,100023,100173,58,9,49,32,17
Fuxing Gate,Dengzhou South Road,9507.173559,100041,100025,16,3,13,5,8
Dengzhou South Road,Fuxing Gate,9507.173559,100025,100041,10,1,9,8,1
Yudongcheng,Weishan Road,9506.298558,100180,100148,870,110,760,520,240
Weishan Road,Yudongcheng,9506.298558,100148,100180,668,104,564,418,146
Changhong Park,Zhicheng Road,9505.989712,100012,100187,62,19,43,28,15
Zhicheng Road,Changhong Park,9505.989712,100187,100012,57,21,36,29,7
Foreign Languages High School,Hongqi South Road,9504.530102,100040,100057,170,16,154,130,24
Hongqi South Road,Foreign Languages High School,9504.530102,100057,100040,144,18,126,107,19
Jianchang Road,Southwest Tower,9504.322376,100063,100125,579,77,502,382,120
Southwest Tower,Jianchang Road,9504.322376,100125,100063,484,72,412,251,161
Laoshan Road,Nanzhu Bridge,9504.237433,100082,100104,262,59,203,136,67
Nanzhu Bridge,Laoshan Road,9504.237433,100104,100082,250,54,196,134,62
Yutai,Meijiang Exhibition Centre,9503.150277,100183,100095,5,5,0,0,0
Meijiang Exhibition Centre,Yutai,9503.150277,100095,100183,3,2,1,1,0
Jianshan Road,JinZhong River Street,9502.729017,100066,100079,88,10,78,54,24
JinZhong River Street,Jianshan Road,9502.729017,100079,100066,88,14,74,57,17
Huashan Li,Zhongshan Gate,9500.050137,100060,100189,51,9,42,28,14
Zhongshan Gate,Huashan Li,9500.050137,100189,100060,40,6,34,18,16
Jingjiang Road,Huaihe Road,9499.031002,100072,100058,314,64,250,185,65
Huaihe Road,Jingjiang Road,9499.031002,100058,100072,293,59,234,175,59
Taichang Road,Changhong Park,9497.868857,100128,100012,360,108,252,131,121
Changhong Park,Taichang Road,9497.868857,100012,100128,358,105,253,170,83
Tucheng,Zhaoyuan Road,9497.34107,100140,100186,10,5,5,5,0
Zhaoyuan Road,Tucheng,9497.34107,100186,100140,10,3,7,6,1
Beining Park,Dengzhou Road,9495.596366,100006,100024,80,11,69,42,27
Dengzhou Road,Beining Park,9495.596366,100024,100006,67,8,59,45,14
Tianjin Hotel,Bei Zhulin,9494.410342,100134,100004,61,13,48,24,24
Bei Zhulin,Tianjin Hotel,9494.410342,100004,100134,55,6,49,36,13
Cuifu New Village,Liaohe North Road,9494.172398,100019,100084,50,6,44,35,9
Liaohe North Road,Cuifu New Village,9494.172398,100084,100019,43,9,34,29,5
Guoshan Road,Liuwei Road,9493.321366,100047,100090,12,6,6,3,3
Liuwei Road,Guoshan Road,9493.321366,100090,100047,9,2,7,2,5
Tianshili,Dabi Zhuang,9488.808908,100136,100021,47,5,42,38,4
Dabi Zhuang,Tianshili,9488.808908,100021,100136,46,3,43,35,8
Jianshan Road,Zhongshan Road,9487.709544,100066,100190,27,5,22,3,19
Zhongshan Road,Jianshan Road,9487.709544,100190,100066,23,3,20,15,5
JinZhong River Street,Yibin Road,9487.317055,100079,100171,434,85,349,272,77
Yibin Road,JinZhong River Street,9487.317055,100171,100079,353,81,272,173,99
Jingjiang Road,Yibin Road,9486.200881,100072,100171,232,35,197,148,49
Yibin Road,Jingjiang Road,9486.200881,100171,100072,199,34,165,103,62
Second hospital of the Medical University,Cuifu New Village,9486.177426,100115,100019,42,8,34,16,18
Cuifu New Village,Second hospital of the Medical University,9486.177426,100019,100115,40,7,33,23,10
Yixingbu,Southwest corner,9485.094141,100175,100124,254,71,183,128,55
Southwest corner,Yixingbu,9485.094141,100124,100175,242,63,179,83,96
Wanshan Road,Southwest Tower,9484.819318,100146,100125,16,3,13,11,2
Southwest Tower,Wanshan Road,9484.819318,100125,100146,10,3,7,2,5
Siyuan Road,Shiyijing Road,9482.70603,100121,100117,51,10,41,29,12
Shiyijing Road,Siyuan Road,9482.70603,100117,100121,38,7,31,17,14
Liuwei Road,Second hospital of the Medical University,9482.48615,100090,100115,2,0,2,0,2
Second hospital of the Medical University,Liuwei Road,9482.48615,100115,100090,2,0,2,0,2
Fuxing Gate,Gaozhuangzi,9480.194211,100041,100043,135,26,109,67,42
Gaozhuangzi,Fuxing Gate,9480.194211,100043,100041,129,26,103,70,33
Jianshan Road,Fuxing Road,9478.817434,100066,100042,72,19,53,41,12
Fuxing Road,Jianshan Road,9478.817434,100042,100066,69,20,49,38,11
Yizhongxin Hospital,Youyi South Road,9474.1273,100177,100178,2,1,1,0,1
Hangshuang Road,Jintang Road,9473.992817,100051,100077,27,2,25,18,7
Jintang Road,Hangshuang Road,9473.992817,100077,100051,24,1,23,18,5
Chunhai Road,Xiawafang,9472.485341,100017,100157,60,13,47,37,10
Xiawafang,Chunhai Road,9472.485341,100157,100017,53,12,41,30,11
Yueya River,Fengchan River,9472.326577,100182,100039,51,16,35,27,8
Fengchan River,Yueya River,9472.326577,100039,100182,45,12,33,30,3
Beining Park,Yizhongxin Hospital,9471.640578,100006,100177,355,70,285,202,83
Yizhongxin Hospital,Beining Park,9471.640578,100177,100006,306,54,252,162,90
Hongqi South Road,Jintang Road,9470.809119,100057,100077,279,36,243,188,55
Jintang Road,Hongqi South Road,9470.809119,100077,100057,251,32,219,170,49
Xiaobailou,Wanshan Road,9470.587997,100154,100146,10,2,8,3,5
Wanshan Road,Xiaobailou,9470.587997,100146,100154,1,0,1,0,1
Southwest Tower,Fangshan Road,9465.114492,100125,100038,78,19,59,39,20
Fangshan Road,Southwest Tower,9465.114492,100038,100125,66,14,52,44,8
Jianguo Road,Wanshan Road,9464.105757,100064,100146,54,16,38,25,13
Wanshan Road,Jianguo Road,9464.105757,100146,100064,48,14,34,25,9
Zhicheng Road,Laoshan Road,9463.066853,100187,100082,38,12,26,17,9
Laoshan Road,Zhicheng Road,9463.066853,100082,100187,29,8,21,20,1
Changhong Park,Xingfu Park,9459.379057,100012,100159,234,72,162,88,74
Xingfu Park,Changhong Park,9459.379057,100159,100012,210,69,141,81,60
Jingjiang Road,Zhou and Deng Memorial Museum,9458.431354,100072,100191,233,53,180,131,49
Zhou and Deng Memorial Museum,Jingjiang Road,9458.431354,100191,100072,193,46,147,88,59
Jinshi Bridge,Yizhongxin Hospital,9454.721618,100076,100177,213,25,188,143,45
Yizhongxin Hospital,Jinshi Bridge,9454.721618,100177,100076,173,30,143,95,48
Zhicheng Road,Southwest corner,9451.186969,100187,100124,140,29,111,72,39
Southwest corner,Zhicheng Road,9451.186969,100124,100187,109,24,85,54,31
Xiaobailou,Fangshan Road,9450.883171,100154,100038,16,4,12,3,9
Fangshan Road,Xiaobailou,9450.883171,100038,100154,10,4,6,3,3
Yudongcheng,Anshan Road,9449.803468,100180,100002,1100,208,892,596,296
Anshan Road,Yudongcheng,9449.803468,100002,100180,969,163,806,419,387
Tucheng,Hongqi South Road,9448.459664,100140,100057,301,63,238,148,90
Hongqi South Road,Tucheng,9448.459664,100057,100140,250,58,192,123,69
Fuxing Gate,Erwei Road,9448.199236,100041,100036,679,100,579,438,141
Erwei Road,Fuxing Gate,9448.199236,100036,100041,502,72,430,297,133
Tiantai Road,Xiawafang,9447.897871,100137,100157,212,45,167,131,36
Xiawafang,Tiantai Road,9447.897871,100157,100137,210,34,176,108,68
Benxi Road,Tiantuo,9447.754863,100008,100138,382,57,325,266,59
Tiantuo,Benxi Road,9447.754863,100138,100008,299,45,254,194,60
Xingfu Park,Second hospital of the Medical University,9445.600041,100159,100115,179,49,130,77,53
Second hospital of the Medical University,Xingfu Park,9445.600041,100115,100159,176,49,127,78,49
Jingjiang Road,Xianyang Road,9444.534694,100072,100153,788,142,646,476,170
Xianyang Road,Jingjiang Road,9444.534694,100153,100072,712,131,581,427,154
Honghu Li,Jianchang Road,9443.992307,100055,100063,43,10,33,26,7
Jianchang Road,Honghu Li,9443.992307,100063,100055,40,6,34,26,8
Zhigu,Guoshan Road,9443.110253,100188,100047,101,9,92,45,47
Guoshan Road,Zhigu,9443.110253,100047,100188,74,7,67,49,18
Foreign Languages High School,Xiawafang,9442.823564,100040,100157,119,17,102,72,30
Xiawafang,Foreign Languages High School,9442.823564,100157,100040,104,15,89,57,32
Jiayuan Li,Anshan Road,9442.218514,100067,100002,3041,619,2422,1750,672
Anshan Road,Jiayuan Li,9442.218514,100002,100067,2837,594,2243,1207,1036
Yuejin North Road,Magangchang,9441.2723,100181,100094,22,5,17,14,3
Magangchang,Yuejin North Road,9441.2723,100094,100181,14,3,11,9,2
Fuxing Gate,Jin Street,9439.198496,100041,100070,25,5,20,11,9
Jin Street,Fuxing Gate,9439.198496,100070,100041,16,5,11,9,2
Nancuiping,Northwest Corner,9436.781551,100100,100109,262,70,192,134,58
Northwest Corner,Nancuiping,9436.781551,100109,100100,227,46,181,92,89
Tiedong Road,Xiawafang,9436.68735,100139,100157,371,76,295,199,96
Xiawafang,Tiedong Road,9436.68735,100157,100139,370,68,302,196,106
Second hospital of the Medical University,Beining Park,9435.833694,100115,100006,117,25,92,52,40
Beining Park,Second hospital of the Medical University,9435.833694,100006,100115,104,26,78,48,30
Cuifu New Village,Tiantai Road,9435.746038,100019,100137,46,10,36,22,14
Tiantai Road,Cuifu New Village,9435.746038,100137,100019,29,9,20,12,8
Xingfu Park,Fuxing Road,9433.469617,100159,100042,76,18,58,39,19
Fuxing Road,Xingfu Park,9433.469617,100042,100159,67,16,51,35,16
Shunchi Bridge,Hongqi South Road,9433.105331,100120,100057,204,35,169,107,62
Hongqi South Road,Shunchi Bridge,9433.105331,100057,100120,171,34,137,107,30
Second hospital of the Medical University,Southwest corner,9430.915823,100115,100124,118,30,88,58,30
Southwest corner,Second hospital of the Medical University,9430.915823,100124,100115,102,19,83,63,20
Tumour Hospital,Erwei Road,9430.826557,100141,100036,265,37,228,146,82
Erwei Road,Tumour Hospital,9430.826557,100036,100141,241,37,204,122,82
Dongxing Road,Chinese Medicine First Affiliated Hospital,9430.264196,100035,100016,123,17,106,64,42
Chinese Medicine First Affiliated Hospital,Dongxing Road,9430.264196,100016,100035,115,20,95,47,48
Yueya River,Jinmao Industrial Area,9429.656097,100182,100074,12,1,11,11,0
Jinmao Industrial Area,Yueya River,9429.656097,100074,100182,10,1,9,8,1
Danhebei Road,Siyuan Road,9429.647307,100022,100121,8,3,5,3,2
Siyuan Road,Danhebei Road,9429.647307,100121,100022,5,1,4,3,1
Wanshan Road,Dawang Zhuang,9427.708379,100146,100023,21,6,15,12,3
Dawang Zhuang,Wanshan Road,9427.708379,100023,100146,19,8,11,5,6
Minquan Gate,Haiguang Temple,9427.621364,100099,100048,279,75,204,146,58
Haiguang Temple,Minquan Gate,9427.621364,100048,100099,272,71,201,112,89
North Station,Zhongshan Gate,9427.247327,100108,100189,256,106,150,83,67
Zhongshan Gate,North Station,9427.247327,100189,100108,203,50,153,79,74
Yihao Bridge,Xikang Road,9426.829831,100172,100158,267,52,215,153,62
Xikang Road,Yihao Bridge,9426.829831,100158,100172,265,54,211,139,72
Yaohuan Road,Tian Tower,9425.949868,100170,100133,83,24,59,34,25
Tian Tower,Yaohuan Road,9425.949868,100133,100170,78,24,54,9,45
Jiangwan Erzhi Road,Chentang Zhuang,9425.489496,100065,100015,83,6,77,61,16
Chentang Zhuang,Jiangwan Erzhi Road,9425.489496,100015,100065,48,5,43,27,16
Minquan Gate,Nanlou,9424.326831,100099,100102,84,26,58,39,19
Nanlou,Minquan Gate,9424.326831,100102,100099,70,18,52,29,23
Dongli Yijing Road,Magangchang,9422.965097,100033,100094,29,6,23,18,5
Magangchang,Dongli Yijing Road,9422.965097,100094,100033,25,6,19,17,2
Chentang Zhuang,Gulou,9420.951973,100015,100045,395,124,271,160,111
Gulou,Chentang Zhuang,9420.951973,100045,100015,363,124,239,104,135
Huayuan,Jieyuan West Road,9420.152706,100061,100069,232,26,206,152,54
Jieyuan West Road,Huayuan,9420.152706,100069,100061,214,27,187,157,30
Minquan Gate,Shaliu South Road,9419.581543,100099,100116,37,9,28,18,10
Shaliu South Road,Minquan Gate,9419.581543,100116,100099,33,9,24,22,2
Lingbin Road,Dawang Zhuang,9418.0781,100087,100023,168,22,146,112,34
Dawang Zhuang,Lingbin Road,9418.0781,100023,100087,150,27,123,76,47
Lingbin Road,Chenglin Road,9416.765858,100087,100014,323,61,262,179,83
Chenglin Road,Lingbin Road,9416.765858,100014,100087,323,60,263,192,71
Number Two Bridge,Jianguo Road,9413.939452,100110,100064,144,34,110,64,46
Jianguo Road,Number Two Bridge,9413.939452,100064,100110,139,26,113,69,44
Tucheng,Changhong Park,9413.461561,100140,100012,287,81,206,113,93
Changhong Park,Tucheng,9413.461561,100012,100140,278,60,218,113,105
Wandong Road,Guangkaisima Road,9412.575146,100144,100044,153,25,128,91,37
Guangkaisima Road,Wandong Road,9412.575146,100044,100144,116,30,86,45,41
Yihao Bridge,Xingfu Park,9412.393617,100172,100159,153,26,127,65,62
Xingfu Park,Yihao Bridge,9412.393617,100159,100172,137,23,114,78,36
Foreign Languages High School,Dongxing Road,9412.118291,100040,100035,25,3,22,19,3
Dongxing Road,Foreign Languages High School,9412.118291,100035,100040,17,1,16,11,5
Xuzhuangzi,Dawang Zhuang,9410.982819,100168,100023,28,6,22,16,6
Dawang Zhuang,Xuzhuangzi,9410.982819,100023,100168,21,8,13,7,6
Fuxing Gate,Wujiayao,9410.950151,100041,100150,359,43,316,248,68
Wujiayao,Fuxing Gate,9410.950151,100150,100041,285,42,243,176,67
Jieyuan West Road,Water Park Road East,9410.472322,100069,100147,325,83,242,179,63
Water Park Road East,Jieyuan West Road,9410.472322,100147,100069,264,78,186,106,80
Lijiang Road,Xuelian South Road,9409.971446,100085,100164,19,6,13,4,9
Xuelian South Road,Lijiang Road,9409.971446,100164,100085,16,7,9,3,6
Second hospital of the Medical University,Yihao Bridge,9409.874335,100115,100172,34,8,26,18,8
Yihao Bridge,Second hospital of the Medical University,9409.874335,100172,100115,32,9,23,11,12
Zhongshan Gate,Water Park Road East,9408.313408,100189,100147,117,50,67,50,17
Water Park Road East,Zhongshan Gate,9408.313408,100147,100189,113,29,84,56,28
Yaohuan Road,Yibin Road,9408.040467,100170,100171,72,13,59,43,16
Yibin Road,Yaohuan Road,9408.040467,100171,100170,71,9,62,26,36
Fangshan Road,Dawang Zhuang,9408.003553,100038,100023,13,4,9,4,5
Dawang Zhuang,Fangshan Road,9408.003553,100023,100038,12,3,9,4,5
Tumour Hospital,Jin Street,9407.783282,100141,100070,153,27,126,85,41
Jin Street,Tumour Hospital,9407.783282,100070,100141,143,26,117,73,44
Bei Zhulin,Southwest Tower,9406.175052,100004,100125,14,5,9,6,3
Southwest Tower,Bei Zhulin,9406.175052,100125,100004,3,2,1,1,0
Zhou and Deng Memorial Museum,Meijiang Exhibition Centre,9406.077306,100191,100095,40,16,24,11,13
Meijiang Exhibition Centre,Zhou and Deng Memorial Museum,9406.077306,100095,100191,31,15,16,7,9
Tiedong Road,Dongxing Road,9405.982077,100139,100035,161,28,133,110,23
Dongxing Road,Tiedong Road,9405.982077,100035,100139,138,21,117,95,22
Wandong Road,Shuanglin,9405.30158,100144,100119,35,7,28,25,3
Shuanglin,Wandong Road,9405.30158,100119,100144,34,11,23,15,8
West Station,Tucheng,9405.069623,100149,100140,1709,496,1213,382,831
Tucheng,West Station,9405.069623,100140,100149,1674,548,1126,574,552
Jiefang South Road,Hongqi South Road,9404.905447,100068,100057,674,151,523,299,224
Hongqi South Road,Jiefang South Road,9404.905447,100057,100068,579,119,460,267,193
Leyuan Road,Northwest Corner,9404.32384,100083,100109,95,47,48,16,32
Northwest Corner,Leyuan Road,9404.32384,100109,100083,61,16,45,16,29
Foreign Languages High School,Nanhe Zhuang,9403.755773,100040,100101,24,1,23,17,6
Nanhe Zhuang,Foreign Languages High School,9403.755773,100101,100040,18,4,14,12,2
Second hospital of the Medical University,Wandong Road,9403.299383,100115,100144,46,3,43,27,16
Wandong Road,Second hospital of the Medical University,9403.299383,100144,100115,33,4,29,19,10
Wangdingdi,Dawang Zhuang,9403.029135,100145,100023,103,15,88,75,13
Dawang Zhuang,Wangdingdi,9403.029135,100023,100145,99,10,89,50,39
Fuxing Road,Chenglin Road,9402.615807,100042,100014,69,15,54,41,13
Chenglin Road,Fuxing Road,9402.615807,100014,100042,57,9,48,38,10
Yibin Road,Zuojiang Road,9401.651592,100171,100192,209,40,169,121,48
Zuojiang Road,Yibin Road,9401.651592,100192,100171,200,39,161,116,45
Zhongshan Gate,Zuojiang Road,9401.454783,100189,100192,52,9,43,25,18
Zuojiang Road,Zhongshan Gate,9401.454783,100192,100189,51,8,43,22,21
Zhongshan Road,Jiayuan Li,9401.143824,100190,100067,86,18,68,31,37
Jiayuan Li,Zhongshan Road,9401.143824,100067,100190,68,18,50,37,13
Meijiang Exhibition Centre,Dongxing Road,9400.088539,100095,100035,47,24,23,18,5
Dongxing Road,Meijiang Exhibition Centre,9400.088539,100035,100095,44,16,28,17,11
Shiyijing Road,Xiangshan Road,9399.339441,100117,100151,41,4,37,22,15
Xiangshan Road,Shiyijing Road,9399.339441,100151,100117,29,3,26,16,10
Jingjiang Road,Meijiang Road,9399.215712,100072,100097,236,30,206,162,44
Meijiang Road,Jingjiang Road,9399.215712,100097,100072,204,25,179,134,45
Sports Centre,Guangkaisima Road,9396.401345,100126,100044,30,9,21,12,9
Guangkaisima Road,Sports Centre,9396.401345,100044,100126,23,5,18,15,3
Fuxing Road,Zhigu,9395.823991,100042,100188,41,9,32,19,13
Zhigu,Fuxing Road,9395.823991,100188,100042,32,5,27,17,10
Fangshan Road,JinZhong River Street,9391.384571,100038,100079,10,2,8,5,3
JinZhong River Street,Fangshan Road,9391.384571,100079,100038,10,2,8,3,5
Jinwan Square,Dengzhou South Road,9390.940819,100078,100025,27,7,20,9,11
Dengzhou South Road,Jinwan Square,9390.940819,100025,100078,20,5,15,5,10
Chenglin Road,Airport Economic Zone,9390.925105,100014,100001,471,45,426,356,70
Airport Economic Zone,Chenglin Road,9390.925105,100001,100014,423,52,371,266,105
Tiantuo,Liqi Zhuang South,9389.433502,100138,100088,19,4,15,1,14
Liqi Zhuang South,Tiantuo,9389.433502,100088,100138,16,5,11,7,4
Jianchang Road,Jin Street,9389.154629,100063,100070,133,29,104,76,28
Jin Street,Jianchang Road,9389.154629,100070,100063,121,24,97,54,43
Xiangshan Road,Jinshi Bridge,9388.670227,100151,100076,46,8,38,27,11
Jinshi Bridge,Xiangshan Road,9388.670227,100076,100151,40,7,33,24,9
Yudongcheng,Southwest corner,9388.517976,100180,100124,1969,425,1544,1115,429
Southwest corner,Yudongcheng,9388.517976,100124,100180,1649,376,1273,785,488
Xiaobailou,Dongting Road,9388.424679,100154,100034,79,17,62,36,26
Dongting Road,Xiaobailou,9388.424679,100034,100154,71,20,51,41,10
Tiantuo,Yuanyang International Centre,9387.768624,100138,100179,385,53,332,250,82
Yuanyang International Centre,Tiantuo,9387.768624,100179,100138,370,64,306,169,137
Dabi Zhuang,Yixingbu North,9386.773193,100021,100176,133,42,91,55,36
Yixingbu North,Dabi Zhuang,9386.773193,100176,100021,103,24,79,44,35
Cuifu New Village,Changhong Park,9384.551333,100019,100012,327,75,252,191,61
Changhong Park,Cuifu New Village,9384.551333,100012,100019,275,58,217,121,96
Liuwei Road,Honghu Li,9383.10394,100090,100055,87,23,64,30,34
Honghu Li,Liuwei Road,9383.10394,100055,100090,75,21,54,31,23
Bianxing,Wangdingdi,9382.933842,100009,100145,53,12,41,38,3
Wangdingdi,Bianxing,9382.933842,100145,100009,49,15,34,25,9
Weishan Road,Taichang Road,9382.802761,100148,100128,408,121,287,185,102
Taichang Road,Weishan Road,9382.802761,100128,100148,408,138,270,141,129
Dongxing Road,Yaohuan Road,9381.895375,100035,100170,23,3,20,12,8
Yaohuan Road,Dongxing Road,9381.895375,100170,100035,23,3,20,17,3
Jinshi Bridge,Benxi Road,9381.676852,100076,100008,135,55,80,54,26
Benxi Road,Jinshi Bridge,9381.676852,100008,100076,127,38,89,43,46
Magangchang,Water Park Road East,9380.602819,100094,100147,17,10,7,2,5
Water Park Road East,Magangchang,9380.602819,100147,100094,11,4,7,5,2
Jiangwan Erzhi Road,Zhigu,9379.400057,100065,100188,79,16,63,34,29
Zhigu,Jiangwan Erzhi Road,9379.400057,100188,100065,60,10,50,27,23
Beining Park,Professional University,9375.060647,100006,100112,159,46,113,66,47
Professional University,Beining Park,9375.060647,100112,100006,134,39,95,55,40
Yixingbu,Jintang Road,9374.799504,100175,100077,91,18,73,58,15
Jintang Road,Yixingbu,9374.799504,100077,100175,84,12,72,50,22
Shuanglin,Guorui Road,9374.155934,100119,100046,82,8,74,65,9
Guorui Road,Shuanglin,9374.155934,100046,100119,76,6,70,54,16
Cao Zhuang,Anshan Road,9373.898406,100011,100002,2411,496,1915,1255,660
Anshan Road,Cao Zhuang,9373.898406,100002,100011,2251,445,1806,965,841
Jiefang South Road,Yaohuan Road,9373.298643,100068,100170,23,8,15,5,10
Yaohuan Road,Jiefang South Road,9373.298643,100170,100068,20,3,17,10,7
Wangdingdi,Zhigu,9372.981128,100145,100188,62,7,55,43,12
Zhigu,Wangdingdi,9372.981128,100188,100145,50,11,39,18,21
Anshan Road,Shaliu South Road,9372.566,100002,100116,191,31,160,107,53
Shaliu South Road,Anshan Road,9372.566,100116,100002,184,30,154,122,32
Wanshan Road,Jin Street,9369.505163,100146,100070,39,7,32,25,7
Jin Street,Wanshan Road,9369.505163,100070,100146,32,4,28,10,18
Bianxing,Xinkai River,9369.452037,100009,100160,36,4,32,23,9
Xinkai River,Bianxing,9369.452037,100160,100009,31,8,23,14,9
JinZhong River Street,Qinjian Road,9366.90318,100079,100113,340,65,275,229,46
Qinjian Road,JinZhong River Street,9366.90318,100113,100079,225,37,188,115,73
Yihao Bridge,Cuifu New Village,9366.270413,100172,100019,35,5,30,11,19
Cuifu New Village,Yihao Bridge,9366.270413,100019,100172,29,2,27,22,5
Tianjin Hotel,Jinshi Bridge,9365.809667,100134,100076,252,53,199,146,53
Jinshi Bridge,Tianjin Hotel,9365.809667,100076,100134,246,65,181,149,32
West Station,Tianjin Hotel,9365.425635,100149,100134,946,275,671,244,427
Tianjin Hotel,West Station,9365.425635,100134,100149,770,228,542,315,227
People's Hospital,Chenglin Road,9363.897606,100111,100014,112,26,86,40,46
Chenglin Road,People's Hospital,9363.897606,100014,100111,107,26,81,44,37
Gulou,Tianjin Hotel,9362.570951,100045,100134,272,86,186,109,77
Tianjin Hotel,Gulou,9362.570951,100134,100045,260,77,183,116,67
Dongli Culture and Sports Centre,Chentang Zhuang,9362.016902,100029,100015,8,1,7,4,3
Chentang Zhuang,Dongli Culture and Sports Centre,9362.016902,100015,100029,6,1,5,5,0
Bianxing,Jinwan Square,9360.037866,100009,100078,176,35,141,110,31
Jinwan Square,Bianxing,9360.037866,100078,100009,156,33,123,78,45
Dongli Yijing Road,Shaliu South Road,9359.817385,100033,100116,17,1,16,11,5
Shaliu South Road,Dongli Yijing Road,9359.817385,100116,100033,14,2,12,9,3
Tucheng,Shaliu South Road,9359.120491,100140,100116,145,24,121,86,35
Shaliu South Road,Tucheng,9359.120491,100116,100140,139,21,118,86,32
Lushui Road,Sports Centre,9358.221428,100093,100126,70,14,56,39,17
Sports Centre,Lushui Road,9358.221428,100126,100093,63,15,48,16,32
Xiangshan Road,Dawang Zhuang,9357.629935,100151,100023,52,7,45,32,13
Dawang Zhuang,Xiangshan Road,9357.629935,100023,100151,38,7,31,12,19
JinZhong River Street,Anshan Road,9354.65315,100079,100002,577,112,465,299,166
Anshan Road,JinZhong River Street,9354.65315,100002,100079,499,103,396,182,214
Water Park Road East,Jinwan Square,9352.23185,100147,100078,192,86,106,65,41
Jinwan Square,Water Park Road East,9352.23185,100078,100147,189,51,138,55,83
Fangshan Road,Dongli Sanjing Road,9350.559258,100038,100032,39,2,37,36,1
Dongli Sanjing Road,Fangshan Road,9350.559258,100032,100038,31,3,28,22,6
Fangshan Road,Jin Street,9349.800337,100038,100070,127,19,108,81,27
Jin Street,Fangshan Road,9349.800337,100070,100038,126,17,109,64,45
Jin Street,Laoshan Road,9349.719139,100070,100082,167,30,137,83,54
Laoshan Road,Jin Street,9349.719139,100082,100070,151,26,125,84,41
Wujiayao,Changling Road,9348.876497,100150,100013,121,20,101,64,37
Changling Road,Wujiayao,9348.876497,100013,100150,106,15,91,67,24
Nanlou,Jiangwan Erzhi Road,9347.993473,100102,100065,36,5,31,16,15
Jiangwan Erzhi Road,Nanlou,9347.993473,100065,100102,17,3,14,10,4
Number Two Bridge,Jinwan Square,9346.633565,100110,100078,237,45,192,168,24
Jinwan Square,Number Two Bridge,9346.633565,100078,100110,218,40,178,116,62
Dongli Liujing Road,Liulin Road,9345.618316,100031,100089,4,1,3,2,1
Liulin Road,Dongli Liujing Road,9345.618316,100089,100031,4,2,2,0,2
Yingfeng Road,Jintang Road,9344.295516,100173,100077,212,41,171,123,48
Jintang Road,Yingfeng Road,9344.295516,100077,100173,180,33,147,89,58
Tianjin Station,JinZhong Street,9343.850326,100135,100080,669,211,458,183,275
JinZhong Street,Tianjin Station,9343.850326,100080,100135,540,174,366,189,177
Changling Road,Huashan Li,9343.611118,100013,100060,17,2,15,12,3
Huashan Li,Changling Road,9343.611118,100060,100013,15,2,13,7,6
Beining Park,Nansun Zhuang,9342.392887,100006,100103,17,1,16,5,11
Nansun Zhuang,Beining Park,9342.392887,100103,100006,9,0,9,3,6
Jianchang Road,Nanlou,9342.034212,100063,100102,124,14,110,79,31
Nanlou,Jianchang Road,9342.034212,100102,100063,117,17,100,70,30
Chenglin Road,Xueyuan North Road,9341.061863,100014,100165,6,0,6,1,5
Xueyuan North Road,Chenglin Road,9341.061863,100165,100014,3,0,3,0,3
Tianshili,Northwest Corner,9339.2987,100136,100109,134,23,111,74,37
Northwest Corner,Tianshili,9339.2987,100109,100136,128,20,108,50,58
Yudongcheng,Zhaoyuan Road,9338.613902,100180,100186,76,20,56,38,18
Zhaoyuan Road,Yudongcheng,9338.613902,100186,100180,71,14,57,43,14
Jinnan Campus of Nankai University,Lushui Road,9338.183312,100075,100093,309,115,194,115,79
Lushui Road,Jinnan Campus of Nankai University,9338.183312,100093,100075,268,82,186,93,93
Lijiang Road,Tucheng,9337.57647,100085,100140,57,15,42,28,14
Tucheng,Lijiang Road,9337.57647,100140,100085,46,8,38,17,21
Honghu Li,Cao Zhuang,9336.181177,100055,100011,753,296,457,224,233
Cao Zhuang,Honghu Li,9336.181177,100011,100055,685,256,429,240,189
Nanlou,People's Hospital,9333.281935,100102,100111,150,21,129,79,50
People's Hospital,Nanlou,9333.281935,100111,100102,136,17,119,65,54
Yuanyang International Centre,Liaohe North Road,9333.122262,100179,100084,132,37,95,67,28
Liaohe North Road,Yuanyang International Centre,9333.122262,100084,100179,100,27,73,56,17
North Station,Beichen Road,9332.462813,100108,100005,164,29,135,92,43
Beichen Road,North Station,9332.462813,100005,100108,158,23,135,93,42
Taichang Road,Yixingbu,9332.359104,100128,100175,257,72,185,114,71
Yixingbu,Taichang Road,9332.359104,100175,100128,219,49,170,115,55
Fuxing Gate,Meijiang Road,9327.179481,100041,100097,12,2,10,9,1
Meijiang Road,Fuxing Gate,9327.179481,100097,100041,12,4,8,4,4
Bianxing,Yingfeng Road,9324.564309,100009,100173,134,33,101,70,31
Yingfeng Road,Bianxing,9324.564309,100173,100009,134,27,107,63,44
Anshan West Road,Xuzhou Road,9323.641349,100003,100167,83,10,73,53,20
Xuzhou Road,Anshan West Road,9323.641349,100167,100003,78,9,69,50,19
Yingfeng Road,Tucheng,9321.946061,100173,100140,85,17,68,48,20
Tucheng,Yingfeng Road,9321.946061,100140,100173,63,10,53,28,25
Shaliu South Road,Jiangwan Erzhi Road,9321.11696,100116,100065,83,12,71,50,21
Jiangwan Erzhi Road,Shaliu South Road,9321.11696,100065,100116,54,11,43,32,11
Honghu Li,Shiyijing Road,9319.212314,100055,100117,223,37,186,153,33
Shiyijing Road,Honghu Li,9319.212314,100117,100055,208,42,166,115,51
Jintang Road,Lijiang Road,9318.850213,100077,100085,29,3,26,12,14
Lijiang Road,Jintang Road,9318.850213,100085,100077,26,5,21,15,6
Dongxing Road,Dengzhou Road,9318.079419,100035,100024,121,23,98,65,33
Dengzhou Road,Dongxing Road,9318.079419,100024,100035,104,17,87,66,21
Nanlou,Xuelian South Road,9316.350126,100102,100164,25,5,20,12,8
Xuelian South Road,Nanlou,9316.350126,100164,100102,11,1,10,8,2
Zhigu,Anshan West Road,9315.955955,100188,100003,220,36,184,127,57
Anshan West Road,Zhigu,9315.955955,100003,100188,198,40,158,101,57
Yueya River,People's Hospital,9315.661284,100182,100111,322,68,254,174,80
People's Hospital,Yueya River,9315.661284,100111,100182,311,86,225,120,105
Lingbin Road,Chentang Zhuang,9315.526593,100087,100015,81,15,66,47,19
Chentang Zhuang,Lingbin Road,9315.526593,100015,100087,73,9,64,47,17
JinZhong River Street,Xikang Road,9315.500733,100079,100158,569,102,467,364,103
Xikang Road,JinZhong River Street,9315.500733,100158,100079,470,88,382,262,120
Xinkai River,Taichang Road,9312.222376,100160,100128,98,18,80,52,28
Taichang Road,Xinkai River,9312.222376,100128,100160,83,26,57,27,30
Minquan Gate,Anshan West Road,9309.992452,100099,100003,470,100,370,275,95
Anshan West Road,Minquan Gate,9309.992452,100003,100099,403,90,313,184,129
Tiantuo,Meijiang Exhibition Centre,9309.023753,100138,100095,233,65,168,118,50
Meijiang Exhibition Centre,Tiantuo,9309.023753,100095,100138,212,62,150,108,42
Tianjin Station,Benxi Road,9308.241534,100135,100008,1014,390,624,280,344
Benxi Road,Tianjin Station,9308.241534,100008,100135,835,278,557,274,283
Jingjiang Road,Hangshuang Road,9307.269449,100072,100051,76,10,66,45,21
Hangshuang Road,Jingjiang Road,9307.269449,100051,100072,73,6,67,51,16
Taichang Road,Dongjiang Road,9305.006349,100128,100028,23,7,16,10,6
Dongjiang Road,Taichang Road,9305.006349,100028,100128,18,3,15,7,8
Xueyuan North Road,Hangshuang Road,9300.914731,100165,100051,12,3,9,6,3
Hangshuang Road,Xueyuan North Road,9300.914731,100051,100165,8,1,7,4,3
Jianguo Road,Second hospital of the Medical University,9300.77482,100064,100115,121,21,100,61,39
Second hospital of the Medical University,Jianguo Road,9300.77482,100115,100064,113,14,99,73,26
Jiangwan Erzhi Road,Zhou and Deng Memorial Museum,9299.960892,100065,100191,3,0,3,1,2
Zhou and Deng Memorial Museum,Jiangwan Erzhi Road,9299.960892,100191,100065,2,1,1,0,1
Chenglin Road,Bei Zhulin,9299.039531,100014,100004,28,6,22,19,3
Bei Zhulin,Chenglin Road,9299.039531,100004,100014,14,3,11,9,2
Xiawafang,Lushui Road,9298.883736,100157,100093,298,59,239,128,111
Lushui Road,Xiawafang,9298.883736,100093,100157,271,53,218,143,75
Nanlou,Longhan Road,9298.130559,100102,100092,83,9,74,56,18
Longhan Road,Nanlou,9298.130559,100092,100102,79,9,70,60,10
Xiawafang,Beining Park,9297.896585,100157,100006,304,89,215,122,93
Beining Park,Xiawafang,9297.896585,100006,100157,293,79,214,128,86
Hangshuang Road,Cuifu New Village,9297.593402,100051,100019,29,5,24,14,10
Cuifu New Village,Hangshuang Road,9297.593402,100019,100051,20,3,17,14,3
Xunhai Road,Wanshan Road,9295.489904,100166,100146,8,0,8,2,6
Wanshan Road,Xunhai Road,9295.489904,100146,100166,6,0,6,6,0
Wandong Road,Zhongshan Road,9295.250259,100144,100190,62,14,48,36,12
Zhongshan Road,Wandong Road,9295.250259,100190,100144,51,11,40,21,19
Weishan Road,Southwest Tower,9295.225747,100148,100125,6,1,5,3,2
Southwest Tower,Weishan Road,9295.225747,100125,100148,6,1,5,3,2
Yihao Bridge,Jinshi Bridge,9295.082045,100172,100076,162,29,133,83,50
Jinshi Bridge,Yihao Bridge,9295.082045,100076,100172,162,44,118,89,29
Chentang Zhuang,Shaliu South Road,9294.593734,100015,100116,46,8,38,23,15
Shaliu South Road,Chentang Zhuang,9294.593734,100116,100015,37,3,34,28,6
North Station,Yudongcheng,9293.709943,100108,100180,443,246,197,94,103
Yudongcheng,North Station,9293.709943,100180,100108,405,61,344,152,192
Zhigu,Bei Zhulin,9292.247715,100188,100004,17,4,13,10,3
Bei Zhulin,Zhigu,9292.247715,100004,100188,15,3,12,12,0
Erwei Road,Huayuan,9291.250056,100036,100061,554,83,471,335,136
Huayuan,Erwei Road,9291.250056,100061,100036,475,65,410,282,128
Foreign Languages High School,Cultural centre,9291.046597,100040,100020,150,21,129,111,18
Cultural centre,Foreign Languages High School,9291.046597,100020,100040,122,23,99,86,13
Lilou,Nanlou,9287.926319,100086,100102,1523,142,1381,1092,289
Nanlou,Lilou,9287.926319,100102,100086,1395,148,1247,816,431
Professional University,North China Group,9286.554995,100112,100107,402,167,235,157,78
North China Group,Professional University,9286.554995,100107,100112,354,184,170,68,102
Meijiang Park,Huayuan,9284.88704,100096,100061,100,21,79,55,24
Huayuan,Meijiang Park,9284.88704,100061,100096,73,6,67,56,11
Huayuan,Xiawafang,9284.673245,100061,100157,1035,113,922,692,230
Xiawafang,Huayuan,9284.673245,100157,100061,1034,131,903,709,194
Jianshan Road,Yuanyang International Centre,9283.349965,100066,100179,53,13,40,16,24
Yuanyang International Centre,Jianshan Road,9283.349965,100179,100066,33,10,23,7,16
Tian Tower,Second hospital of the Medical University,9283.32131,100133,100115,158,61,97,35,62
Second hospital of the Medical University,Tian Tower,9283.32131,100115,100133,128,38,90,53,37
Northwest Corner,Yixingbu North,9283.109328,100109,100176,172,44,128,74,54
Yixingbu North,Northwest Corner,9283.109328,100176,100109,147,34,113,76,37
Southwest Tower,Shuanglin,9282.657352,100125,100119,356,61,295,180,115
Shuanglin,Southwest Tower,9282.657352,100119,100125,341,45,296,234,62
Fuxing Gate,Tianjin Station,9282.149529,100041,100135,801,228,573,364,209
Tianjin Station,Fuxing Gate,9282.149529,100135,100041,760,267,493,218,275
Wanshan Road,Yingkou Road,9281.384638,100146,100174,73,20,53,37,16
Yingkou Road,Wanshan Road,9281.384638,100174,100146,73,21,52,36,16
Tiantai Road,Wujiayao,9277.226259,100137,100150,291,45,246,189,57
Wujiayao,Tiantai Road,9277.226259,100150,100137,242,30,212,147,65
Jin Street,Jiayuan Li,9275.132776,100070,100067,285,56,229,99,130
Jiayuan Li,Jin Street,9275.132776,100067,100070,267,60,207,141,66
Jieyuan West Road,Jinshi Bridge,9274.682995,100069,100076,238,45,193,123,70
Jinshi Bridge,Jieyuan West Road,9274.682995,100076,100069,200,45,155,96,59
Heping Road,Benxi Road,9274.661304,100053,100008,1773,647,1126,482,644
Benxi Road,Heping Road,9274.661304,100008,100053,1195,414,781,499,282
Youyi South Road,Xiawafang,9273.947927,100178,100157,15,2,13,2,11
Xiawafang,Youyi South Road,9273.947927,100157,100178,11,1,10,5,5
Minquan Gate,Xianyang Road,9273.167617,100099,100153,151,30,121,86,35
Xianyang Road,Minquan Gate,9273.167617,100153,100099,131,21,110,71,39
Huanyu Road,Changling Road,9271.566639,100059,100013,31,8,23,17,6
Changling Road,Huanyu Road,9271.566639,100013,100059,22,4,18,16,2
Chenglin Road,Dabi Zhuang,9269.553562,100014,100021,200,42,158,105,53
Dabi Zhuang,Chenglin Road,9269.553562,100021,100014,198,40,158,122,36
Jiangwan Erzhi Road,Meijiang Exhibition Centre,9268.756088,100065,100095,6,1,5,5,0
Second hospital of the Medical University,Xuzhou Road,9268.678084,100115,100167,6,1,5,5,0
Xuzhou Road,Second hospital of the Medical University,9268.678084,100167,100115,4,4,0,0,0
Beining Park,Dongxing Road,9267.191312,100006,100035,58,5,53,43,10
Dongxing Road,Beining Park,9267.191312,100035,100006,54,5,49,37,12
JinZhong Street,Liaohe North Road,9267.008898,100080,100084,60,13,47,37,10
Liaohe North Road,JinZhong Street,9267.008898,100084,100080,49,12,37,20,17
Tucheng,Zhongshan Road,9265.539179,100140,100190,696,132,564,373,191
Zhongshan Road,Tucheng,9265.539179,100190,100140,662,120,542,340,202
Heping Road,Sports Centre,9264.970038,100053,100126,185,67,118,66,52
Sports Centre,Heping Road,9264.970038,100126,100053,141,41,100,62,38
Nanlou,Xinkai River,9264.00455,100102,100160,32,8,24,15,9
Xinkai River,Nanlou,9264.00455,100160,100102,23,6,17,10,7
Liaohe North Road,Shunchi Bridge,9263.96724,100084,100120,61,13,48,26,22
Shunchi Bridge,Liaohe North Road,9263.96724,100120,100084,54,9,45,28,17
Second hospital of the Medical University,Huashan Li,9263.650572,100115,100060,39,13,26,19,7
Huashan Li,Second hospital of the Medical University,9263.650572,100060,100115,20,5,15,11,4
Yingfeng Road,Liuwei Road,9262.346623,100173,100090,8,2,6,0,6
Liuwei Road,Yingfeng Road,9262.346623,100090,100173,5,0,5,4,1
Fangshan Road,Yingkou Road,9261.679812,100038,100174,170,33,137,93,44
Yingkou Road,Fangshan Road,9261.679812,100174,100038,151,42,109,61,48
Cuifu New Village,Jianshan Road,9260.460099,100019,100066,24,6,18,13,5
Jianshan Road,Cuifu New Village,9260.460099,100066,100019,20,2,18,12,6
Nanlou,Wanshan Road,9258.77344,100102,100146,21,2,19,15,4
Wanshan Road,Nanlou,9258.77344,100146,100102,12,7,5,5,0
Liuwei Road,Jianshan Road,9256.768823,100090,100066,5,0,5,2,3
Jianshan Road,Liuwei Road,9256.768823,100066,100090,5,0,5,4,1
Fuxing Gate,Xunhai Road,9256.605634,100041,100166,1,0,1,1,0
Xuzhuangzi,Liuwei Road,9256.40873,100168,100090,5,2,3,0,3
Liuwei Road,Xuzhuangzi,9256.40873,100090,100168,2,1,1,0,1
Shunchi Bridge,Second hospital of the Medical University,9255.972267,100120,100115,62,8,54,45,9
Second hospital of the Medical University,Shunchi Bridge,9255.972267,100115,100120,57,10,47,28,19
Nanlou,Anshan West Road,9255.552892,100102,100003,71,8,63,36,27
Anshan West Road,Nanlou,9255.552892,100003,100102,58,10,48,23,25
Northwest Corner,Siyuan Road,9253.640127,100109,100121,66,16,50,14,36
Siyuan Road,Northwest Corner,9253.640127,100121,100109,63,17,46,21,25
Wangdingdi,Nanlou,9250.899393,100145,100102,179,27,152,107,45
Nanlou,Wangdingdi,9250.899393,100102,100145,129,23,106,64,42
Dongli Culture and Sports Centre,Wandong Road,9249.24083,100029,100144,19,4,15,8,7
Wandong Road,Dongli Culture and Sports Centre,9249.24083,100144,100029,17,6,11,8,3
Siyuan Road,Dengzhou Road,9248.45249,100121,100024,23,7,16,10,6
Dengzhou Road,Siyuan Road,9248.45249,100024,100121,14,3,11,7,4
Xinli,Zhigu,9246.155574,100161,100188,593,117,476,327,149
Zhigu,Xinli,9246.155574,100188,100161,576,96,480,317,163
University of Civil Aviation,Chenglin Road,9245.186739,100142,100014,408,118,290,171,119
Chenglin Road,University of Civil Aviation,9245.186739,100014,100142,354,109,245,124,121
Heping Road,Xuzhuangzi,9244.169429,100053,100168,214,58,156,68,88
Xuzhuangzi,Heping Road,9244.169429,100168,100053,180,40,140,68,72
Jieyuan West Road,Dawang Zhuang,9243.642704,100069,100023,235,52,183,126,57
Dawang Zhuang,Jieyuan West Road,9243.642704,100023,100069,206,36,170,111,59
Anshan West Road,Meijiang Park,9242.463763,100003,100096,175,20,155,113,42
Meijiang Park,Anshan West Road,9242.463763,100096,100003,159,32,127,89,38
Jintang Road,Huanyu Road,9241.327174,100077,100059,3,2,1,0,1
Huanyu Road,Jintang Road,9241.327174,100059,100077,1,0,1,0,1
Fangshan Road,Nanlou,9239.068614,100038,100102,122,15,107,90,17
Nanlou,Fangshan Road,9239.068614,100102,100038,106,15,91,58,33
Yudongcheng,The Financial University,9238.89639,100180,100132,1023,240,783,459,324
The Financial University,Yudongcheng,9238.89639,100132,100180,797,185,612,405,207
Weishan Road,Xiaobailou,9238.701924,100148,100154,49,15,34,22,12
Xiaobailou,Weishan Road,9238.701924,100154,100148,27,10,17,3,14
Southeast Corner,Dengzhou Road,9238.570588,100123,100024,942,279,663,412,251
Dengzhou Road,Southeast Corner,9238.570588,100024,100123,926,283,643,466,177
Fuxing Road,Jingjiang Road,9237.762834,100042,100072,57,11,46,33,13
Jingjiang Road,Fuxing Road,9237.762834,100072,100042,49,9,40,18,22
Yizhongxin Hospital,Zhongshan Road,9237.629338,100177,100190,84,18,66,48,18
Zhongshan Road,Yizhongxin Hospital,9237.629338,100190,100177,84,22,62,35,27
Nanzhu Bridge,Dengzhou South Road,9237.504167,100104,100025,93,7,86,63,23
Dengzhou South Road,Nanzhu Bridge,9237.504167,100025,100104,78,10,68,49,19
Zhigu,Dongting Road,9237.013185,100188,100034,30,2,28,14,14
Dongting Road,Zhigu,9237.013185,100034,100188,23,0,23,16,7
Chinese Medicine First Affiliated Hospital,Tucheng,9236.650631,100016,100140,381,77,304,175,129
Tucheng,Chinese Medicine First Affiliated Hospital,9236.650631,100140,100016,331,68,263,162,101
Zhongshan Road,Cultural centre,9235.462388,100190,100020,174,62,112,64,48
Cultural centre,Zhongshan Road,9235.462388,100020,100190,156,54,102,62,40
Xiaobailou,Minquan Gate,9233.521711,100154,100099,263,89,174,111,63
Minquan Gate,Xiaobailou,9233.521711,100099,100154,242,77,165,117,48
Lijiang Road,Jinmao Industrial Area,9227.762473,100085,100074,53,13,40,24,16
Jinmao Industrial Area,Lijiang Road,9227.762473,100074,100085,43,14,29,20,9
Minquan Gate,Professional University,9227.3676,100099,100112,141,60,81,29,52
Professional University,Minquan Gate,9227.3676,100112,100099,135,60,75,37,38
Bei Zhulin,Jianshan Road,9226.387163,100004,100066,51,4,47,37,10
Jianshan Road,Bei Zhulin,9226.387163,100066,100004,43,10,33,25,8
Fuxing Gate,Lijiang Road,9225.329866,100041,100085,31,5,26,16,10
Lijiang Road,Fuxing Gate,9225.329866,100085,100041,24,3,21,17,4
Jianshan Road,Xinkai River,9225.22382,100066,100160,34,2,32,22,10
Xinkai River,Jianshan Road,9225.22382,100160,100066,26,2,24,19,5
Tianshili,Southeast Corner,9224.044372,100136,100123,190,51,139,111,28
Southeast Corner,Tianshili,9224.044372,100123,100136,169,48,121,57,64
Leyuan Road,Jinshi Bridge,9222.820757,100083,100076,47,25,22,15,7
Jinshi Bridge,Leyuan Road,9222.820757,100076,100083,30,17,13,6,7
Zhongshan Gate,Shaliu South Road,9220.854595,100189,100116,19,4,15,4,11
Shaliu South Road,Zhongshan Gate,9220.854595,100116,100189,16,5,11,11,0
Erwei Road,Nancuiping,9220.638479,100036,100100,69,26,43,27,16
Nancuiping,Erwei Road,9220.638479,100100,100036,57,18,39,31,8
Liuwei Road,Hangshuang Road,9220.547286,100090,100051,105,5,100,81,19
Hangshuang Road,Liuwei Road,9220.547286,100051,100090,100,7,93,70,23
Liuwei Road,Yihao Bridge,9220.372983,100090,100172,2,1,1,0,1
Jianshan Road,Xingfu Park,9219.882714,100066,100159,115,23,92,63,29
Xingfu Park,Jianshan Road,9219.882714,100159,100066,108,12,96,59,37
Leyuan Road,Gulou,9219.58204,100083,100045,171,86,85,37,48
Gulou,Leyuan Road,9219.58204,100045,100083,100,53,47,18,29
Tianjin Station,Tumour Hospital,9219.014538,100135,100141,3162,621,2541,1160,1381
Tumour Hospital,Tianjin Station,9219.014538,100141,100135,2849,391,2458,783,1675
Dongli Development Zone,Junliangcheng,9218.628585,100030,100081,1199,271,928,638,290
Junliangcheng,Dongli Development Zone,9218.628585,100081,100030,1171,275,896,642,254
Airport Economic Zone,Xingfu Park,9218.372378,100001,100159,382,70,312,171,141
Xingfu Park,Airport Economic Zone,9218.372378,100159,100001,366,66,300,228,72
Tiantuo,Yutai,9218.316842,100138,100183,31,4,27,19,8
Yutai,Tiantuo,9218.316842,100183,100138,22,4,18,14,4
Fangshan Road,Tianjin Station,9215.712515,100038,100135,205,66,139,110,29
Tianjin Station,Fangshan Road,9215.712515,100135,100038,199,64,135,78,57
Nancuiping,Gulou,9215.38549,100100,100045,340,137,203,98,105
Gulou,Nancuiping,9215.38549,100045,100100,273,101,172,81,91
Shuanglin,Xiaobailou,9210.714824,100119,100154,3887,989,2898,2118,780
Xiaobailou,Shuanglin,9210.714824,100154,100119,3525,918,2607,1544,1063
Huashan Li,Wandong Road,9210.701868,100060,100144,15,3,12,8,4
Wandong Road,Huashan Li,9210.701868,100144,100060,8,1,7,7,0
Chentang Zhuang,Hongni River East,9208.685082,100015,100056,219,28,191,124,67
Hongni River East,Chentang Zhuang,9208.685082,100056,100015,187,27,160,109,51
Sports Centre,People's Hospital,9208.462318,100126,100111,54,18,36,10,26
People's Hospital,Sports Centre,9208.462318,100111,100126,44,18,26,13,13
Qinjian Road,Zhangxing Zhuang,9206.602105,100113,100185,16,2,14,9,5
Zhangxing Zhuang,Qinjian Road,9206.602105,100185,100113,8,0,8,8,0
Cultural centre,Chunhai Road,9205.546328,100020,100017,27,9,18,11,7
Chunhai Road,Cultural centre,9205.546328,100017,100020,25,8,17,10,7
Lingbin Road,Xikang Road,9205.386076,100087,100158,80,22,58,39,19
Xikang Road,Lingbin Road,9205.386076,100158,100087,73,18,55,23,32
Jianshan Road,Southwest corner,9205.198495,100066,100124,31,11,20,8,12
Southwest corner,Jianshan Road,9205.198495,100124,100066,23,10,13,7,6
Haiguang Temple,Meijiang Road,9204.125921,100048,100097,222,24,198,154,44
Meijiang Road,Haiguang Temple,9204.125921,100097,100048,204,27,177,158,19
Liuyuan,Southwest corner,9203.136984,100091,100124,3000,842,2158,1385,773
Southwest corner,Liuyuan,9203.136984,100124,100091,2938,753,2185,1261,924
Shiyijing Road,Laoshan Road,9200.542291,100117,100082,100,8,92,68,24
Laoshan Road,Shiyijing Road,9200.542291,100082,100117,80,8,72,50,22
Yihao Bridge,Anshan Road,9200.101776,100172,100002,264,52,212,151,61
Anshan Road,Yihao Bridge,9200.101776,100002,100172,205,58,147,93,54
Liuwei Road,Wangdingdi,9198.781732,100090,100145,14,4,10,8,2
Wangdingdi,Liuwei Road,9198.781732,100145,100090,9,0,9,8,1
Cao Zhuang,Jin Street,9197.872073,100011,100070,832,211,621,456,165
Jin Street,Cao Zhuang,9197.872073,100070,100011,788,221,567,305,262
Yuejin North Road,Xingfu Park,9197.056185,100181,100159,129,25,104,69,35
Xingfu Park,Yuejin North Road,9197.056185,100159,100181,98,25,73,46,27
Shiyijing Road,Nancuiping,9196.786807,100117,100100,121,24,97,80,17
Nancuiping,Shiyijing Road,9196.786807,100100,100117,115,21,94,86,8
Number Two Bridge,Yingkou Road,9195.663467,100110,100174,959,269,690,446,244
Yingkou Road,Number Two Bridge,9195.663467,100174,100110,934,267,667,340,327
Chunhai Road,Xunhai Road,9195.42647,100017,100166,10,2,8,8,0
Xunhai Road,Chunhai Road,9195.42647,100166,100017,7,1,6,6,0
Jiefang South Road,Xiaobailou,9191.65129,100068,100154,714,141,573,453,120
Xiaobailou,Jiefang South Road,9191.65129,100154,100068,712,127,585,409,176
Yueya River,Dengzhou South Road,9189.81297,100182,100025,79,14,65,41,24
Dengzhou South Road,Yueya River,9189.81297,100025,100182,72,16,56,32,24
Jieyuan West Road,Zhongshan Road,9189.580313,100069,100190,153,43,110,83,27
Zhongshan Road,Jieyuan West Road,9189.580313,100190,100069,147,29,118,62,56
People's Hospital,Jianshan Road,9188.728232,100111,100066,256,46,210,112,98
Jianshan Road,People's Hospital,9188.728232,100066,100111,225,40,185,122,63
Heping Road,Zuojiang Road,9188.654999,100053,100192,183,38,145,78,67
Zuojiang Road,Heping Road,9188.654999,100192,100053,170,19,151,117,34
Nancuiping,Meilin Road,9188.613561,100100,100098,187,54,133,80,53
Meilin Road,Nancuiping,9188.613561,100098,100100,183,63,120,73,47
Jingjiang Road,People's Hospital,9187.622296,100072,100111,248,41,207,135,72
People's Hospital,Jingjiang Road,9187.622296,100111,100072,200,45,155,61,94
Fuxing Gate,Taichang Road,9186.827042,100041,100128,127,38,89,54,35
Taichang Road,Fuxing Gate,9186.827042,100128,100041,106,36,70,46,24
Jinwan Square,Meijiang Road,9186.128508,100078,100097,43,10,33,13,20
Meijiang Road,Jinwan Square,9186.128508,100097,100078,41,12,29,14,15
Jianshan Road,Tian Tower,9185.23302,100066,100133,57,28,29,15,14
Tian Tower,Jianshan Road,9185.23302,100133,100066,55,26,29,13,16
Yihao Bridge,Jianshan Road,9184.157007,100172,100066,21,2,19,8,11
Jianshan Road,Yihao Bridge,9184.157007,100066,100172,17,3,14,11,3
Foreign Languages High School,Jintang Road,9183.227694,100040,100077,42,5,37,22,15
Jintang Road,Foreign Languages High School,9183.227694,100077,100040,40,1,39,21,18
Zhangxing Zhuang,Anshan Road,9182.190401,100185,100002,293,67,226,171,55
Anshan Road,Zhangxing Zhuang,9182.190401,100002,100185,279,61,218,122,96
Zuojiang Road,Xikang Road,9182.010716,100192,100158,82,20,62,43,19
Xikang Road,Zuojiang Road,9182.010716,100158,100192,68,16,52,36,16
Weishan Road,Zhigu,9181.29841,100148,100188,7,0,7,5,2
Zhigu,Weishan Road,9181.29841,100188,100148,6,0,6,4,2
Professional University,Yueya River,9181.098371,100112,100182,295,74,221,139,82
Yueya River,Professional University,9181.098371,100182,100112,280,61,219,112,107
Shiyijing Road,Dengzhou South Road,9179.727846,100117,100025,20,2,18,8,10
Dengzhou South Road,Shiyijing Road,9179.727846,100025,100117,13,2,11,8,3
Leyuan Road,JinZhong River Street,9179.71848,100083,100079,42,20,22,10,12
JinZhong River Street,Leyuan Road,9179.71848,100079,100083,30,16,14,9,5
Jinmao Industrial Area,Tucheng,9179.314552,100074,100140,38,5,33,30,3
Tucheng,Jinmao Industrial Area,9179.314552,100140,100074,24,3,21,17,4
People's Hospital,Southwest Tower,9178.860787,100111,100125,199,31,168,121,47
Southwest Tower,People's Hospital,9178.860787,100125,100111,197,34,163,124,39
Longhan Road,Xingfu Park,9178.403873,100092,100159,4,1,3,2,1
Xingfu Park,Longhan Road,9178.403873,100159,100092,3,1,2,2,0
Jianshan Road,Wandong Road,9177.582055,100066,100144,55,4,51,37,14
Wandong Road,Jianshan Road,9177.582055,100144,100066,48,4,44,34,10
Wandong Road,Xuzhuangzi,9177.221963,100144,100168,21,7,14,10,4
Xuzhuangzi,Wandong Road,9177.221963,100168,100144,20,5,15,6,9
Jintang Road,Tiedong Road,9177.091479,100077,100139,119,27,92,72,20
Tiedong Road,Jintang Road,9177.091479,100139,100077,118,31,87,33,54
Jieyuan West Road,Benxi Road,9176.843948,100069,100008,203,55,148,102,46
Benxi Road,Jieyuan West Road,9176.843948,100008,100069,176,43,133,82,51
Dongting Road,Nanlou,9176.610122,100034,100102,11,1,10,8,2
Nanlou,Dongting Road,9176.610122,100102,100034,9,2,7,3,4
Jianshan Road,West Station,9176.076041,100066,100149,346,110,236,165,71
West Station,Jianshan Road,9176.076041,100149,100066,317,99,218,70,148
Heping Road,Yihao Bridge,9174.720854,100053,100172,466,146,320,125,195
Yihao Bridge,Heping Road,9174.720854,100172,100053,379,129,250,149,101
Yibin Road,Meijiang Road,9172.741406,100171,100097,370,50,320,255,65
Meijiang Road,Yibin Road,9172.741406,100097,100171,328,41,287,204,83
Siyuan Road,Dongxing Road,9171.587723,100121,100035,31,2,29,28,1
Dongxing Road,Siyuan Road,9171.587723,100035,100121,13,1,12,10,2
South Station,Yingfeng Road,9171.359005,100122,100173,302,67,235,142,93
Yingfeng Road,South Station,9171.359005,100173,100122,279,66,213,133,80
Shaliu South Road,Jianguo Road,9169.732338,100116,100064,66,13,53,38,15
Jianguo Road,Shaliu South Road,9169.732338,100064,100116,64,16,48,28,20
Huayuan,Jin Street,9169.088947,100061,100070,136,27,109,72,37
Jin Street,Huayuan,9169.088947,100070,100061,122,32,90,40,50
Shunchi Bridge,Honghu Li,9168.844849,100120,100055,206,55,151,100,51
Honghu Li,Shunchi Bridge,9168.844849,100055,100120,181,42,139,107,32
Shuanglin,Zhigu,9168.730015,100119,100188,249,60,189,119,70
Zhigu,Shuanglin,9168.730015,100188,100119,235,51,184,118,66
Jintang Road,Chinese Medicine First Affiliated Hospital,9165.116455,100077,100016,516,117,399,214,185
Chinese Medicine First Affiliated Hospital,Jintang Road,9165.116455,100016,100077,496,105,391,178,213
People's Hospital,Tianjin Hotel,9164.748933,100111,100134,597,169,428,315,113
Tianjin Hotel,People's Hospital,9164.748933,100134,100111,558,158,400,261,139
Lilou,Donggu Road,9163.884941,100086,100026,179,34,145,88,57
Donggu Road,Lilou,9163.884941,100026,100086,154,42,112,61,51
North Station,Southwest Tower,9161.918734,100108,100125,141,38,103,65,38
Southwest Tower,North Station,9161.918734,100125,100108,124,20,104,66,38
Yueya River,Honghu Li,9161.818019,100182,100055,145,31,114,84,30
Honghu Li,Yueya River,9161.818019,100055,100182,141,32,109,71,38
Meijiang Exhibition Centre,Jintang Road,9161.671831,100095,100077,149,53,96,63,33
Jintang Road,Meijiang Exhibition Centre,9161.671831,100077,100095,147,58,89,65,24
Second hospital of the Medical University,Southeast Corner,9159.617565,100115,100123,161,33,128,100,28
Southeast Corner,Second hospital of the Medical University,9159.617565,100123,100115,139,40,99,58,41
Fuxing Road,Xuzhuangzi,9156.590712,100042,100168,63,8,55,36,19
Xuzhuangzi,Fuxing Road,9156.590712,100168,100042,60,13,47,32,15
Jinghe Road,Jianshan Road,9153.513136,100071,100066,192,34,158,130,28
Jianshan Road,Jinghe Road,9153.513136,100066,100071,162,31,131,77,54
Binhai International Airport,Cuifu New Village,9153.314463,100010,100019,376,122,254,92,162
Cuifu New Village,Binhai International Airport,9153.314463,100019,100010,323,114,209,100,109
Binhai International Airport,Xiangshan Road,9151.545543,100010,100151,92,33,59,19,40
Xiangshan Road,Binhai International Airport,9151.545543,100151,100010,62,13,49,18,31
Yixingbu North,Southeast Corner,9150.964399,100176,100123,219,73,146,88,58
Southeast Corner,Yixingbu North,9150.964399,100123,100176,196,69,127,45,82
Tucheng,Yaohuan Road,9150.125691,100140,100170,62,12,50,37,13
Yaohuan Road,Tucheng,9150.125691,100170,100140,54,6,48,27,21
Yingkou Road,The Financial University,9149.584514,100174,100132,5945,2152,3793,1529,2264
The Financial University,Yingkou Road,9149.584514,100132,100174,5919,2081,3838,2046,1792
Weishan Road,Yuejin North Road,9147.374201,100148,100181,40,11,29,19,10
Yuejin North Road,Weishan Road,9147.374201,100181,100148,34,9,25,19,6
Yangwu Zhuang,Tiantuo,9146.472417,100169,100138,145,16,129,104,25
Tiantuo,Yangwu Zhuang,9146.472417,100138,100169,140,17,123,87,36
Foreign Languages High School,Leyuan Road,9145.482033,100040,100083,78,24,54,35,19
Leyuan Road,Foreign Languages High School,9145.482033,100083,100040,68,21,47,35,12
Minquan Gate,Cultural centre,9144.544758,100099,100020,191,76,115,73,42
Cultural centre,Minquan Gate,9144.544758,100020,100099,171,71,100,52,48
Zhangxing Zhuang,Xikang Road,9141.421388,100185,100158,367,66,301,258,43
Xikang Road,Zhangxing Zhuang,9141.421388,100158,100185,322,62,260,177,83
Wandong Road,Yihao Bridge,9141.186215,100144,100172,8,7,1,0,1
Yihao Bridge,Wandong Road,9141.186215,100172,100144,7,2,5,3,2
Heping Road,Huashan Li,9140.430438,100053,100060,1858,480,1378,692,686
Huashan Li,Heping Road,9140.430438,100060,100053,1389,382,1007,729,278
Tumour Hospital,Southwest corner,9140.334716,100141,100124,438,84,354,179,175
Southwest corner,Tumour Hospital,9140.334716,100124,100141,390,69,321,205,116
Zhongshan Road,Hongqi South Road,9140.025408,100190,100057,579,117,462,265,197
Hongqi South Road,Zhongshan Road,9140.025408,100057,100190,566,112,454,274,180
Meijiang Exhibition Centre,Tucheng,9139.322376,100095,100140,29,16,13,10,3
Tucheng,Meijiang Exhibition Centre,9139.322376,100140,100095,27,8,19,9,10
Shunchi Bridge,Yihao Bridge,9136.065255,100120,100172,44,12,32,17,15
Yihao Bridge,Shunchi Bridge,9136.065255,100172,100120,31,12,19,8,11
Jingjiang Road,Bei Zhulin,9134.186559,100072,100004,12,3,9,4,5
Bei Zhulin,Jingjiang Road,9134.186559,100004,100072,5,2,3,1,2
Huashan Li,Xikang Road,9133.786155,100060,100158,742,133,609,447,162
Xikang Road,Huashan Li,9133.786155,100158,100060,667,119,548,386,162
Xuzhuangzi,Zhigu,9132.979137,100168,100188,65,13,52,37,15
Zhigu,Xuzhuangzi,9132.979137,100188,100168,46,7,39,28,11
Xiaodong Zhuang,Steel Tube Company,9132.292445,100156,100127,637,136,501,376,125
Steel Tube Company,Xiaodong Zhuang,9132.292445,100127,100156,503,135,368,234,134
Jintang Road,Yaohuan Road,9131.399434,100077,100170,47,15,32,22,10
Yaohuan Road,Jintang Road,9131.399434,100170,100077,41,14,27,19,8
The Financial University,Shiyijing Road,9130.174845,100132,100117,150,28,122,88,34
Shiyijing Road,The Financial University,9130.174845,100117,100132,142,28,114,83,31
Xuzhou Road,Yizhongxin Hospital,9129.082101,100167,100177,47,4,43,31,12
Yizhongxin Hospital,Xuzhou Road,9129.082101,100177,100167,39,3,36,35,1
Longhan Road,Dongli Liujing Road,9127.798096,100092,100031,73,12,61,48,13
Dongli Liujing Road,Longhan Road,9127.798096,100031,100092,65,6,59,43,16
Bei Zhulin,Zhou and Deng Memorial Museum,9127.576559,100004,100191,18,6,12,7,5
Zhou and Deng Memorial Museum,Bei Zhulin,9127.576559,100191,100004,16,6,10,3,7
Nancuiping,Jin Street,9125.855858,100100,100070,46,16,30,13,17
Jin Street,Nancuiping,9125.855858,100070,100100,36,11,25,19,6
Yuanyang International Centre,Jinmao Industrial Area,9125.807756,100179,100074,54,5,49,38,11
Jinmao Industrial Area,Yuanyang International Centre,9125.807756,100074,100179,51,1,50,34,16
Wujiayao,Foreign Languages High School,9125.757728,100150,100040,58,6,52,44,8
Foreign Languages High School,Wujiayao,9125.757728,100040,100150,58,7,51,40,11
North Station,Xiaodian,9125.45112,100108,100155,290,71,219,129,90
Xiaodian,North Station,9125.45112,100155,100108,281,69,212,136,76
Liaohe North Road,Jianguo Road,9124.82979,100084,100064,83,8,75,50,25
Jianguo Road,Liaohe North Road,9124.82979,100064,100084,66,10,56,40,16
The Financial University,Chinese Medicine First Affiliated Hospital,9124.647476,100132,100016,340,92,248,135,113
Chinese Medicine First Affiliated Hospital,The Financial University,9124.647476,100016,100132,326,84,242,88,154
Zhigu,Zhangxing Zhuang,9123.303718,100188,100185,174,31,143,100,43
Zhangxing Zhuang,Zhigu,9123.303718,100185,100188,167,28,139,96,43
Lushui Road,Water Park Road East,9122.993686,100093,100147,624,232,392,253,139
Water Park Road East,Lushui Road,9122.993686,100147,100093,563,183,380,202,178
JinZhong Street,Bei Zhulin,9122.443085,100080,100004,49,11,38,23,15
Bei Zhulin,JinZhong Street,9122.443085,100004,100080,44,10,34,23,11
Gulou,Yixingbu,9121.972175,100045,100175,644,193,451,218,233
Yixingbu,Gulou,9121.972175,100175,100045,622,180,442,253,189
Southeast Corner,Siyuan Road,9121.495198,100123,100121,93,24,69,42,27
Siyuan Road,Southeast Corner,9121.495198,100121,100123,91,25,66,45,21
University town,Cultural centre,9121.427501,100143,100020,849,375,474,248,226
Cultural centre,University town,9121.427501,100020,100143,798,339,459,250,209
Gulou,Zhicheng Road,9120.328761,100045,100187,355,110,245,102,143
Zhicheng Road,Gulou,9120.328761,100187,100045,330,98,232,133,99
Tiedong Road,Benxi Road,9118.229997,100139,100008,66,20,46,26,20
Benxi Road,Tiedong Road,9118.229997,100008,100139,39,12,27,15,12
Wandong Road,Xinxing Village,9115.583576,100144,100162,22,1,21,15,6
Xinxing Village,Wandong Road,9115.583576,100162,100144,20,1,19,11,8
Dongjiang Road,Youyi South Road,9114.843248,100028,100178,4,0,4,1,3
Youyi South Road,Dongjiang Road,9114.843248,100178,100028,1,1,0,0,0
Tiantai Road,Cultural centre,9112.511325,100137,100020,485,114,371,254,117
Cultural centre,Tiantai Road,9112.511325,100020,100137,397,104,293,194,99
Huaihe Road,Xuzhuangzi,9112.169756,100058,100168,27,3,24,23,1
Xuzhuangzi,Huaihe Road,9112.169756,100168,100058,21,3,18,14,4
Xiawafang,Dengzhou Road,9111.188037,100157,100024,571,71,500,328,172
Dengzhou Road,Xiawafang,9111.188037,100024,100157,536,86,450,323,127
Jinmao Industrial Area,Dongxing Road,9108.452665,100074,100035,2,0,2,0,2
Dongxing Road,Jinmao Industrial Area,9108.452665,100035,100074,1,0,1,0,1
Zhanggui Zhuang,Xiaobailou,9108.235361,100184,100154,518,122,396,263,133
Xiaobailou,Zhanggui Zhuang,9108.235361,100154,100184,434,84,350,205,145
Nanlou,Fuxing Road,9105.681546,100102,100042,71,17,54,31,23
Fuxing Road,Nanlou,9105.681546,100042,100102,63,14,49,35,14
Yudongcheng,Zhangxing Zhuang,9104.18063,100180,100185,195,29,166,110,56
Zhangxing Zhuang,Yudongcheng,9104.18063,100185,100180,184,27,157,120,37
Southwest Tower,Nanzhu Bridge,9102.306147,100125,100104,15,1,14,10,4
Nanzhu Bridge,Southwest Tower,9102.306147,100104,100125,12,4,8,7,1
Tiantai Road,Liuyuan,9098.728955,100137,100091,392,84,308,196,112
Liuyuan,Tiantai Road,9098.728955,100091,100137,354,80,274,185,89
Laoshan Road,Chunhai Road,9098.086028,100082,100017,127,12,115,102,13
Chunhai Road,Laoshan Road,9098.086028,100017,100082,102,15,87,59,28
West Station,Huayuan,9096.733694,100149,100061,975,283,692,252,440
Huayuan,West Station,9096.733694,100061,100149,663,164,499,253,246
Liqi Zhuang South,Weishan Road,9095.415354,100088,100148,28,2,26,21,5
Weishan Road,Liqi Zhuang South,9095.415354,100148,100088,25,4,21,18,3
Nancuiping,Jieyuan West Road,9094.14386,100100,100069,142,44,98,67,31
Jieyuan West Road,Nancuiping,9094.14386,100069,100100,133,31,102,79,23
Chenglin Road,Zhanggui Zhuang,9093.868336,100014,100184,264,66,198,138,60
Zhanggui Zhuang,Chenglin Road,9093.868336,100184,100014,244,62,182,135,47
Weishan Road,Gaozhuangzi,9092.397066,100148,100043,6,1,5,5,0
Gaozhuangzi,Weishan Road,9092.397066,100043,100148,1,1,0,0,0
Xuefu Industrial Area,Anshan West Road,9092.162155,100163,100003,431,26,405,342,63
Anshan West Road,Xuefu Industrial Area,9092.162155,100003,100163,397,28,369,317,52
Wandong Road,Chunhai Road,9090.61689,100144,100017,55,9,46,34,12
Chunhai Road,Wandong Road,9090.61689,100017,100144,53,6,47,34,13
Ruijing XinYuan,Guangkaisima Road,9090.1984,100114,100044,487,102,385,299,86
Guangkaisima Road,Ruijing XinYuan,9090.1984,100044,100114,460,88,372,251,121
Yingfeng Road,Yuanyang International Centre,9088.88091,100173,100179,180,48,132,91,41
Yuanyang International Centre,Yingfeng Road,9088.88091,100179,100173,139,34,105,61,44
Dongxing Road,Xiangshan Road,9088.221133,100035,100151,16,5,11,9,2
Xiangshan Road,Dongxing Road,9088.221133,100151,100035,10,3,7,5,2
Zhicheng Road,Xiawafang,9085.092508,100187,100157,653,138,515,337,178
Xiawafang,Zhicheng Road,9085.092508,100157,100187,629,134,495,283,212
Xiaobailou,Jieyuan West Road,9081.278276,100154,100069,940,187,753,487,266
Jieyuan West Road,Xiaobailou,9081.278276,100069,100154,905,188,717,502,215
Tumour Hospital,Taichang Road,9079.922284,100141,100128,634,160,474,225,249
Taichang Road,Tumour Hospital,9079.922284,100128,100141,541,126,415,218,197
Jianchang Road,Xiangshan Road,9077.030142,100063,100151,5,0,5,4,1
Xiangshan Road,Jianchang Road,9077.030142,100151,100063,5,2,3,2,1
Wanshan Road,Youyi South Road,9076.758106,100146,100178,65,16,49,34,15
Youyi South Road,Wanshan Road,9076.758106,100178,100146,30,9,21,10,11
Dongting Road,Changling Road,9076.60698,100034,100013,22,3,19,6,13
Changling Road,Dongting Road,9076.60698,100013,100034,18,4,14,9,5
Taichang Road,Number Two Bridge,9075.315178,100128,100110,73,23,50,21,29
Number Two Bridge,Taichang Road,9075.315178,100110,100128,53,18,35,24,11
Jianshan Road,Jianguo Road,9075.057493,100066,100064,22,5,17,5,12
Jianguo Road,Jianshan Road,9075.057493,100064,100066,11,6,5,2,3
Yuanyang International Centre,Qinjian Road,9074.936709,100179,100113,410,86,324,213,111
Qinjian Road,Yuanyang International Centre,9074.936709,100113,100179,409,76,333,217,116
Jingjiang Road,Huanyu Road,9074.603806,100072,100059,13,2,11,4,7
Huanyu Road,Jingjiang Road,9074.603806,100059,100072,12,4,8,3,5
Xiangshan Road,Shuanglin,9073.769859,100151,100119,110,26,84,65,19
Shuanglin,Xiangshan Road,9073.769859,100119,100151,104,25,79,60,19
Fangshan Road,Airport Economic Zone,9072.737139,100038,100001,108,14,94,81,13
Airport Economic Zone,Fangshan Road,9072.737139,100001,100038,78,17,61,44,17
Tiedong Road,Wujiayao,9072.26007,100139,100150,1353,218,1135,861,274
Wujiayao,Tiedong Road,9072.26007,100150,100139,1201,174,1027,686,341
Yuanyang International Centre,Chentang Zhuang,9072.121193,100179,100015,220,36,184,127,57
Chentang Zhuang,Yuanyang International Centre,9072.121193,100015,100179,199,34,165,123,42
Jianchang Road,Northwest Corner,9072.050476,100063,100109,125,45,80,50,30
Northwest Corner,Jianchang Road,9072.050476,100109,100063,120,33,87,46,41
Minquan Gate,Jianshan Road,9069.97233,100099,100066,41,9,32,19,13
Jianshan Road,Minquan Gate,9069.97233,100066,100099,37,5,32,24,8
Dongjiang Road,Yuejin North Road,9069.577789,100028,100181,5,0,5,5,0
Yuejin North Road,Dongjiang Road,9069.577789,100181,100028,2,0,2,1,1
Bei Zhulin,Tumour Hospital,9067.266555,100004,100141,143,35,108,75,33
Tumour Hospital,Bei Zhulin,9067.266555,100141,100004,143,57,86,40,46
Beining Park,Laoshan Road,9066.940931,100006,100082,55,9,46,24,22
Laoshan Road,Beining Park,9066.940931,100082,100006,42,11,31,19,12
Xuefu Industrial Area,Water Park Road East,9066.825033,100163,100147,160,22,138,110,28
Water Park Road East,Xuefu Industrial Area,9066.825033,100147,100163,135,19,116,79,37
Jingjiang Road,Number Two Bridge,9064.101101,100072,100110,157,27,130,94,36
Number Two Bridge,Jingjiang Road,9064.101101,100110,100072,153,24,129,99,30
Tiantai Road,North China Group,9063.972395,100137,100107,277,55,222,177,45
North China Group,Tiantai Road,9063.972395,100107,100137,261,68,193,153,40
Yixingbu,People's Hospital,9061.752178,100175,100111,192,44,148,102,46
People's Hospital,Yixingbu,9061.752178,100111,100175,190,44,146,78,68
Zhanggui Zhuang,Southwest Tower,9057.558421,100184,100125,621,102,519,418,101
Southwest Tower,Zhanggui Zhuang,9057.558421,100125,100184,585,97,488,350,138
North Station,Zhou and Deng Memorial Museum,9056.981977,100108,100191,177,69,108,43,65
Zhou and Deng Memorial Museum,North Station,9056.981977,100191,100108,139,51,88,50,38
Jingjiang Road,Fuxing Gate,9053.154659,100072,100041,215,43,172,124,48
Fuxing Gate,Jingjiang Road,9053.154659,100041,100072,209,41,168,107,61
Xianyang Road,Leyuan Road,9052.38795,100153,100083,248,82,166,108,58
Leyuan Road,Xianyang Road,9052.38795,100083,100153,232,70,162,78,84
Tiantai Road,Dabi Zhuang,9050.140955,100137,100021,322,86,236,129,107
Dabi Zhuang,Tiantai Road,9050.140955,100021,100137,300,77,223,159,64
Dabi Zhuang,Jinshi Bridge,9049.761193,100021,100076,229,47,182,120,62
Jinshi Bridge,Dabi Zhuang,9049.761193,100076,100021,222,44,178,109,69
Hongni River East,Chunhai Road,9049.658328,100056,100017,35,7,28,17,11
Chunhai Road,Hongni River East,9049.658328,100017,100056,25,3,22,12,10
Haihe East Road,Lijiang Road,9047.941668,100049,100085,2,0,2,1,1
Lijiang Road,Haihe East Road,9047.941668,100085,100049,1,0,1,1,0
Shiyijing Road,Jianchang Road,9047.002406,100117,100063,123,19,104,65,39
Jianchang Road,Shiyijing Road,9047.002406,100063,100117,122,19,103,84,19
Yueya River,Cultural centre,9045.520483,100182,100020,1038,320,718,482,236
Cultural centre,Yueya River,9045.520483,100020,100182,940,294,646,364,282
Jianshan Road,Xuzhou Road,9042.960757,100066,100167,4,1,3,3,0
Xuzhou Road,Jianshan Road,9042.960757,100167,100066,3,0,3,3,0
Anshan West Road,Jinshi Bridge,9042.873954,100003,100076,282,48,234,164,70
Jinshi Bridge,Anshan West Road,9042.873954,100076,100003,258,53,205,163,42
Jinwan Square,Liaohe North Road,9042.34309,100078,100084,193,27,166,119,47
Liaohe North Road,Jinwan Square,9042.34309,100084,100078,185,25,160,121,39
People's Hospital,Liuyuan,9040.963063,100111,100091,701,140,561,284,277
Liuyuan,People's Hospital,9040.963063,100091,100111,677,118,559,378,181
Jiefang South Road,Zhigu,9040.239796,100068,100188,297,54,243,157,86
Zhigu,Jiefang South Road,9040.239796,100188,100068,294,55,239,156,83
Jianshan Road,Huashan Li,9037.933245,100066,100060,4,0,4,0,4
Huashan Li,Jianshan Road,9037.933245,100060,100066,3,0,3,2,1
Dongxing Road,Zhou and Deng Memorial Museum,9035.484305,100035,100191,77,13,64,48,16
Zhou and Deng Memorial Museum,Dongxing Road,9035.484305,100191,100035,51,13,38,30,8
Tianjin Station,Nancuiping,9035.073245,100135,100100,318,87,231,118,113
Nancuiping,Tianjin Station,9035.073245,100100,100135,266,100,166,105,61
Tiantai Road,Leyuan Road,9033.962997,100137,100083,359,122,237,145,92
Leyuan Road,Tiantai Road,9033.962997,100083,100137,319,112,207,91,116
Anshan Road,Sports Centre,9031.597699,100002,100126,416,84,332,210,122
Sports Centre,Anshan Road,9031.597699,100126,100002,326,93,233,126,107
Zhangxing Zhuang,Xuzhou Road,9030.518788,100185,100167,151,21,130,95,35
Xuzhou Road,Zhangxing Zhuang,9030.518788,100167,100185,141,23,118,73,45
Jianshan Road,Shunchi Bridge,9030.25494,100066,100120,14,2,12,7,5
Shunchi Bridge,Jianshan Road,9030.25494,100120,100066,13,3,10,4,6
Minquan Gate,Guangkaisima Road,9029.554831,100099,100044,118,33,85,43,42
Guangkaisima Road,Minquan Gate,9029.554831,100044,100099,115,35,80,55,25
People's Hospital,Zhicheng Road,9027.845005,100111,100187,118,33,85,38,47
Zhicheng Road,People's Hospital,9027.845005,100187,100111,101,23,78,65,13
Tianjin Station,Huayuan,9027.691392,100135,100061,3191,768,2423,1265,1158
Huayuan,Tianjin Station,9027.691392,100061,100135,2584,601,1983,1134,849
Jinmao Industrial Area,Xiawafang,9024.01959,100074,100157,14,0,14,9,5
Xiawafang,Jinmao Industrial Area,9024.01959,100157,100074,11,0,11,9,2
Yingfeng Road,Jinshi Bridge,9023.819136,100173,100076,118,25,93,68,25
Jinshi Bridge,Yingfeng Road,9023.819136,100076,100173,105,29,76,45,31
Cuifu New Village,Dabi Zhuang,9023.809183,100019,100021,50,13,37,25,12
Dabi Zhuang,Cuifu New Village,9023.809183,100021,100019,40,11,29,18,11
University town,Yingkou Road,9013.879721,100143,100174,13622,6029,7593,3785,3808
Yingkou Road,University town,9013.879721,100174,100143,13192,6040,7152,2879,4273
Erwei Road,Zhongshan Gate,9013.512171,100036,100189,143,31,112,72,40
Zhongshan Gate,Erwei Road,9013.512171,100189,100036,137,30,107,80,27
Chenglin Road,Liulin Road,9013.219848,100014,100089,119,25,94,59,35
Liulin Road,Chenglin Road,9013.219848,100089,100014,106,20,86,37,49
Dawang Zhuang,Anshan West Road,9011.833663,100023,100003,212,35,177,128,49
Anshan West Road,Dawang Zhuang,9011.833663,100003,100023,200,30,170,122,48
Cuifu New Village,Chentang Zhuang,9009.999861,100019,100015,67,8,59,36,23
Chentang Zhuang,Cuifu New Village,9009.999861,100015,100019,61,12,49,25,24
North China Group,Xingfu Park,9006.031945,100107,100159,409,99,310,207,103
Xingfu Park,North China Group,9006.031945,100159,100107,396,80,316,184,132
Liuwei Road,Huanyu Road,9005.746217,100090,100059,1,0,1,0,1
Huanyu Road,Liuwei Road,9005.746217,100059,100090,1,0,1,0,1
Weishan Road,Tumour Hospital,9005.161289,100148,100141,121,22,99,70,29
Tumour Hospital,Weishan Road,9005.161289,100141,100148,88,8,80,36,44
Xiangshan Road,Xiawafang,9003.788057,100151,100157,71,8,63,40,23
Xiawafang,Xiangshan Road,9003.788057,100157,100151,64,12,52,38,14
Huayuan,Meijiang Road,9002.851239,100061,100097,390,49,341,260,81
Meijiang Road,Huayuan,9002.851239,100097,100061,379,40,339,250,89
Dongli Culture and Sports Centre,Nanzhu Bridge,9002.725691,100029,100104,67,10,57,36,21
Nanzhu Bridge,Dongli Culture and Sports Centre,9002.725691,100104,100029,49,12,37,28,9
Liuwei Road,Zhicheng Road,9002.414471,100090,100187,59,21,38,17,21
Zhicheng Road,Liuwei Road,9002.414471,100187,100090,44,12,32,13,19
Bei Zhulin,Nanlou,9002.10527,100004,100102,18,2,16,11,5
Nanlou,Bei Zhulin,9002.10527,100102,100004,9,0,9,3,6
Gulou,Ruijing XinYuan,9001.671112,100045,100114,1553,662,891,369,522
Ruijing XinYuan,Gulou,9001.671112,100114,100045,1345,603,742,344,398
Xingfu Park,Chentang Zhuang,9000.312066,100159,100015,430,50,380,292,88
Chentang Zhuang,Xingfu Park,9000.312066,100015,100159,419,60,359,233,126
Nancuiping,Yangwu Zhuang,8999.88816,100100,100169,56,17,39,19,20
Yangwu Zhuang,Nancuiping,8999.88816,100169,100100,55,8,47,36,11
Jinshi Bridge,Dengzhou Road,8999.436033,100076,100024,195,46,149,123,26
Dengzhou Road,Jinshi Bridge,8999.436033,100024,100076,184,45,139,92,47
Second hospital of the Medical University,Changhong Park,8999.313491,100115,100012,300,66,234,137,97
Changhong Park,Second hospital of the Medical University,8999.313491,100012,100115,271,70,201,123,78
Beining Park,Tiantuo,8995.476475,100006,100138,302,54,248,186,62
Tiantuo,Beining Park,8995.476475,100138,100006,266,45,221,151,70
Nanhe Zhuang,Zhongshan Road,8994.451508,100101,100190,67,19,48,23,25
Zhongshan Road,Nanhe Zhuang,8994.451508,100190,100101,57,23,34,22,12
Ruijing XinYuan,Erwei Road,8992.751533,100114,100036,1889,323,1566,1097,469
Erwei Road,Ruijing XinYuan,8992.751533,100036,100114,1819,297,1522,984,538
Nancuiping,Bei Zhulin,8991.914418,100100,100004,34,12,22,15,7
Bei Zhulin,Nancuiping,8991.914418,100004,100100,26,6,20,12,8
Anshan West Road,Tiedong Road,8991.664967,100003,100139,476,79,397,257,140
Tiedong Road,Anshan West Road,8991.664967,100139,100003,470,85,385,280,105
Xuefu Industrial Area,Tian Tower,8990.060679,100163,100133,556,94,462,340,122
Tian Tower,Xuefu Industrial Area,8990.060679,100133,100163,521,102,419,296,123
Liqi Zhuang South,Meijiang Park,8987.267983,100088,100096,1,0,1,0,1
Meijiang Park,Liqi Zhuang South,8987.267983,100096,100088,1,1,0,0,0
Shuanggang,Hehui South Road,8987.074784,100118,100052,549,166,383,176,207
Hehui South Road,Shuanggang,8987.074784,100052,100118,482,146,336,187,149
Chentang Zhuang,Liuwei Road,8986.560737,100015,100090,9,4,5,3,2
Liuwei Road,Chentang Zhuang,8986.560737,100090,100015,3,2,1,1,0
Wangdingdi,Yutai,8984.951592,100145,100183,4,0,4,3,1
Yutai,Wangdingdi,8984.951592,100183,100145,3,1,2,0,2
Xuzhou Road,Siyuan Road,8984.343667,100167,100121,63,14,49,27,22
Siyuan Road,Xuzhou Road,8984.343667,100121,100167,63,8,55,42,13
Jiangwan Erzhi Road,Tiantuo,8983.922653,100065,100138,21,6,15,8,7
Tiantuo,Jiangwan Erzhi Road,8983.922653,100138,100065,20,4,16,11,5
Yuanyang International Centre,JinZhong Street,8983.694073,100179,100080,315,85,230,127,103
JinZhong Street,Yuanyang International Centre,8983.694073,100080,100179,304,81,223,157,66
Honghu Li,Xiawafang,8983.305891,100055,100157,1517,370,1147,803,344
Xiawafang,Honghu Li,8983.305891,100157,100055,1456,308,1148,740,408
Wangdingdi,Yuanyang International Centre,8983.041097,100145,100179,113,24,89,71,18
Yuanyang International Centre,Wangdingdi,8983.041097,100179,100145,101,24,77,51,26
Tianjin Hotel,Chunhai Road,8981.812984,100134,100017,17,4,13,10,3
Chunhai Road,Tianjin Hotel,8981.812984,100017,100134,15,6,9,7,2
Dongli Liujing Road,Xueyuan North Road,8980.843357,100031,100165,132,22,110,71,39
Xueyuan North Road,Dongli Liujing Road,8980.843357,100165,100031,123,19,104,79,25
Wujiayao,Beining Park,8980.830749,100150,100006,290,41,249,152,97
Beining Park,Wujiayao,8980.830749,100006,100150,270,50,220,148,72
Nanlou,Jiefang South Road,8979.836733,100102,100068,82,21,61,24,37
Jiefang South Road,Nanlou,8979.836733,100068,100102,50,17,33,22,11
JinZhong River Street,Guoshan Road,8979.819239,100079,100047,43,4,39,24,15
Guoshan Road,JinZhong River Street,8979.819239,100047,100079,37,8,29,22,7
Wujiayao,Xingfu Park,8979.693185,100150,100159,154,31,123,90,33
Xingfu Park,Wujiayao,8979.693185,100159,100150,136,30,106,69,37
Jinmao Industrial Area,Heping Road,8977.521808,100074,100053,79,22,57,44,13
Heping Road,Jinmao Industrial Area,8977.521808,100053,100074,65,23,42,27,15
Steel Tube Company,Hujiayuan,8975.619775,100127,100062,299,76,223,141,82
Hujiayuan,Steel Tube Company,8975.619775,100062,100127,287,72,215,157,58
Huanyu Road,University of Civil Aviation,8975.611412,100059,100142,6,2,4,3,1
University of Civil Aviation,Huanyu Road,8975.611412,100142,100059,5,0,5,2,3
Fengchan River,Huaihe Road,8974.582639,100039,100058,12,2,10,6,4
Huaihe Road,Fengchan River,8974.582639,100058,100039,9,0,9,6,3
Leyuan Road,Zhongshan Road,8974.323309,100083,100190,44,21,23,9,14
Zhongshan Road,Leyuan Road,8974.323309,100190,100083,35,13,22,9,13
Liulin Road,Hangshuang Road,8973.072716,100089,100051,14,4,10,7,3
Hangshuang Road,Liulin Road,8973.072716,100051,100089,12,4,8,3,5
Chentang Zhuang,Yihao Bridge,8972.928235,100015,100172,19,0,19,15,4
Yihao Bridge,Chentang Zhuang,8972.928235,100172,100015,17,0,17,10,7
Lingbin Road,University town,8968.68488,100087,100143,70,30,40,20,20
University town,Lingbin Road,8968.68488,100143,100087,63,26,37,21,16
Dengzhou Road,Dawang Zhuang,8968.395742,100024,100023,257,47,210,169,41
Dawang Zhuang,Dengzhou Road,8968.395742,100023,100024,210,35,175,99,76
Jieyuan West Road,Zhou and Deng Memorial Museum,8967.962464,100069,100191,101,27,74,50,24
Zhou and Deng Memorial Museum,Jieyuan West Road,8967.962464,100191,100069,79,13,66,42,24
Foreign Languages High School,Chenglin Road,8965.951532,100040,100014,95,6,89,74,15
Chenglin Road,Foreign Languages High School,8965.951532,100014,100040,62,9,53,36,17
Xiangshan Road,Nanzhu Bridge,8964.588706,100151,100104,342,65,277,179,98
Nanzhu Bridge,Xiangshan Road,8964.588706,100104,100151,280,40,240,171,69
Zhongshan Gate,Wujiayao,8962.220552,100189,100150,271,46,225,174,51
Wujiayao,Zhongshan Gate,8962.220552,100150,100189,251,42,209,133,76
Haihe Education Zone,Dongting Road,8962.21918,100050,100034,10,1,9,3,6
Dongting Road,Haihe Education Zone,8962.21918,100034,100050,9,1,8,6,2
Cao Zhuang,Yizhongxin Hospital,8961.499246,100011,100177,759,150,609,446,163
Yizhongxin Hospital,Cao Zhuang,8961.499246,100177,100011,737,156,581,345,236
Southwest corner,JinZhong River Street,8960.915149,100124,100079,250,71,179,90,89
JinZhong River Street,Southwest corner,8960.915149,100079,100124,211,58,153,97,56
Shuanglin,Dengzhou South Road,8959.251008,100119,100025,18,10,8,6,2
Dengzhou South Road,Shuanglin,8959.251008,100025,100119,15,6,9,3,6
Yingkou Road,Changling Road,8957.889144,100174,100013,1896,535,1361,702,659
Changling Road,Yingkou Road,8957.889144,100013,100174,1860,550,1310,838,472
Xueyuan North Road,Jiangwan Erzhi Road,8957.382989,100165,100065,3,0,3,1,2
Jiangwan Erzhi Road,Xueyuan North Road,8957.382989,100065,100165,1,0,1,1,0
Heping Road,Xiangshan Road,8957.290275,100053,100151,395,121,274,136,138
Xiangshan Road,Heping Road,8957.290275,100151,100053,309,93,216,119,97
Zhangxing Zhuang,Nanhe Zhuang,8957.021029,100185,100101,35,10,25,22,3
Nanhe Zhuang,Zhangxing Zhuang,8957.021029,100101,100185,31,10,21,10,11
Leyuan Road,Nanzhu Bridge,8956.822839,100083,100104,3,2,1,0,1
Nanzhu Bridge,Leyuan Road,8956.822839,100104,100083,2,1,1,0,1
Bei Zhulin,Water Park Road East,8955.887587,100004,100147,92,37,55,35,20
Water Park Road East,Bei Zhulin,8955.887587,100147,100004,72,30,42,24,18
Zuojiang Road,Anshan Road,8955.28266,100192,100002,150,14,136,91,45
Anshan Road,Zuojiang Road,8955.28266,100002,100192,135,24,111,66,45
Minquan Gate,Erwei Road,8954.995945,100099,100036,193,45,148,116,32
Erwei Road,Minquan Gate,8954.995945,100036,100099,142,31,111,67,44
High-Tech Zone,Xikang Road,8954.952112,100054,100158,1365,215,1150,828,322
Xikang Road,High-Tech Zone,8954.952112,100158,100054,1310,195,1115,766,349
Wandong Road,Erwei Road,8954.214444,100144,100036,53,14,39,27,12
Erwei Road,Wandong Road,8954.214444,100036,100144,38,10,28,17,11
Dongli Culture and Sports Centre,Xiangshan Road,8952.710687,100029,100151,44,14,30,23,7
Xiangshan Road,Dongli Culture and Sports Centre,8952.710687,100151,100029,32,14,18,3,15
Minquan Gate,Xiangshan Road,8952.406392,100099,100151,16,1,15,6,9
Xiangshan Road,Minquan Gate,8952.406392,100151,100099,11,0,11,4,7
Yingkou Road,Benxi Road,8951.596956,100174,100008,5818,2080,3738,1668,2070
Benxi Road,Yingkou Road,8951.596956,100008,100174,5807,1984,3823,2215,1608
Dongli Yijing Road,Weishan Road,8951.492154,100033,100148,27,2,25,18,7
Weishan Road,Dongli Yijing Road,8951.492154,100148,100033,24,5,19,16,3
Jiayuan Li,Xianyang Road,8947.808832,100067,100153,191,39,152,102,50
Xianyang Road,Jiayuan Li,8947.808832,100153,100067,162,30,132,91,41
Cuifu New Village,Huanyu Road,8947.468472,100019,100059,2,0,2,2,0
Tianshili,Dawang Zhuang,8947.043226,100136,100023,97,12,85,60,25
Dawang Zhuang,Tianshili,8947.043226,100023,100136,73,14,59,38,21
Yudongcheng,Southwest Tower,8945.14911,100180,100125,1228,149,1079,873,206
Southwest Tower,Yudongcheng,8945.14911,100125,100180,1095,124,971,706,265
Southwest Tower,Liulin Road,8944.493884,100125,100089,54,17,37,24,13
Liulin Road,Southwest Tower,8944.493884,100089,100125,49,13,36,16,20
Yingkou Road,Meijiang Park,8941.833854,100174,100096,214,56,158,90,68
Meijiang Park,Yingkou Road,8941.833854,100096,100174,184,36,148,106,42
Yixingbu,Yingkou Road,8941.785908,100175,100174,2799,790,2009,1201,808
Yingkou Road,Yixingbu,8941.785908,100174,100175,2733,759,1974,935,1039
Tiantai Road,Hongqi South Road,8941.664958,100137,100057,584,127,457,327,130
Hongqi South Road,Tiantai Road,8941.664958,100057,100137,472,97,375,252,123
Chentang Zhuang,Tian Tower,8940.528662,100015,100133,249,60,189,139,50
Tian Tower,Chentang Zhuang,8940.528662,100133,100015,242,72,170,92,78
Tiantuo,Zhigu,8935.965728,100138,100188,182,33,149,85,64
Zhigu,Tiantuo,8935.965728,100188,100138,155,22,133,81,52
West Station,Liaohe North Road,8934.776953,100149,100084,98,24,74,22,52
Liaohe North Road,West Station,8934.776953,100084,100149,76,18,58,33,25
Southeast Corner,Jianshan Road,8933.900238,100123,100066,46,22,24,12,12
Jianshan Road,Southeast Corner,8933.900238,100066,100123,41,18,23,8,15
Yuejin North Road,Zhigu,8929.715897,100181,100188,121,13,108,83,25
Zhigu,Yuejin North Road,8929.715897,100188,100181,113,11,102,51,51
Huanyu Road,Xiawafang,8929.196828,100059,100157,32,9,23,12,11
Xiawafang,Huanyu Road,8929.196828,100157,100059,29,6,23,10,13
Beining Park,Benxi Road,8927.431603,100006,100008,177,47,130,83,47
Benxi Road,Beining Park,8927.431603,100008,100006,155,38,117,72,45
Yudongcheng,Xiaobailou,8925.172294,100180,100154,734,146,588,432,156
Xiaobailou,Yudongcheng,8925.172294,100154,100180,658,133,525,329,196
Yizhongxin Hospital,Liqi Zhuang South,8924.185144,100177,100088,28,4,24,12,12
Liqi Zhuang South,Yizhongxin Hospital,8924.185144,100088,100177,23,5,18,6,12
Zhicheng Road,Wandong Road,8923.227703,100187,100144,62,20,42,18,24
Wandong Road,Zhicheng Road,8923.227703,100144,100187,57,10,47,29,18
Gaozhuangzi,Huashan Li,8917.7257,100043,100060,192,37,155,114,41
Huashan Li,Gaozhuangzi,8917.7257,100060,100043,179,47,132,89,43
Sports Centre,Dawang Zhuang,8917.437647,100126,100023,206,39,167,116,51
Dawang Zhuang,Sports Centre,8917.437647,100023,100126,161,41,120,69,51
Yingkou Road,Zhicheng Road,8916.752541,100174,100187,923,283,640,245,395
Zhicheng Road,Yingkou Road,8916.752541,100187,100174,907,301,606,339,267
Youyi South Road,Hongqi South Road,8916.715563,100178,100057,1,0,1,0,1
Jianshan Road,North Station,8916.657248,100066,100108,67,25,42,20,22
North Station,Jianshan Road,8916.657248,100108,100066,53,19,34,16,18
Cultural centre,Xinkai River,8915.739263,100020,100160,79,28,51,30,21
Xinkai River,Cultural centre,8915.739263,100160,100020,60,26,34,25,9
Tianjin Hotel,Yuanyang International Centre,8914.781338,100134,100179,316,67,249,179,70
Yuanyang International Centre,Tianjin Hotel,8914.781338,100179,100134,308,64,244,151,93
Zhongshan Road,Zhongshan Gate,8913.727136,100190,100189,471,94,377,232,145
Zhongshan Gate,Zhongshan Road,8913.727136,100189,100190,463,103,360,245,115
Shunchi Bridge,Airport Economic Zone,8913.568777,100120,100001,922,113,809,640,169
Airport Economic Zone,Shunchi Bridge,8913.568777,100001,100120,708,103,605,411,194
Tiantai Road,Zhigu,8913.540862,100137,100188,124,26,98,54,44
Zhigu,Tiantai Road,8913.540862,100188,100137,105,29,76,43,33
Chentang Zhuang,Southwest corner,8911.103771,100015,100124,862,176,686,449,237
Southwest corner,Chentang Zhuang,8911.103771,100124,100015,800,152,648,414,234
Huashan Li,Chenglin Road,8910.587121,100060,100014,285,58,227,140,87
Chenglin Road,Huashan Li,8910.587121,100014,100060,253,59,194,130,64
Yueya River,Zhongshan Gate,8910.069869,100182,100189,321,66,255,168,87
Zhongshan Gate,Yueya River,8910.069869,100189,100182,305,62,243,141,102
Wandong Road,Chentang Zhuang,8907.37397,100144,100015,42,2,40,26,14
Chentang Zhuang,Wandong Road,8907.37397,100015,100144,26,3,23,12,11
Honghu Li,Hongqi South Road,8905.266372,100055,100057,583,160,423,307,116
Hongqi South Road,Honghu Li,8905.266372,100057,100055,492,123,369,244,125
Fuxing Gate,Tumour Hospital,8904.888951,100041,100141,262,30,232,150,82
Tumour Hospital,Fuxing Gate,8904.888951,100141,100041,260,35,225,140,85
Cuifu New Village,Wujiayao,8902.480128,100019,100150,364,43,321,259,62
Wujiayao,Cuifu New Village,8902.480128,100150,100019,277,37,240,144,96
Nanlou,Zhanggui Zhuang,8896.420803,100102,100184,152,30,122,79,43
Zhanggui Zhuang,Nanlou,8896.420803,100184,100102,116,25,91,69,22
Wujiayao,Wandong Road,8895.834584,100150,100144,108,17,91,54,37
Wandong Road,Wujiayao,8895.834584,100144,100150,103,6,97,74,23
Yuejin North Road,Shunchi Bridge,8895.619281,100181,100120,46,9,37,27,10
Shunchi Bridge,Yuejin North Road,8895.619281,100120,100181,34,2,32,15,17
Leyuan Road,Guangkaisima Road,8892.345294,100083,100044,124,48,76,36,40
Guangkaisima Road,Leyuan Road,8892.345294,100044,100083,123,50,73,48,25
Cuifu New Village,Tianjin Hotel,8891.891471,100019,100134,174,31,143,112,31
Tianjin Hotel,Cuifu New Village,8891.891471,100134,100019,149,28,121,82,39
Dongxing Road,Laoshan Road,8889.423984,100035,100082,20,2,18,13,5
Laoshan Road,Dongxing Road,8889.423984,100082,100035,15,4,11,7,4
Liuwei Road,Tianjin Hotel,8888.200196,100090,100134,28,9,19,7,12
Tianjin Hotel,Liuwei Road,8888.200196,100134,100090,24,12,12,8,4
Chenglin Road,Tianshili,8888.063865,100014,100136,47,8,39,30,9
Tianshili,Chenglin Road,8888.063865,100136,100014,36,5,31,26,5
Liulin Road,Xiaobailou,8887.970061,100089,100154,329,148,181,92,89
Xiaobailou,Liulin Road,8887.970061,100154,100089,284,112,172,78,94
Dengzhou South Road,Yuanyang International Centre,8885.964629,100025,100179,116,30,86,64,22
Yuanyang International Centre,Dengzhou South Road,8885.964629,100179,100025,108,23,85,49,36
The Financial University,Yaohuan Road,8885.955032,100132,100170,408,135,273,132,141
Yaohuan Road,The Financial University,8885.955032,100170,100132,384,116,268,153,115
Dongxing Road,Nancuiping,8885.668499,100035,100100,42,8,34,23,11
Nancuiping,Dongxing Road,8885.668499,100100,100035,28,3,25,16,9
Honghu Li,Wujiayao,8884.410995,100055,100150,615,129,486,351,135
Wujiayao,Honghu Li,8884.410995,100150,100055,559,102,457,324,133
Wanshan Road,JinZhong River Street,8882.863265,100146,100079,7,3,4,3,1
JinZhong River Street,Wanshan Road,8882.863265,100079,100146,5,3,2,0,2
North Station,Taichang Road,8882.10253,100108,100128,171,65,106,63,43
Taichang Road,North Station,8882.10253,100128,100108,113,43,70,39,31
Huashan Li,Dawang Zhuang,8882.074528,100060,100023,180,29,151,112,39
Dawang Zhuang,Huashan Li,8882.074528,100023,100060,161,27,134,82,52
Jiefang South Road,Yingfeng Road,8881.42618,100068,100173,401,99,302,158,144
Yingfeng Road,Jiefang South Road,8881.42618,100173,100068,382,99,283,193,90
JinZhong River Street,Changhong Park,8881.326559,100079,100012,400,95,305,202,103
Changhong Park,JinZhong River Street,8881.326559,100012,100079,386,87,299,179,120
Yingfeng Road,Jianguo Road,8880.588438,100173,100064,191,45,146,109,37
Jianguo Road,Yingfeng Road,8880.588438,100064,100173,99,24,75,52,23
Liqi Zhuang South,Xiawafang,8879.571301,100088,100157,157,28,129,81,48
Xiawafang,Liqi Zhuang South,8879.571301,100157,100088,138,23,115,70,45
Xiangshan Road,Huashan Li,8879.170148,100151,100060,24,8,16,4,12
Huashan Li,Xiangshan Road,8879.170148,100060,100151,17,3,14,8,6
Heping Road,Dengzhou Road,8879.074842,100053,100024,997,348,649,337,312
Dengzhou Road,Heping Road,8879.074842,100024,100053,762,229,533,340,193
Yueya River,Xikang Road,8878.800856,100182,100158,393,81,312,243,69
Xikang Road,Yueya River,8878.800856,100158,100182,363,61,302,199,103
Nanhe Zhuang,Jingjiang Road,8878.431162,100101,100072,38,16,22,13,9
Jingjiang Road,Nanhe Zhuang,8878.431162,100072,100101,32,7,25,18,7
Shunchi Bridge,Longhan Road,8876.966969,100120,100092,18,2,16,7,9
Longhan Road,Shunchi Bridge,8876.966969,100092,100120,14,4,10,5,5
Nanlou,Tiantuo,8875.562665,100102,100138,96,15,81,58,23
Tiantuo,Nanlou,8875.562665,100138,100102,77,19,58,52,6
Yixingbu North,Dawang Zhuang,8873.963252,100176,100023,145,37,108,67,41
Dawang Zhuang,Yixingbu North,8873.963252,100023,100176,116,36,80,43,37
Chenglin Road,Zuojiang Road,8870.971081,100014,100192,139,19,120,75,45
Zuojiang Road,Chenglin Road,8870.971081,100192,100014,121,20,101,54,47
Wanshan Road,Fuxing Gate,8870.516364,100146,100041,9,1,8,8,0
Fuxing Gate,Wanshan Road,8870.516364,100041,100146,9,1,8,8,0
Zhongshan Road,Fengchan River,8869.413094,100190,100039,130,19,111,73,38
Fengchan River,Zhongshan Road,8869.413094,100039,100190,113,28,85,69,16
Dengzhou South Road,Dongxing Road,8868.609538,100025,100035,39,4,35,29,6
Dongxing Road,Dengzhou South Road,8868.609538,100035,100025,30,3,27,24,3
Lilou,Fangshan Road,8867.403955,100086,100038,21,9,12,7,5
Fangshan Road,Lilou,8867.403955,100038,100086,13,7,6,1,5
Yixingbu,Jin Street,8866.483331,100175,100070,135,24,111,76,35
Jin Street,Yixingbu,8866.483331,100070,100175,118,22,96,35,61
Fangshan Road,Jiangwan Erzhi Road,8866.258854,100038,100065,93,20,73,65,8
Jiangwan Erzhi Road,Fangshan Road,8866.258854,100065,100038,83,12,71,45,26
Zhicheng Road,Jin Street,8864.839916,100187,100070,194,47,147,97,50
Jin Street,Zhicheng Road,8864.839916,100070,100187,185,37,148,71,77
Yixingbu,Honghu Li,8864.763878,100175,100055,85,17,68,42,26
Honghu Li,Yixingbu,8864.763878,100055,100175,77,17,60,37,23
Chentang Zhuang,Jianguo Road,8863.828721,100015,100064,125,11,114,82,32
Jianguo Road,Chentang Zhuang,8863.828721,100064,100015,110,12,98,79,19
Taichang Road,Zhaoyuan Road,8860.726963,100128,100186,64,15,49,23,26
Zhaoyuan Road,Taichang Road,8860.726963,100186,100128,53,8,45,25,20
Sports Centre,Chenglin Road,8859.245149,100126,100014,691,145,546,331,215
Chenglin Road,Sports Centre,8859.245149,100014,100126,691,135,556,395,161
Foreign Languages High School,Ruijing XinYuan,8859.114309,100040,100114,72,12,60,43,17
Ruijing XinYuan,Foreign Languages High School,8859.114309,100114,100040,53,11,42,35,7
Chinese Medicine First Affiliated Hospital,Huayuan,8858.028607,100016,100061,288,43,245,154,91
Huayuan,Chinese Medicine First Affiliated Hospital,8858.028607,100061,100016,279,36,243,154,89
The Financial University,Taichang Road,8857.024735,100132,100128,965,280,685,352,333
Taichang Road,The Financial University,8857.024735,100128,100132,938,283,655,257,398
Wangdingdi,Meijiang Exhibition Centre,8856.673817,100145,100095,50,19,31,18,13
Meijiang Exhibition Centre,Wangdingdi,8856.673817,100095,100145,32,9,23,15,8
Zhangxing Zhuang,Changhong Park,8855.416816,100185,100012,78,26,52,26,26
Changhong Park,Zhangxing Zhuang,8855.416816,100012,100185,74,22,52,31,21
Dongli Sanjing Road,The Financial University,8854.847149,100032,100132,102,14,88,76,12
The Financial University,Dongli Sanjing Road,8854.847149,100132,100032,94,15,79,51,28
Magangchang,Laoshan Road,8854.313862,100094,100082,191,34,157,104,53
Laoshan Road,Magangchang,8854.313862,100082,100094,163,26,137,103,34
Xianshuigu West,Jinghe Road,8854.300102,100152,100071,1941,572,1369,748,621
Jinghe Road,Xianshuigu West,8854.300102,100071,100152,1931,599,1332,802,530
Xiangshan Road,Xinxing Village,8852.626656,100151,100162,4,4,0,0,0
Xinxing Village,Xiangshan Road,8852.626656,100162,100151,3,2,1,1,0
Yixingbu,Shiyijing Road,8852.606193,100175,100117,264,35,229,185,44
Shiyijing Road,Yixingbu,8852.606193,100117,100175,263,35,228,147,81
Xingfu Park,Tianjin Hotel,8851.314086,100159,100134,697,135,562,408,154
Tianjin Hotel,Xingfu Park,8851.314086,100134,100159,686,143,543,339,204
Southeast Corner,Jianchang Road,8851.084658,100123,100063,191,67,124,59,65
Jianchang Road,Southeast Corner,8851.084658,100063,100123,181,63,118,82,36
Zhicheng Road,Shiyijing Road,8850.962778,100187,100117,143,21,122,101,21
Shiyijing Road,Zhicheng Road,8850.962778,100117,100187,124,19,105,68,37
Xiawafang,Yibin Road,8850.705989,100157,100171,296,70,226,138,88
Yibin Road,Xiawafang,8850.705989,100171,100157,296,63,233,172,61
Tucheng,Yueya River,8850.218409,100140,100182,707,132,575,368,207
Yueya River,Tucheng,8850.218409,100182,100140,697,120,577,415,162
Wangdingdi,Jinshi Bridge,8846.127257,100145,100076,291,55,236,180,56
Jinshi Bridge,Wangdingdi,8846.127257,100076,100145,290,53,237,169,68
University town,Changhong Park,8845.996035,100143,100012,689,188,501,278,223
Changhong Park,University town,8845.996035,100012,100143,642,162,480,249,231
Fuxing Road,Tianshili,8845.62499,100042,100136,36,10,26,15,11
Tianshili,Fuxing Road,8845.62499,100136,100042,34,8,26,12,14
Siyuan Road,Dawang Zhuang,8844.494052,100121,100023,22,7,15,11,4
Dawang Zhuang,Siyuan Road,8844.494052,100023,100121,16,8,8,4,4
Yihao Bridge,Yuanyang International Centre,8844.053716,100172,100179,188,44,144,83,61
Yuanyang International Centre,Yihao Bridge,8844.053716,100179,100172,149,44,105,51,54
Tiantai Road,Liuwei Road,8837.962835,100137,100090,29,6,23,9,14
Liuwei Road,Tiantai Road,8837.962835,100090,100137,27,9,18,4,14
Xianyang Road,Xiawafang,8837.65076,100153,100157,656,132,524,392,132
Xiawafang,Xianyang Road,8837.65076,100157,100153,621,114,507,339,168
Fuxing Road,Huayuan,8837.482152,100042,100061,232,30,202,172,30
Huayuan,Fuxing Road,8837.482152,100061,100042,188,20,168,120,48
Dengzhou Road,Xuzhou Road,8836.655258,100024,100167,409,67,342,302,40
Xuzhou Road,Dengzhou Road,8836.655258,100167,100024,366,52,314,226,88
Tianjin Hotel,Southwest corner,8836.629868,100134,100124,280,65,215,152,63
Southwest corner,Tianjin Hotel,8836.629868,100124,100134,250,65,185,125,60
Qinjian Road,Xiaobailou,8835.525647,100113,100154,3179,644,2535,1897,638
Xiaobailou,Qinjian Road,8835.525647,100154,100113,3067,677,2390,1582,808
Zhou and Deng Memorial Museum,Meijiang Park,8832.696799,100191,100096,16,6,10,9,1
Meijiang Park,Zhou and Deng Memorial Museum,8832.696799,100096,100191,15,1,14,10,4
Meijiang Park,Shiyijing Road,8832.383453,100096,100117,47,8,39,29,10
Shiyijing Road,Meijiang Park,8832.383453,100117,100096,34,7,27,19,8
Xueyuan North Road,Tucheng,8832.079355,100165,100140,1,0,1,1,0
Honghu Li,Zhicheng Road,8830.856705,100055,100187,41,11,30,19,11
Zhicheng Road,Honghu Li,8830.856705,100187,100055,36,10,26,16,10
Zhigu,Liulin Road,8830.566547,100188,100089,29,10,19,10,9
Liulin Road,Zhigu,8830.566547,100089,100188,26,3,23,14,9
Jiayuan Li,North Station,8830.091527,100067,100108,177,41,136,100,36
North Station,Jiayuan Li,8830.091527,100108,100067,162,48,114,64,50
Liulin Road,Changling Road,8828.622164,100089,100013,259,49,210,80,130
Changling Road,Liulin Road,8828.622164,100013,100089,236,38,198,118,80
Xuzhou Road,Honghu Li,8828.270507,100167,100055,17,2,15,8,7
Honghu Li,Xuzhou Road,8828.270507,100055,100167,6,0,6,6,0
Xiaobailou,Anshan West Road,8827.964106,100154,100003,244,49,195,116,79
Anshan West Road,Xiaobailou,8827.964106,100003,100154,231,44,187,120,67
Yibin Road,Jiayuan Li,8827.800042,100171,100067,311,54,257,169,88
Jiayuan Li,Yibin Road,8827.800042,100067,100171,300,58,242,177,65
Chenglin Road,Tiedong Road,8827.250419,100014,100139,131,26,105,84,21
Tiedong Road,Chenglin Road,8827.250419,100139,100014,123,26,97,70,27
Bianxing,Qinjian Road,8826.872808,100009,100113,177,20,157,140,17
Qinjian Road,Bianxing,8826.872808,100113,100009,176,30,146,65,81
Tian Tower,Fuxing Road,8825.898497,100133,100042,95,27,68,29,39
Fuxing Road,Tian Tower,8825.898497,100042,100133,90,30,60,26,34
Bianxing,Foreign Languages High School,8824.665433,100009,100040,15,2,13,8,5
Foreign Languages High School,Bianxing,8824.665433,100040,100009,11,4,7,5,2
Guangkaisima Road,Dongxing Road,8823.622915,100044,100035,254,41,213,168,45
Dongxing Road,Guangkaisima Road,8823.622915,100035,100044,224,30,194,146,48
Dongjiang Road,Laoshan Road,8822.04501,100028,100082,15,2,13,3,10
Laoshan Road,Dongjiang Road,8822.04501,100082,100028,13,8,5,4,1
Laoshan Road,Siyuan Road,8819.797054,100082,100121,7,2,5,4,1
Siyuan Road,Laoshan Road,8819.797054,100121,100082,6,3,3,2,1
Changling Road,Shiyijing Road,8819.442265,100013,100117,319,40,279,217,62
Shiyijing Road,Changling Road,8819.442265,100117,100013,293,41,252,148,104
Dongxing Road,The Financial University,8819.056538,100035,100132,61,7,54,32,22
The Financial University,Dongxing Road,8819.056538,100132,100035,60,7,53,44,9
Yuanyang International Centre,Jieyuan West Road,8817.94427,100179,100069,803,191,612,355,257
Jieyuan West Road,Yuanyang International Centre,8817.94427,100069,100179,792,174,618,410,208
Haiguang Temple,Jiayuan Li,8817.805491,100048,100067,2709,484,2225,1363,862
Jiayuan Li,Haiguang Temple,8817.805491,100067,100048,2644,475,2169,1620,549
Huayuan,Lijiang Road,8816.557687,100061,100085,28,3,25,19,6
Lijiang Road,Huayuan,8816.557687,100085,100061,17,4,13,9,4
Yihao Bridge,Tianjin Hotel,8815.58838,100172,100134,136,25,111,88,23
Tianjin Hotel,Yihao Bridge,8815.58838,100134,100172,129,23,106,83,23
Huashan Li,Anshan Road,8813.381971,100060,100002,3755,839,2916,2052,864
Anshan Road,Huashan Li,8813.381971,100002,100060,3564,725,2839,1541,1298
Lingbin Road,Changhong Park,8813.19225,100087,100012,148,42,106,59,47
Changhong Park,Lingbin Road,8813.19225,100012,100087,138,34,104,59,45
Laoshan Road,Southeast Corner,8811.649168,100082,100123,305,111,194,125,69
Southeast Corner,Laoshan Road,8811.649168,100123,100082,304,114,190,92,98
Heping Road,Tianshili,8810.391839,100053,100136,857,274,583,266,317
Tianshili,Heping Road,8810.391839,100136,100053,787,225,562,366,196
Xianyang Road,Tian Tower,8810.352182,100153,100133,318,70,248,176,72
Tian Tower,Xianyang Road,8810.352182,100133,100153,307,78,229,128,101
Tianjin Hotel,Wandong Road,8809.013428,100134,100144,157,36,121,79,42
Wandong Road,Tianjin Hotel,8809.013428,100144,100134,152,33,119,96,23
Yizhongxin Hospital,Meijiang Exhibition Centre,8808.885308,100177,100095,331,95,236,156,80
Meijiang Exhibition Centre,Yizhongxin Hospital,8808.885308,100095,100177,313,93,220,159,61
Heping Road,Water Park Road East,8807.59193,100053,100147,592,204,388,178,210
Water Park Road East,Heping Road,8807.59193,100147,100053,459,164,295,176,119
Zhanggui Zhuang,Xiaodong Zhuang,8806.898835,100184,100156,1534,392,1142,757,385
Xiaodong Zhuang,Zhanggui Zhuang,8806.898835,100156,100184,1516,392,1124,801,323
Chentang Zhuang,Sports Centre,8804.424158,100015,100126,175,44,131,86,45
Sports Centre,Chentang Zhuang,8804.424158,100126,100015,144,42,102,46,56
Fuxing Road,Tumour Hospital,8803.625832,100042,100141,283,46,237,143,94
Tumour Hospital,Fuxing Road,8803.625832,100141,100042,272,39,233,120,113
Dongli Culture and Sports Centre,Dengzhou South Road,8803.190258,100029,100025,20,12,8,3,5
Dengzhou South Road,Dongli Culture and Sports Centre,8803.190258,100025,100029,17,10,7,4,3
JinZhong River Street,Xiaobailou,8802.81985,100079,100154,626,149,477,362,115
Xiaobailou,JinZhong River Street,8802.81985,100154,100079,559,139,420,241,179
Tianjin Station,Guoshan Road,8801.761293,100135,100047,511,172,339,143,196
Guoshan Road,Tianjin Station,8801.761293,100047,100135,357,106,251,156,95
Cao Zhuang,Haiguang Temple,8801.043861,100011,100048,2202,449,1753,1273,480
Haiguang Temple,Cao Zhuang,8801.043861,100048,100011,2192,478,1714,1105,609
Zhangxing Zhuang,Southwest corner,8800.614074,100185,100124,139,37,102,72,30
Southwest corner,Zhangxing Zhuang,8800.614074,100124,100185,120,25,95,49,46
Fuxing Gate,Jinwan Square,8795.253191,100041,100078,271,78,193,142,51
Jinwan Square,Fuxing Gate,8795.253191,100078,100041,194,46,148,91,57
Zhongshan Gate,Meijiang Road,8794.404153,100189,100097,93,12,81,59,22
Meijiang Road,Zhongshan Gate,8794.404153,100097,100189,83,6,77,56,21
Sports Centre,Weishan Road,8794.253126,100126,100148,190,33,157,95,62
Weishan Road,Sports Centre,8794.253126,100148,100126,180,42,138,94,44
Meilin Road,Lingbin Road,8793.607935,100098,100087,58,11,47,38,9
Lingbin Road,Meilin Road,8793.607935,100087,100098,49,10,39,27,12
Dabi Zhuang,Shunchi Bridge,8793.604024,100021,100120,48,12,36,18,18
Shunchi Bridge,Dabi Zhuang,8793.604024,100120,100021,37,11,26,13,13
Jintang Road,Zhou and Deng Memorial Museum,8793.07726,100077,100191,53,25,28,15,13
Zhou and Deng Memorial Museum,Jintang Road,8793.07726,100191,100077,32,7,25,16,9
Chenglin Road,Xuelian South Road,8792.37447,100014,100164,12,3,9,7,2
Xuelian South Road,Chenglin Road,8792.37447,100164,100014,8,4,4,2,2
Jinwan Square,Wanshan Road,8792.110418,100078,100146,15,6,9,4,5
Wanshan Road,Jinwan Square,8792.110418,100146,100078,5,3,2,2,0
Water Park Road East,Dawang Zhuang,8790.337799,100147,100023,100,23,77,49,28
Dawang Zhuang,Water Park Road East,8790.337799,100023,100147,74,17,57,39,18
Northwest Corner,Yueya River,8789.876189,100109,100182,503,137,366,172,194
Yueya River,Northwest Corner,8789.876189,100182,100109,469,112,357,220,137
Yixingbu North,Fuxing Road,8789.435618,100176,100042,48,14,34,17,17
Fuxing Road,Yixingbu North,8789.435618,100042,100176,44,14,30,15,15
JinZhong River Street,Southwest Tower,8788.372929,100079,100125,834,169,665,481,184
Southwest Tower,JinZhong River Street,8788.372929,100125,100079,754,139,615,389,226
Fuxing Road,Leyuan Road,8787.880152,100042,100083,125,37,88,45,43
Leyuan Road,Fuxing Road,8787.880152,100083,100042,111,43,68,34,34
Chenglin Road,Yixingbu North,8786.711475,100014,100176,509,124,385,230,155
Yixingbu North,Chenglin Road,8786.711475,100176,100014,474,113,361,257,104
Dabi Zhuang,Tiedong Road,8786.314338,100021,100139,189,23,166,127,39
Tiedong Road,Dabi Zhuang,8786.314338,100139,100021,184,25,159,63,96
Chenglin Road,Zhou and Deng Memorial Museum,8786.130778,100014,100191,95,11,84,62,22
Zhou and Deng Memorial Museum,Chenglin Road,8786.130778,100191,100014,90,25,65,46,19
Tucheng,Nanzhu Bridge,8785.400039,100140,100104,25,6,19,18,1
Nanzhu Bridge,Tucheng,8785.400039,100104,100140,24,11,13,12,1
Jingjiang Road,Tumour Hospital,8784.825309,100072,100141,1397,199,1198,792,406
Tumour Hospital,Jingjiang Road,8784.825309,100141,100072,1220,187,1033,546,487
Huayuan,Zuojiang Road,8784.796263,100061,100192,191,27,164,109,55
Zuojiang Road,Huayuan,8784.796263,100192,100061,187,24,163,119,44
Dengzhou South Road,Xiawafang,8784.176462,100025,100157,391,65,326,255,71
Xiawafang,Dengzhou South Road,8784.176462,100157,100025,342,60,282,210,72
Fengchan River,Xinkai River,8783.607996,100039,100160,14,1,13,5,8
Xinkai River,Fengchan River,8783.607996,100160,100039,12,2,10,4,6
Cultural centre,Shuanggang,8783.481953,100020,100118,392,81,311,208,103
Shuanggang,Cultural centre,8783.481953,100118,100020,365,88,277,196,81
Zuojiang Road,Dawang Zhuang,8783.479174,100192,100023,104,7,97,84,13
Dawang Zhuang,Zuojiang Road,8783.479174,100023,100192,91,10,81,61,20
Liuwei Road,Yibin Road,8783.02853,100090,100171,48,5,43,33,10
Yibin Road,Liuwei Road,8783.02853,100171,100090,38,10,28,18,10
Xuzhuangzi,Jianguo Road,8782.702309,100168,100064,19,5,14,8,6
Jianguo Road,Xuzhuangzi,8782.702309,100064,100168,13,1,12,7,5
Shaliu South Road,Southeast Corner,8782.322646,100116,100123,802,255,547,330,217
Southeast Corner,Shaliu South Road,8782.322646,100123,100116,740,233,507,266,241
Tumour Hospital,Haiguang Temple,8781.835391,100141,100048,486,95,391,205,186
Haiguang Temple,Tumour Hospital,8781.835391,100048,100141,389,67,322,185,137
Heping Road,Dengzhou South Road,8781.607509,100053,100025,1734,418,1316,709,607
Dengzhou South Road,Heping Road,8781.607509,100025,100053,1665,402,1263,894,369
Yudongcheng,Zhongshan Road,8780.189752,100180,100190,619,101,518,389,129
Zhongshan Road,Yudongcheng,8780.189752,100190,100180,566,90,476,328,148
Chentang Zhuang,Shunchi Bridge,8779.794703,100015,100120,127,17,110,77,33
Shunchi Bridge,Chentang Zhuang,8779.794703,100120,100015,114,14,100,80,20
Hangshuang Road,Dengzhou Road,8779.712109,100051,100024,24,0,24,23,1
Dengzhou Road,Hangshuang Road,8779.712109,100024,100051,23,0,23,19,4
Nanlou,North Station,8779.609802,100102,100108,222,48,174,108,66
North Station,Nanlou,8779.609802,100108,100102,204,36,168,115,53
Tumour Hospital,West Station,8778.96431,100141,100149,3229,646,2583,953,1630
West Station,Tumour Hospital,8778.96431,100149,100141,3014,775,2239,692,1547
Erwei Road,Second hospital of the Medical University,8777.112607,100036,100115,59,11,48,31,17
Second hospital of the Medical University,Erwei Road,8777.112607,100115,100036,54,12,42,32,10
Chenglin Road,Water Park Road East,8775.080625,100014,100147,351,121,230,173,57
Water Park Road East,Chenglin Road,8775.080625,100147,100014,177,42,135,75,60
Jianguo Road,Wangdingdi,8774.748625,100064,100145,51,12,39,22,17
Wangdingdi,Jianguo Road,8774.748625,100145,100064,51,8,43,31,12
Fangshan Road,Jinwan Square,8772.405592,100038,100078,11,3,8,8,0
Jinwan Square,Fangshan Road,8772.405592,100078,100038,3,0,3,0,3
West Station,Southwest Tower,8772.093683,100149,100125,467,122,345,100,245
Southwest Tower,West Station,8772.093683,100125,100149,430,140,290,185,105
Leyuan Road,Yuanyang International Centre,8771.792428,100083,100179,52,13,39,15,24
Yuanyang International Centre,Leyuan Road,8771.792428,100179,100083,27,8,19,14,5
Changhong Park,Ruijing XinYuan,8771.686611,100012,100114,419,130,289,186,103
Ruijing XinYuan,Changhong Park,8771.686611,100114,100012,390,110,280,163,117
Qinjian Road,Yizhongxin Hospital,8770.750758,100113,100177,346,46,300,223,77
Yizhongxin Hospital,Qinjian Road,8770.750758,100177,100113,282,43,239,188,51
Longhan Road,Lijiang Road,8770.464456,100092,100085,321,77,244,149,95
Lijiang Road,Longhan Road,8770.464456,100085,100092,314,79,235,148,87
Tian Tower,Xinkai River,8770.341077,100133,100160,32,9,23,17,6
Xinkai River,Tian Tower,8770.341077,100160,100133,29,5,24,9,15
Liaohe North Road,Xiaodian,8769.861104,100084,100155,64,10,54,42,12
Xiaodian,Liaohe North Road,8769.861104,100155,100084,54,10,44,36,8
Youyi South Road,Lilou,8769.721712,100178,100086,123,22,101,64,37
Lilou,Youyi South Road,8769.721712,100086,100178,119,31,88,80,8
Hongqi South Road,Dawang Zhuang,8767.824922,100057,100023,411,63,348,272,76
Dawang Zhuang,Hongqi South Road,8767.824922,100023,100057,366,56,310,192,118
Jianshan Road,Beining Park,8766.074818,100066,100006,35,10,25,8,17
Beining Park,Jianshan Road,8766.074818,100006,100066,31,7,24,14,10
Huashan Li,Dengzhou South Road,8764.651296,100060,100025,5,1,4,0,4
Dengzhou South Road,Huashan Li,8764.651296,100025,100060,4,3,1,0,1
The Financial University,Cultural centre,8764.315726,100132,100020,615,250,365,180,185
Cultural centre,The Financial University,8764.315726,100020,100132,519,225,294,138,156
Yueya River,Anshan Road,8764.032518,100182,100002,1124,240,884,573,311
Anshan Road,Yueya River,8764.032518,100002,100182,1103,220,883,471,412
Jinwan Square,Tumour Hospital,8763.837978,100078,100141,218,44,174,58,116
Tumour Hospital,Jinwan Square,8763.837978,100141,100078,216,52,164,72,92
Changhong Park,Zhigu,8762.877405,100012,100188,182,36,146,101,45
Zhigu,Changhong Park,8762.877405,100188,100012,164,28,136,92,44
Wangdingdi,Northwest Corner,8761.196667,100145,100109,197,38,159,129,30
Northwest Corner,Wangdingdi,8761.196667,100109,100145,155,36,119,55,64
Fuxing Road,Siyuan Road,8759.966417,100042,100121,17,7,10,8,2
Siyuan Road,Fuxing Road,8759.966417,100121,100042,16,6,10,2,8
Jin Street,Second hospital of the Medical University,8754.069332,100070,100115,65,11,54,32,22
Second hospital of the Medical University,Jin Street,8754.069332,100115,100070,58,9,49,41,8
Tianjin Station,Bianxing,8753.966426,100135,100009,785,262,523,255,268
Bianxing,Tianjin Station,8753.966426,100009,100135,724,240,484,291,193
Yutai,Yizhongxin Hospital,8753.068484,100183,100177,31,7,24,17,7
Yizhongxin Hospital,Yutai,8753.068484,100177,100183,26,3,23,14,9
Hangshuang Road,Xuelian South Road,8752.227338,100051,100164,5,0,5,3,2
Xuelian South Road,Hangshuang Road,8752.227338,100164,100051,3,0,3,3,0
Nanzhu Bridge,Nancuiping,8751.739516,100104,100100,1,0,1,1,0
Nancuiping,Nanzhu Bridge,8751.739516,100100,100104,1,1,0,0,0
University town,Tianjin Hotel,8751.661735,100143,100134,318,66,252,196,56
Tianjin Hotel,University town,8751.661735,100134,100143,285,70,215,144,71
Heping Road,Bianxing,8750.704556,100053,100009,826,225,601,303,298
Bianxing,Heping Road,8750.704556,100009,100053,750,167,583,423,160
Jiangwan Erzhi Road,Wangdingdi,8750.557404,100065,100145,1,0,1,1,0
Cuifu New Village,Leyuan Road,8748.902561,100019,100083,38,14,24,19,5
Leyuan Road,Cuifu New Village,8748.902561,100083,100019,37,13,24,11,13
Leyuan Road,Liuwei Road,8745.211285,100083,100090,12,7,5,1,4
Liuwei Road,Leyuan Road,8745.211285,100090,100083,4,3,1,0,1
Gulou,Zhongshan Gate,8744.562438,100045,100189,819,279,540,274,266
Zhongshan Gate,Gulou,8744.562438,100189,100045,778,252,526,295,231
Xianyang Road,Liuwei Road,8743.278614,100153,100090,156,40,116,71,45
Liuwei Road,Xianyang Road,8743.278614,100090,100153,140,43,97,48,49
Heping Road,Yixingbu North,8742.207941,100053,100176,1020,324,696,325,371
Yixingbu North,Heping Road,8742.207941,100176,100053,816,252,564,310,254
Gaozhuangzi,Liulin Road,8741.665203,100043,100089,32,7,25,15,10
Liulin Road,Gaozhuangzi,8741.665203,100089,100043,28,15,13,3,10
Southwest corner,Huayuan,8741.654141,100124,100061,620,101,519,380,139
Huayuan,Southwest corner,8741.654141,100061,100124,618,107,511,352,159
Jiayuan Li,Southeast Corner,8737.062805,100067,100123,909,272,637,446,191
Southeast Corner,Jiayuan Li,8737.062805,100123,100067,857,269,588,303,285
Dongxing Road,Jianchang Road,8735.884098,100035,100063,62,8,54,35,19
Jianchang Road,Dongxing Road,8735.884098,100063,100035,53,7,46,39,7
Danhebei Road,Yixingbu,8735.169173,100022,100175,12,1,11,10,1
Yixingbu,Danhebei Road,8735.169173,100175,100022,2,0,2,2,0
Xuzhou Road,Chentang Zhuang,8732.773153,100167,100015,2,0,2,0,2
Chentang Zhuang,Xuzhou Road,8732.773153,100015,100167,1,0,1,0,1
Southwest corner,Water Park Road East,8731.973757,100124,100147,336,110,226,125,101
Water Park Road East,Southwest corner,8731.973757,100147,100124,335,94,241,129,112
Nanlou,Chunhai Road,8731.913055,100102,100017,56,6,50,26,24
Chunhai Road,Nanlou,8731.913055,100017,100102,45,2,43,30,13
Jintang Road,Guoshan Road,8730.677966,100077,100047,61,9,52,41,11
Guoshan Road,Jintang Road,8730.677966,100047,100077,37,6,31,23,8
Minquan Gate,Dongxing Road,8729.735218,100099,100035,44,7,37,28,9
Dongxing Road,Minquan Gate,8729.735218,100035,100099,37,7,30,18,12
Zuojiang Road,Chentang Zhuang,8728.109119,100192,100015,13,2,11,5,6
Chentang Zhuang,Zuojiang Road,8728.109119,100015,100192,9,2,7,4,3
Second hospital of the Medical University,Wujiayao,8725.820987,100115,100150,115,17,98,78,20
Wujiayao,Second hospital of the Medical University,8725.820987,100150,100115,102,17,85,46,39
Fuxing Gate,Haiguang Temple,8725.793999,100041,100048,1279,208,1071,781,290
Haiguang Temple,Fuxing Gate,8725.793999,100048,100041,1049,195,854,564,290
Qinjian Road,Xikang Road,8725.048991,100113,100158,494,126,368,287,81
Xikang Road,Qinjian Road,8725.048991,100158,100113,459,142,317,227,90
Sports Centre,Xikang Road,8723.705161,100126,100158,45,10,35,14,21
Xikang Road,Sports Centre,8723.705161,100158,100126,22,6,16,8,8
Chinese Medicine First Affiliated Hospital,Anshan West Road,8722.44806,100016,100003,547,103,444,283,161
Anshan West Road,Chinese Medicine First Affiliated Hospital,8722.44806,100003,100016,531,83,448,272,176
Bei Zhulin,Tian Tower,8722.322222,100004,100133,33,8,25,19,6
Tian Tower,Bei Zhulin,8722.322222,100133,100004,20,6,14,12,2
Number Two Bridge,Cultural centre,8720.353948,100110,100020,243,86,157,110,47
Cultural centre,Number Two Bridge,8720.353948,100020,100110,228,65,163,105,58
Cuifu New Village,Foreign Languages High School,8720.207153,100019,100040,12,1,11,8,3
Foreign Languages High School,Cuifu New Village,8720.207153,100040,100019,11,3,8,5,3
Xianyang Road,Cultural centre,8718.637361,100153,100020,321,79,242,184,58
Cultural centre,Xianyang Road,8718.637361,100020,100153,296,95,201,125,76
Yibin Road,Shiyijing Road,8717.581389,100171,100117,123,10,113,91,22
Shiyijing Road,Yibin Road,8717.581389,100117,100171,84,12,72,54,18
JinZhong River Street,Fengchan River,8716.308419,100079,100039,14,3,11,9,2
Fengchan River,JinZhong River Street,8716.308419,100039,100079,3,2,1,1,0
Yudongcheng,Nanlou,8713.357736,100180,100102,364,43,321,240,81
Nanlou,Yudongcheng,8713.357736,100102,100180,333,50,283,191,92
Huayuan,Haiguang Temple,8713.213023,100061,100048,1037,169,868,605,263
Haiguang Temple,Huayuan,8713.213023,100048,100061,1004,158,846,552,294
Beining Park,Cultural centre,8712.825511,100006,100020,214,76,138,83,55
Cultural centre,Beining Park,8712.825511,100020,100006,183,61,122,57,65
Heping Road,Siyuan Road,8712.73874,100053,100121,234,86,148,62,86
Siyuan Road,Heping Road,8712.73874,100121,100053,187,54,133,94,39
Tiantuo,Zhongshan Road,8711.149086,100138,100190,81,16,65,41,24
Zhongshan Road,Tiantuo,8711.149086,100190,100138,64,15,49,31,18
Wandong Road,Magangchang,8708.91768,100144,100094,53,9,44,39,5
Magangchang,Wandong Road,8708.91768,100094,100144,50,11,39,30,9
Xunhai Road,Shuanglin,8708.683083,100166,100119,10,2,8,4,4
Shuanglin,Xunhai Road,8708.683083,100119,100166,8,2,6,4,2
Leyuan Road,Xingfu Park,8708.325176,100083,100159,86,34,52,17,35
Xingfu Park,Leyuan Road,8708.325176,100159,100083,68,29,39,25,14
Tianjin Hotel,Jianguo Road,8706.488866,100134,100064,243,52,191,151,40
Jianguo Road,Tianjin Hotel,8706.488866,100064,100134,210,40,170,139,31
Tianshili,Cuifu New Village,8705.625842,100136,100019,15,4,11,8,3
Cuifu New Village,Tianshili,8705.625842,100019,100136,14,3,11,9,2
Tianjin Station,Wanshan Road,8705.327653,100135,100146,169,58,111,41,70
Wanshan Road,Tianjin Station,8705.327653,100146,100135,123,40,83,51,32
Southwest corner,Yueya River,8704.860547,100124,100182,634,149,485,293,192
Yueya River,Southwest corner,8704.860547,100182,100124,624,121,503,329,174
Jianchang Road,Nansun Zhuang,8703.594589,100063,100103,2,2,0,0,0
Yingfeng Road,Northwest Corner,8702.827134,100173,100109,674,150,524,319,205
Northwest Corner,Yingfeng Road,8702.827134,100109,100173,546,121,425,220,205
Zhigu,Yizhongxin Hospital,8701.015602,100188,100177,331,65,266,200,66
Yizhongxin Hospital,Zhigu,8701.015602,100177,100188,326,71,255,181,74
Jianguo Road,Xiangshan Road,8700.327346,100064,100151,114,31,83,43,40
Xiangshan Road,Jianguo Road,8700.327346,100151,100064,100,23,77,44,33
Leyuan Road,Minquan Gate,8698.981211,100083,100099,52,27,25,12,13
Minquan Gate,Leyuan Road,8698.981211,100099,100083,36,20,16,6,10
Xikang Road,Jieyuan West Road,8698.719403,100158,100069,192,45,147,91,56
Jieyuan West Road,Xikang Road,8698.719403,100069,100158,182,40,142,98,44
Yingfeng Road,Xuzhou Road,8698.179619,100173,100167,9,1,8,6,2
Xuzhou Road,Yingfeng Road,8698.179619,100167,100173,4,2,2,2,0
Yudongcheng,University of Civil Aviation,8698.173798,100180,100142,127,43,84,38,46
University of Civil Aviation,Yudongcheng,8698.173798,100142,100180,120,40,80,51,29
Yuejin North Road,Guoshan Road,8697.134217,100181,100047,10,0,10,10,0
West Station,Xingfu Park,8697.127604,100149,100159,382,117,265,98,167
Xingfu Park,West Station,8697.127604,100159,100149,334,113,221,114,107
Anshan Road,Water Park Road East,8696.497576,100002,100147,113,29,84,50,34
Water Park Road East,Anshan Road,8696.497576,100147,100002,65,18,47,22,25
Leyuan Road,Southwest corner,8693.640957,100083,100124,144,56,88,45,43
Southwest corner,Leyuan Road,8693.640957,100124,100083,95,33,62,16,46
Leyuan Road,Xinkai River,8690.624757,100083,100160,49,21,28,17,11
Xinkai River,Leyuan Road,8690.624757,100160,100083,40,14,26,15,11
Taichang Road,Tian Tower,8690.573298,100128,100133,297,84,213,134,79
Tian Tower,Taichang Road,8690.573298,100133,100128,268,69,199,98,101
Dengzhou Road,Jianchang Road,8687.19415,100024,100063,63,13,50,35,15
Jianchang Road,Dengzhou Road,8687.19415,100063,100024,52,15,37,29,8
Chentang Zhuang,Water Park Road East,8682.641793,100015,100147,56,17,39,23,16
Water Park Road East,Chentang Zhuang,8682.641793,100147,100015,31,9,22,14,8
Laoshan Road,Xiawafang,8682.532602,100082,100157,146,34,112,81,31
Xiawafang,Laoshan Road,8682.532602,100157,100082,142,27,115,69,46
Anshan West Road,Lijiang Road,8680.97714,100003,100085,43,7,36,18,18
Lijiang Road,Anshan West Road,8680.97714,100085,100003,28,1,27,23,4
Zhicheng Road,Danhebei Road,8680.568201,100187,100022,21,5,16,15,1
Danhebei Road,Zhicheng Road,8680.568201,100022,100187,17,3,14,9,5
Xuzhuangzi,Jinwan Square,8680.513348,100168,100078,79,23,56,41,15
Jinwan Square,Xuzhuangzi,8680.513348,100078,100168,57,11,46,27,19
JinZhong River Street,Gulou,8679.535172,100079,100045,600,223,377,222,155
Gulou,JinZhong River Street,8679.535172,100045,100079,592,225,367,182,185
Xianyang Road,Shiyijing Road,8678.281939,100153,100117,528,53,475,344,131
Shiyijing Road,Xianyang Road,8678.281939,100117,100153,488,51,437,284,153
Xianyang Road,Tiedong Road,8677.631369,100153,100139,245,50,195,113,82
Tiedong Road,Xianyang Road,8677.631369,100139,100153,188,38,150,90,60
Lingbin Road,Yingkou Road,8677.464943,100087,100174,745,239,506,250,256
Yingkou Road,Lingbin Road,8677.464943,100174,100087,635,186,449,209,240
Shuanglin,Lijiang Road,8677.407315,100119,100085,88,16,72,47,25
Lijiang Road,Shuanglin,8677.407315,100085,100119,84,13,71,40,31
Siyuan Road,Xiawafang,8675.679269,100121,100157,235,35,200,133,67
Xiawafang,Siyuan Road,8675.679269,100157,100121,197,34,163,104,59
Benxi Road,Anshan West Road,8675.371518,100008,100003,587,130,457,349,108
Anshan West Road,Benxi Road,8675.371518,100003,100008,561,119,442,296,146
Xuzhou Road,Tianjin Hotel,8674.39213,100167,100134,12,6,6,4,2
Tianjin Hotel,Xuzhou Road,8674.39213,100134,100167,5,0,5,1,4
Yudongcheng,Xueyuan North Road,8673.352187,100180,100165,77,10,67,48,19
Xueyuan North Road,Yudongcheng,8673.352187,100165,100180,76,16,60,37,23
Leyuan Road,Yihao Bridge,8672.599469,100083,100172,38,18,20,5,15
Yihao Bridge,Leyuan Road,8672.599469,100172,100083,19,8,11,6,5
Youyi South Road,Zhaoyuan Road,8670.563863,100178,100186,84,21,63,40,23
Zhaoyuan Road,Youyi South Road,8670.563863,100186,100178,80,14,66,55,11
Qinjian Road,Jinwan Square,8670.508264,100113,100078,381,78,303,238,65
Jinwan Square,Qinjian Road,8670.508264,100078,100113,340,77,263,154,109
Zhangxing Zhuang,Jintang Road,8669.843707,100185,100077,171,34,137,89,48
Jintang Road,Zhangxing Zhuang,8669.843707,100077,100185,160,28,132,69,63
Xinkai River,Nanhe Zhuang,8669.471573,100160,100101,76,19,57,33,24
Nanhe Zhuang,Xinkai River,8669.471573,100101,100160,65,24,41,19,22
Huashan Li,Tianjin Hotel,8669.364618,100060,100134,224,56,168,126,42
Tianjin Hotel,Huashan Li,8669.364618,100134,100060,203,56,147,100,47
North Station,Yizhongxin Hospital,8666.577041,100108,100177,258,72,186,112,74
Yizhongxin Hospital,North Station,8666.577041,100177,100108,238,47,191,117,74
Leyuan Road,Wandong Road,8666.024518,100083,100144,36,17,19,9,10
Wandong Road,Leyuan Road,8666.024518,100144,100083,21,9,12,9,3
West Station,Chenglin Road,8664.958162,100149,100014,398,114,284,94,190
Chenglin Road,West Station,8664.958162,100014,100149,322,110,212,113,99
North Station,Cultural centre,8664.410091,100108,100020,187,80,107,57,50
Cultural centre,North Station,8664.410091,100020,100108,165,58,107,68,39
Xuzhuangzi,Yudongcheng,8664.02501,100168,100180,58,5,53,45,8
Yudongcheng,Xuzhuangzi,8664.02501,100180,100168,51,6,45,28,17
Minquan Gate,Yibin Road,8663.355462,100099,100171,330,71,259,178,81
Yibin Road,Minquan Gate,8663.355462,100171,100099,320,67,253,166,87
Jinwan Square,Xiangshan Road,8662.043538,100078,100151,78,19,59,24,35
Xiangshan Road,Jinwan Square,8662.043538,100151,100078,59,9,50,37,13
Shunchi Bridge,Tianjin Hotel,8661.686313,100120,100134,163,48,115,82,33
Tianjin Hotel,Shunchi Bridge,8661.686313,100134,100120,142,37,105,74,31
Shiyijing Road,Zhou and Deng Memorial Museum,8661.599455,100117,100191,94,22,72,39,33
Zhou and Deng Memorial Museum,Shiyijing Road,8661.599455,100191,100117,90,11,79,45,34
Southwest Tower,Shaliu South Road,8659.989925,100125,100116,398,51,347,260,87
Shaliu South Road,Southwest Tower,8659.989925,100116,100125,396,64,332,271,61
Southeast Corner,Cao Zhuang,8659.802102,100123,100011,2779,953,1826,918,908
Cao Zhuang,Southeast Corner,8659.802102,100011,100123,2726,900,1826,1028,798
North Beichen Tech Park,Yixingbu North,8659.510815,100106,100176,191,39,152,107,45
Yixingbu North,North Beichen Tech Park,8659.510815,100176,100106,178,35,143,93,50
North China Group,Jinshi Bridge,8659.499125,100107,100076,1022,215,807,525,282
Jinshi Bridge,North China Group,8659.499125,100076,100107,975,203,772,489,283
West Station,Zhigu,8658.166346,100149,100188,402,125,277,79,198
Zhigu,West Station,8658.166346,100188,100149,354,126,228,95,133
Yuejin North Road,Xuzhou Road,8655.511443,100181,100167,1244,220,1024,829,195
Xuzhou Road,Yuejin North Road,8655.511443,100167,100181,1121,191,930,619,311
Laoshan Road,Weishan Road,8650.445474,100082,100148,243,51,192,92,100
Weishan Road,Laoshan Road,8650.445474,100148,100082,241,54,187,131,56
Zhongshan Road,Southwest Tower,8648.398543,100190,100125,157,27,130,79,51
Southwest Tower,Zhongshan Road,8648.398543,100125,100190,149,33,116,90,26
Jintang Road,Nancuiping,8647.251792,100077,100100,144,32,112,82,30
Nancuiping,Jintang Road,8647.251792,100100,100077,133,32,101,81,20
Dongxing Road,Northwest Corner,8646.022246,100035,100109,187,34,153,100,53
Northwest Corner,Dongxing Road,8646.022246,100109,100035,186,34,152,88,64
Xiaobailou,Shaliu South Road,8645.758604,100154,100116,24,11,13,8,5
Shaliu South Road,Xiaobailou,8645.758604,100116,100154,17,5,12,7,5
Zhanggui Zhuang,Dawang Zhuang,8645.367551,100184,100023,1114,184,930,731,199
Dawang Zhuang,Zhanggui Zhuang,8645.367551,100023,100184,900,155,745,415,330
Cuifu New Village,Tiedong Road,8644.812396,100019,100139,79,12,67,47,20
Tiedong Road,Cuifu New Village,8644.812396,100139,100019,51,8,43,12,31
Dengzhou South Road,Chunhai Road,8644.566318,100025,100017,36,4,32,23,9
Chunhai Road,Dengzhou South Road,8644.566318,100017,100025,28,2,26,19,7
Zhou and Deng Memorial Museum,West Station,8644.543452,100191,100149,191,92,99,52,47
West Station,Zhou and Deng Memorial Museum,8644.543452,100149,100191,165,61,104,43,61
Dabi Zhuang,Yixingbu,8644.388653,100021,100175,121,39,82,47,35
Yixingbu,Dabi Zhuang,8644.388653,100175,100021,107,27,80,45,35
Nancuiping,Haiguang Temple,8642.601447,100100,100048,136,38,98,76,22
Haiguang Temple,Nancuiping,8642.601447,100048,100100,112,40,72,40,32
Nanlou,Yizhongxin Hospital,8640.61254,100102,100177,89,6,83,55,28
Yizhongxin Hospital,Nanlou,8640.61254,100177,100102,71,13,58,39,19
Magangchang,Xiawafang,8640.333611,100094,100157,121,21,100,75,25
Xiawafang,Magangchang,8640.333611,100157,100094,112,22,90,56,34
Hujiayuan,Civic Square,8636.30182,100062,100018,1366,168,1198,1024,174
Civic Square,Hujiayuan,8636.30182,100018,100062,1224,160,1064,780,284
Tiedong Road,Haiguang Temple,8636.27424,100139,100048,976,162,814,635,179
Haiguang Temple,Tiedong Road,8636.27424,100048,100139,868,163,705,464,241
Yihao Bridge,Jianguo Road,8635.761244,100172,100064,164,44,120,81,39
Jianguo Road,Yihao Bridge,8635.761244,100064,100172,134,27,107,70,37
Xuzhou Road,Wangdingdi,8634.614728,100167,100145,2,1,1,0,1
Fuxing Road,Cultural centre,8630.957203,100042,100020,204,39,165,113,52
Cultural centre,Fuxing Road,8630.957203,100020,100042,174,40,134,94,40
Tiantuo,Meijiang Park,8630.763667,100138,100096,84,23,61,25,36
Meijiang Park,Tiantuo,8630.763667,100096,100138,74,21,53,29,24
Huayuan,Yaohuan Road,8629.106908,100061,100170,98,15,83,57,26
Yaohuan Road,Huayuan,8629.106908,100170,100061,67,7,60,47,13
Longhan Road,Xuzhou Road,8628.531388,100092,100167,94,13,81,66,15
Xuzhou Road,Longhan Road,8628.531388,100167,100092,81,7,74,48,26
Taichang Road,Zhangxing Zhuang,8627.403306,100128,100185,308,74,234,146,88
Zhangxing Zhuang,Taichang Road,8627.403306,100185,100128,281,63,218,147,71
Xinkai River,Yizhongxin Hospital,8626.473416,100160,100177,156,20,136,93,43
Yizhongxin Hospital,Xinkai River,8626.473416,100177,100160,148,16,132,91,41
Tianjin Station,Number Two Bridge,8626.139268,100135,100110,1621,452,1169,522,647
Number Two Bridge,Tianjin Station,8626.139268,100110,100135,1521,448,1073,691,382
Zhaoyuan Road,Yuejin North Road,8625.298403,100186,100181,3,2,1,0,1
Yuejin North Road,Zhaoyuan Road,8625.298403,100181,100186,2,1,1,0,1
Shiyijing Road,Wanshan Road,8624.826273,100117,100146,11,3,8,0,8
Wanshan Road,Shiyijing Road,8624.826273,100146,100117,4,0,4,4,0
Xiaobailou,Lijiang Road,8624.214583,100154,100085,193,32,161,108,53
Lijiang Road,Xiaobailou,8624.214583,100085,100154,182,28,154,120,34
Chentang Zhuang,Southeast Corner,8623.712633,100015,100123,323,105,218,146,72
Southeast Corner,Chentang Zhuang,8623.712633,100123,100015,311,108,203,111,92
The Financial University,Yuejin North Road,8621.596175,100132,100181,65,15,50,35,15
Yuejin North Road,The Financial University,8621.596175,100181,100132,57,12,45,35,10
Nancuiping,Tucheng,8619.975836,100100,100140,76,16,60,50,10
Tucheng,Nancuiping,8619.975836,100140,100100,66,26,40,26,14
Yixingbu North,Cuifu New Village,8618.531468,100176,100019,84,19,65,41,24
Cuifu New Village,Yixingbu North,8618.531468,100019,100176,79,21,58,41,17
North Station,Jieyuan West Road,8618.528016,100108,100069,124,28,96,56,40
Jieyuan West Road,North Station,8618.528016,100069,100108,104,32,72,43,29
Yueya River,Fangshan Road,8615.206571,100182,100038,21,4,17,0,17
Fangshan Road,Yueya River,8615.206571,100038,100182,20,6,14,8,6
Lingbin Road,Shiyijing Road,8615.195994,100087,100117,123,21,102,75,27
Shiyijing Road,Lingbin Road,8615.195994,100117,100087,115,14,101,68,33
Zhongshan Road,Professional University,8614.71009,100190,100112,382,122,260,163,97
Professional University,Zhongshan Road,8614.71009,100112,100190,380,113,267,168,99
Weishan Road,Yutai,8614.243576,100148,100183,179,33,146,85,61
Yutai,Weishan Road,8614.243576,100183,100148,156,35,121,79,42
Jinghe Road,Second hospital of the Medical University,8609.831406,100071,100115,382,63,319,236,83
Second hospital of the Medical University,Jinghe Road,8609.831406,100115,100071,317,54,263,171,92
Liqi Zhuang South,Meijiang Road,8608.759162,100088,100097,17,1,16,14,2
Meijiang Road,Liqi Zhuang South,8608.759162,100097,100088,16,3,13,12,1
Yibin Road,High-Tech Zone,8608.328134,100171,100054,461,40,421,358,63
High-Tech Zone,Yibin Road,8608.328134,100054,100171,460,36,424,333,91
West Station,Water Park Road East,8607.29751,100149,100147,1262,448,814,291,523
Water Park Road East,West Station,8607.29751,100147,100149,951,358,593,299,294
Fangshan Road,Shiyijing Road,8605.121447,100038,100117,12,4,8,6,2
Shiyijing Road,Fangshan Road,8605.121447,100117,100038,5,0,5,0,5
Jianchang Road,Xiaodian,8604.899308,100063,100155,71,18,53,40,13
Xiaodian,Jianchang Road,8604.899308,100155,100063,63,14,49,36,13
Dawang Zhuang,Shaliu South Road,8602.878986,100023,100116,74,16,58,41,17
Shaliu South Road,Dawang Zhuang,8602.878986,100116,100023,69,9,60,47,13
Dongli Liujing Road,Haihe East Road,8601.313374,100031,100049,42,3,39,33,6
Haihe East Road,Dongli Liujing Road,8601.313374,100049,100031,34,3,31,28,3
Yudongcheng,Gulou,8598.383754,100180,100045,2655,830,1825,1085,740
Gulou,Yudongcheng,8598.383754,100045,100180,2348,859,1489,706,783
Leyuan Road,Tian Tower,8597.504986,100083,100133,195,91,104,53,51
Tian Tower,Leyuan Road,8597.504986,100133,100083,143,62,81,37,44
Tiantuo,Xiaobailou,8595.086051,100138,100154,384,95,289,195,94
Xiaobailou,Tiantuo,8595.086051,100154,100138,348,91,257,147,110
Hongqi South Road,Bianxing,8593.638997,100057,100009,216,42,174,107,67
Bianxing,Hongqi South Road,8593.638997,100009,100057,215,48,167,133,34
Northwest Corner,Cultural centre,8591.281435,100109,100020,716,252,464,289,175
Cultural centre,Northwest Corner,8591.281435,100020,100109,637,202,435,250,185
JinZhong River Street,Nanlou,8591.005293,100079,100102,273,47,226,173,53
Nanlou,JinZhong River Street,8591.005293,100102,100079,227,40,187,110,77
Yingfeng Road,Southeast Corner,8589.1191,100173,100123,615,172,443,305,138
Southeast Corner,Yingfeng Road,8589.1191,100123,100173,446,137,309,186,123
JinZhong River Street,Shaliu South Road,8586.260004,100079,100116,117,38,79,63,16
Shaliu South Road,JinZhong River Street,8586.260004,100116,100079,109,20,89,61,28
Zhigu,Hongqi South Road,8583.686282,100188,100057,399,60,339,235,104
Hongqi South Road,Zhigu,8583.686282,100057,100188,352,59,293,206,87
Heping Road,Meijiang Road,8581.604369,100053,100097,235,70,165,86,79
Meijiang Road,Heping Road,8581.604369,100097,100053,155,38,117,84,33
Beining Park,Wandong Road,8581.464467,100006,100144,42,7,35,26,9
Wandong Road,Beining Park,8581.464467,100144,100006,31,8,23,15,8
Jintang Road,Guangkaisima Road,8581.215869,100077,100044,132,39,93,71,22
Guangkaisima Road,Jintang Road,8581.215869,100044,100077,131,38,93,54,39
Jianchang Road,Fuxing Road,8580.913066,100063,100042,36,6,30,18,12
Fuxing Road,Jianchang Road,8580.913066,100042,100063,32,8,24,14,10
Zuojiang Road,Anshan West Road,8579.908126,100192,100003,289,49,240,160,80
Anshan West Road,Zuojiang Road,8579.908126,100003,100192,253,45,208,144,64
Jianchang Road,Dawang Zhuang,8579.155529,100063,100023,105,27,78,44,34
Dawang Zhuang,Jianchang Road,8579.155529,100023,100063,85,19,66,36,30
Xiawafang,People's Hospital,8578.656347,100157,100111,443,62,381,243,138
People's Hospital,Xiawafang,8578.656347,100111,100157,378,62,316,175,141
Bei Zhulin,Wangdingdi,8578.173071,100004,100145,6,4,2,0,2
Wangdingdi,Bei Zhulin,8578.173071,100145,100004,6,4,2,0,2
Anshan West Road,Yuanyang International Centre,8577.513697,100003,100179,504,96,408,266,142
Yuanyang International Centre,Anshan West Road,8577.513697,100179,100003,496,96,400,313,87
The Financial University,Jintang Road,8576.649492,100132,100077,143,37,106,62,44
Jintang Road,The Financial University,8576.649492,100077,100132,127,32,95,60,35
Longhan Road,Guoshan Road,8575.946277,100092,100047,72,11,61,31,30
Guoshan Road,Longhan Road,8575.946277,100047,100092,41,8,33,27,6
Meijiang Road,Xikang Road,8574.960085,100097,100158,141,16,125,95,30
Xikang Road,Meijiang Road,8574.960085,100158,100097,118,18,100,72,28
Yangwu Zhuang,Zhou and Deng Memorial Museum,8574.139204,100169,100191,315,138,177,99,78
Zhou and Deng Memorial Museum,Yangwu Zhuang,8574.139204,100191,100169,233,89,144,65,79
Jianchang Road,Beichen Road,8571.504796,100063,100005,207,52,155,98,57
Beichen Road,Jianchang Road,8571.504796,100005,100063,168,41,127,63,64
West Station,Nancuiping,8571.267188,100149,100100,784,227,557,159,398
Nancuiping,West Station,8571.267188,100100,100149,752,238,514,334,180
Bei Zhulin,Leyuan Road,8570.775932,100004,100083,50,17,33,22,11
Leyuan Road,Bei Zhulin,8570.775932,100083,100004,48,14,34,17,17
Jinshi Bridge,Laoshan Road,8570.178799,100076,100082,51,12,39,23,16
Laoshan Road,Jinshi Bridge,8570.178799,100082,100076,50,10,40,33,7
Tiantuo,Jinwan Square,8568.610591,100138,100078,220,37,183,129,54
Jinwan Square,Tiantuo,8568.610591,100078,100138,209,38,171,92,79
Yihao Bridge,Jinwan Square,8568.455357,100172,100078,152,42,110,73,37
Jinwan Square,Yihao Bridge,8568.455357,100078,100172,147,36,111,58,53
Shaliu South Road,Youyi South Road,8566.090922,100116,100178,229,36,193,152,41
Youyi South Road,Shaliu South Road,8566.090922,100178,100116,175,40,135,88,47
Northwest Corner,Taichang Road,8565.959583,100109,100128,498,154,344,185,159
Taichang Road,Northwest Corner,8565.959583,100128,100109,470,138,332,185,147
Tianjin Hotel,Southeast Corner,8565.331611,100134,100123,345,106,239,163,76
Southeast Corner,Tianjin Hotel,8565.331611,100123,100134,318,79,239,156,83
Leyuan Road,Jianguo Road,8563.499955,100083,100064,60,28,32,12,20
Jianguo Road,Leyuan Road,8563.499955,100064,100083,34,9,25,9,16
Fangshan Road,Dongli Yijing Road,8562.953388,100038,100033,25,7,18,13,5
Dongli Yijing Road,Fangshan Road,8562.953388,100033,100038,18,8,10,6,4
Minquan Gate,Dengzhou Road,8562.570399,100099,100024,56,11,45,27,18
Dengzhou Road,Minquan Gate,8562.570399,100024,100099,50,11,39,21,18
Nancuiping,Dongting Road,8560.422497,100100,100034,29,2,27,19,8
Dongting Road,Nancuiping,8560.422497,100034,100100,26,6,20,11,9
Shunchi Bridge,Yibin Road,8560.253371,100120,100171,221,22,199,155,44
Yibin Road,Shunchi Bridge,8560.253371,100171,100120,158,27,131,91,40
Guangkaisima Road,Cultural centre,8558.594705,100044,100020,289,73,216,163,53
Cultural centre,Guangkaisima Road,8558.594705,100020,100044,261,55,206,139,67
Chunhai Road,Water Park Road East,8556.774845,100017,100147,15,7,8,5,3
Water Park Road East,Chunhai Road,8556.774845,100147,100017,5,4,1,1,0
Shuanglin,National Exhibition Centre,8555.638358,100119,100105,52,15,37,32,5
National Exhibition Centre,Shuanglin,8555.638358,100105,100119,43,13,30,23,7
Youyi South Road,Yingfeng Road,8555.547385,100178,100173,4,0,4,0,4
Yingkou Road,Bianxing,8553.652566,100174,100009,1249,356,893,435,458
Bianxing,Yingkou Road,8553.652566,100009,100174,1218,391,827,538,289
Yutai,Xiawafang,8552.889111,100183,100157,225,44,181,131,50
Xiawafang,Yutai,8552.889111,100157,100183,219,41,178,102,76
Tian Tower,Changling Road,8552.37845,100133,100013,206,75,131,50,81
Changling Road,Tian Tower,8552.37845,100013,100133,167,59,108,57,51
Erwei Road,Jianshan Road,8551.395279,100036,100066,25,2,23,19,4
Jianshan Road,Erwei Road,8551.395279,100066,100036,20,2,18,14,4
Minquan Gate,Anshan Road,8551.311977,100099,100002,337,69,268,191,77
Anshan Road,Minquan Gate,8551.311977,100002,100099,301,53,248,117,131
Tian Tower,People's Hospital,8551.064648,100133,100111,513,151,362,211,151
People's Hospital,Tian Tower,8551.064648,100111,100133,471,100,371,222,149
Zhou and Deng Memorial Museum,Meijiang Road,8550.660998,100191,100097,62,11,51,30,21
Meijiang Road,Zhou and Deng Memorial Museum,8550.660998,100097,100191,49,4,45,31,14
Fuxing Road,Water Park Road East,8550.383202,100042,100147,172,46,126,72,54
Water Park Road East,Fuxing Road,8550.383202,100147,100042,163,60,103,54,49
Tucheng,Zhou and Deng Memorial Museum,8549.09101,100140,100191,148,43,105,64,41
Zhou and Deng Memorial Museum,Tucheng,8549.09101,100191,100140,125,40,85,54,31
Magangchang,Xunhai Road,8548.346877,100094,100166,15,3,12,6,6
Xunhai Road,Magangchang,8548.346877,100166,100094,10,1,9,4,5
Qinjian Road,Minquan Gate,8547.259311,100113,100099,153,28,125,60,65
Minquan Gate,Qinjian Road,8547.259311,100099,100113,140,33,107,64,43
Shaliu South Road,Jin Street,8544.67577,100116,100070,942,173,769,574,195
Jin Street,Shaliu South Road,8544.67577,100070,100116,908,177,731,404,327
Changhong Park,Jianshan Road,8543.536282,100012,100066,191,47,144,93,51
Jianshan Road,Changhong Park,8543.536282,100066,100012,157,37,120,78,42
Wangdingdi,Gulou,8539.800605,100145,100045,147,49,98,58,40
Gulou,Wangdingdi,8539.800605,100045,100145,141,60,81,34,47
Dawang Zhuang,Laoshan Road,8539.138508,100023,100082,84,17,67,44,23
Laoshan Road,Dawang Zhuang,8539.138508,100082,100023,77,20,57,40,17
Xingfu Park,Northwest Corner,8538.892121,100159,100109,401,133,268,161,107
Northwest Corner,Xingfu Park,8538.892121,100109,100159,394,128,266,139,127
Cultural centre,Bei Zhulin,8538.379027,100020,100004,53,25,28,21,7
Bei Zhulin,Cultural centre,8538.379027,100004,100020,49,19,30,24,6
Xianyang Road,Wujiayao,8537.240191,100153,100150,285,40,245,184,61
Wujiayao,Xianyang Road,8537.240191,100150,100153,280,52,228,169,59
Zhigu,Zhicheng Road,8535.678979,100188,100187,276,49,227,157,70
Zhicheng Road,Zhigu,8535.678979,100187,100188,274,44,230,182,48
Changling Road,Yibin Road,8534.469049,100013,100171,269,66,203,130,73
Yibin Road,Changling Road,8534.469049,100171,100013,245,68,177,92,85
Yudongcheng,Yingkou Road,8533.792713,100180,100174,3444,892,2552,1675,877
Yingkou Road,Yudongcheng,8533.792713,100174,100180,3154,911,2243,1263,980
Professional University,Xinkai River,8532.841376,100112,100160,79,27,52,29,23
Xinkai River,Professional University,8532.841376,100160,100112,59,16,43,19,24
Benxi Road,Jianguo Road,8532.158709,100008,100064,317,74,243,184,59
Jianguo Road,Benxi Road,8532.158709,100064,100008,316,74,242,156,86
Leyuan Road,Xuzhou Road,8531.403219,100083,100167,5,1,4,4,0
Xuzhou Road,Leyuan Road,8531.403219,100167,100083,5,2,3,2,1
Leyuan Road,Shuanggang,8528.382095,100083,100118,552,132,420,255,165
Shuanggang,Leyuan Road,8528.382095,100118,100083,546,128,418,273,145
Jianshan Road,Jin Street,8528.352005,100066,100070,19,3,16,10,6
Jin Street,Jianshan Road,8528.352005,100070,100066,12,3,9,8,1
Jinmao Industrial Area,Dongli Sanjing Road,8527.905819,100074,100032,1,1,0,0,0
Yuanyang International Centre,Tianshili,8527.055188,100179,100136,96,23,73,50,23
Tianshili,Yuanyang International Centre,8527.055188,100136,100179,88,22,66,46,20
Leyuan Road,Huashan Li,8526.375707,100083,100060,41,22,19,10,9
Huashan Li,Leyuan Road,8526.375707,100060,100083,25,12,13,8,5
Shunchi Bridge,Zhou and Deng Memorial Museum,8525.685885,100120,100191,168,34,134,81,53
Zhou and Deng Memorial Museum,Shunchi Bridge,8525.685885,100191,100120,117,19,98,57,41
Wangdingdi,Southeast Corner,8525.554209,100145,100123,151,54,97,73,24
Southeast Corner,Wangdingdi,8525.554209,100123,100145,126,37,89,51,38
Wandong Road,Southwest corner,8524.293121,100144,100124,261,74,187,137,50
Southwest corner,Wandong Road,8524.293121,100124,100144,228,59,169,84,85
Tianjin Station,Yizhongxin Hospital,8523.690736,100135,100177,816,243,573,265,308
Yizhongxin Hospital,Tianjin Station,8523.690736,100177,100135,640,188,452,232,220
Chinese Medicine First Affiliated Hospital,Xiaobailou,8523.288744,100016,100154,1074,219,855,617,238
Xiaobailou,Chinese Medicine First Affiliated Hospital,8523.288744,100154,100016,910,180,730,436,294
Nanlou,Hongqi South Road,8523.283219,100102,100057,346,64,282,171,111
Hongqi South Road,Nanlou,8523.283219,100057,100102,319,52,267,208,59
Liuwei Road,Fuxing Road,8523.168146,100090,100042,9,4,5,0,5
Fuxing Road,Liuwei Road,8523.168146,100042,100090,5,2,3,1,2
Liuwei Road,Hongqi South Road,8521.302597,100090,100057,45,12,33,19,14
Hongqi South Road,Liuwei Road,8521.302597,100057,100090,35,9,26,13,13
Dongxing Road,Meijiang Park,8521.265146,100035,100096,17,0,17,9,8
Meijiang Park,Dongxing Road,8521.265146,100096,100035,5,2,3,0,3
Shunchi Bridge,Xianyang Road,8519.531873,100120,100153,730,118,612,406,206
Xianyang Road,Shunchi Bridge,8519.531873,100153,100120,707,108,599,425,174
Huayuan,Xiaobailou,8519.11337,100061,100154,1874,330,1544,1133,411
Xiaobailou,Huayuan,8519.11337,100154,100061,1814,332,1482,958,524
Beining Park,Haiguang Temple,8518.906642,100006,100048,317,55,262,213,49
Haiguang Temple,Beining Park,8518.906642,100048,100006,303,60,243,159,84
Leyuan Road,Shunchi Bridge,8518.697402,100083,100120,30,14,16,6,10
Shunchi Bridge,Leyuan Road,8518.697402,100120,100083,13,5,8,4,4
Jiangwan Erzhi Road,Yizhongxin Hospital,8518.674295,100065,100177,17,4,13,5,8
Yizhongxin Hospital,Jiangwan Erzhi Road,8518.674295,100177,100065,14,2,12,7,5
Honghu Li,Dawang Zhuang,8518.018335,100055,100023,257,50,207,157,50
Dawang Zhuang,Honghu Li,8518.018335,100023,100055,193,41,152,91,61
Tucheng,Number Two Bridge,8514.328597,100140,100110,56,17,39,21,18
Number Two Bridge,Tucheng,8514.328597,100110,100140,52,17,35,23,12
Fangshan Road,Chentang Zhuang,8513.384859,100038,100015,85,6,79,65,14
Chentang Zhuang,Fangshan Road,8513.384859,100015,100038,76,9,67,38,29
Xinkai River,Jiayuan Li,8513.33911,100160,100067,127,37,90,51,39
Jiayuan Li,Xinkai River,8513.33911,100067,100160,106,28,78,59,19
Tianjin Station,Second hospital of the Medical University,8512.974636,100135,100115,529,144,385,187,198
Second hospital of the Medical University,Tianjin Station,8512.974636,100115,100135,458,137,321,208,113
Minquan Gate,Xikang Road,8512.15956,100099,100158,442,83,359,265,94
Xikang Road,Minquan Gate,8512.15956,100158,100099,404,69,335,198,137
Haihe Education Zone,Meilin Road,8510.441005,100050,100098,40,7,33,22,11
Meilin Road,Haihe Education Zone,8510.441005,100098,100050,33,4,29,17,12
Dongxing Road,Changling Road,8508.323957,100035,100013,126,22,104,67,37
Changling Road,Dongxing Road,8508.323957,100013,100035,116,18,98,83,15
Huanyu Road,Hongni River East,8506.369815,100059,100056,2,1,1,0,1
Hongni River East,Huanyu Road,8506.369815,100056,100059,1,1,0,0,0
Wujiayao,Lingbin Road,8504.606409,100150,100087,31,5,26,16,10
Lingbin Road,Wujiayao,8504.606409,100087,100150,26,5,21,14,7
JinZhong Street,Tianshili,8501.907705,100080,100136,25,12,13,12,1
Tianshili,JinZhong Street,8501.907705,100136,100080,24,5,19,10,9
West Station,Leyuan Road,8501.485005,100149,100083,417,159,258,75,183
Leyuan Road,West Station,8501.485005,100083,100149,393,171,222,97,125
West Station,Jingjiang Road,8500.105189,100149,100072,599,205,394,97,297
Jingjiang Road,West Station,8500.105189,100072,100149,420,119,301,156,145
Wujiayao,Jianshan Road,8500.10366,100150,100066,71,16,55,33,22
Jianshan Road,Wujiayao,8500.10366,100066,100150,53,7,46,40,6
Jiefang South Road,Changling Road,8499.727225,100068,100013,153,42,111,51,60
Changling Road,Jiefang South Road,8499.727225,100013,100068,135,45,90,41,49
JinZhong River Street,People's Hospital,8494.42815,100079,100111,616,134,482,322,160
People's Hospital,JinZhong River Street,8494.42815,100111,100079,596,134,462,235,227
Xiangshan Road,Chunhai Road,8493.623586,100151,100017,124,17,107,72,35
Chunhai Road,Xiangshan Road,8493.623586,100017,100151,109,12,97,67,30
Yaohuan Road,Anshan West Road,8493.526361,100170,100003,131,31,100,74,26
Anshan West Road,Yaohuan Road,8493.526361,100003,100170,108,17,91,54,37
Yixingbu,Northwest Corner,8492.822047,100175,100109,389,84,305,192,113
Northwest Corner,Yixingbu,8492.822047,100109,100175,377,89,288,149,139
Meilin Road,Xiawafang,8491.143101,100098,100157,368,59,309,246,63
Xiawafang,Meilin Road,8491.143101,100157,100098,352,67,285,177,108
Heping Road,Jianchang Road,8489.834629,100053,100063,506,161,345,179,166
Jianchang Road,Heping Road,8489.834629,100063,100053,381,127,254,167,87
Jin Street,Zhongshan Gate,8489.073594,100070,100189,159,32,127,71,56
Zhongshan Gate,Jin Street,8489.073594,100189,100070,113,28,85,61,24
Yangwu Zhuang,Yizhongxin Hospital,8488.50565,100169,100177,195,38,157,123,34
Yizhongxin Hospital,Yangwu Zhuang,8488.50565,100177,100169,157,36,121,73,48
Huaihe Road,Tiantai Road,8488.476796,100058,100137,67,11,56,40,16
Tiantai Road,Huaihe Road,8488.476796,100137,100058,57,10,47,35,12
Zhou and Deng Memorial Museum,Zhongshan Road,8488.000685,100191,100190,484,130,354,217,137
Zhongshan Road,Zhou and Deng Memorial Museum,8488.000685,100190,100191,465,126,339,225,114
Fuxing Gate,Zhongshan Gate,8487.574565,100041,100189,38,9,29,19,10
Zhongshan Gate,Fuxing Gate,8487.574565,100189,100041,24,6,18,10,8
Taichang Road,Guoshan Road,8487.466678,100128,100047,94,31,63,34,29
Guoshan Road,Taichang Road,8487.466678,100047,100128,86,27,59,36,23
Sports Centre,University town,8487.003965,100126,100143,158,74,84,34,50
University town,Sports Centre,8487.003965,100143,100126,60,32,28,12,16
Magangchang,Liqi Zhuang South,8486.98305,100094,100088,12,0,12,8,4
Liqi Zhuang South,Magangchang,8486.98305,100088,100094,6,1,5,3,2
Second hospital of the Medical University,Huayuan,8486.47835,100115,100061,402,39,363,293,70
Huayuan,Second hospital of the Medical University,8486.47835,100061,100115,361,40,321,240,81
Shaliu South Road,Xunhai Road,8485.199165,100116,100166,45,10,35,32,3
Xunhai Road,Shaliu South Road,8485.199165,100166,100116,35,11,24,16,8
Liuwei Road,People's Hospital,8484.449945,100090,100111,77,9,68,45,23
People's Hospital,Liuwei Road,8484.449945,100111,100090,73,14,59,32,27
Lijiang Road,Huashan Li,8482.807604,100085,100060,21,4,17,10,7
Huashan Li,Lijiang Road,8482.807604,100060,100085,19,6,13,3,10
Jintang Road,Xuzhuangzi,8481.48823,100077,100168,67,10,57,46,11
Xuzhuangzi,Jintang Road,8481.48823,100168,100077,60,9,51,31,20
Yingfeng Road,Gulou,8481.431072,100173,100045,865,298,567,336,231
Gulou,Yingfeng Road,8481.431072,100045,100173,721,220,501,234,267
Tian Tower,Jingjiang Road,8479.33375,100133,100072,494,137,357,169,188
Jingjiang Road,Tian Tower,8479.33375,100072,100133,464,117,347,244,103
People's Hospital,Leyuan Road,8478.048753,100111,100083,674,189,485,299,186
Leyuan Road,People's Hospital,8478.048753,100083,100111,616,181,435,191,244
Taichang Road,Second hospital of the Medical University,8476.631462,100128,100115,106,29,77,38,39
Second hospital of the Medical University,Taichang Road,8476.631462,100115,100128,101,38,63,46,17
Shunchi Bridge,Tianshili,8475.420683,100120,100136,39,2,37,27,10
Tianshili,Shunchi Bridge,8475.420683,100136,100120,29,6,23,13,10
Gulou,Zhangxing Zhuang,8469.755865,100045,100185,280,105,175,79,96
Zhangxing Zhuang,Gulou,8469.755865,100185,100045,259,90,169,95,74
Foreign Languages High School,Xiaobailou,8469.733967,100040,100154,172,30,142,111,31
Xiaobailou,Foreign Languages High School,8469.733967,100154,100040,141,28,113,68,45
Yingfeng Road,Bei Zhulin,8467.541076,100173,100004,62,25,37,23,14
Bei Zhulin,Yingfeng Road,8467.541076,100004,100173,61,14,47,36,11
Cuifu New Village,Northwest Corner,8464.454766,100019,100109,443,101,342,235,107
Northwest Corner,Cuifu New Village,8464.454766,100109,100019,316,79,237,118,119
Yudongcheng,Zhicheng Road,8464.393437,100180,100187,260,46,214,150,64
Zhicheng Road,Yudongcheng,8464.393437,100187,100180,174,30,144,111,33
Southwest Tower,Changhong Park,8463.847864,100125,100012,179,34,145,92,53
Changhong Park,Southwest Tower,8463.847864,100012,100125,162,36,126,85,41
Shiyijing Road,Fuxing Road,8459.27652,100117,100042,48,3,45,32,13
Fuxing Road,Shiyijing Road,8459.27652,100042,100117,46,6,40,32,8
Northwest Corner,Zhicheng Road,8458.914875,100109,100187,167,46,121,76,45
Zhicheng Road,Northwest Corner,8458.914875,100187,100109,144,39,105,59,46
Yingfeng Road,Zhigu,8457.172679,100173,100188,238,46,192,133,59
Zhigu,Yingfeng Road,8457.172679,100188,100173,224,40,184,118,66
Shaliu South Road,Yingkou Road,8456.555245,100116,100174,398,127,271,152,119
Yingkou Road,Shaliu South Road,8456.555245,100174,100116,396,118,278,114,164
Xinkai River,Xiawafang,8455.677314,100160,100157,86,20,66,42,24
Xiawafang,Xinkai River,8455.677314,100157,100160,74,13,61,48,13
Anshan West Road,Meijiang Road,8454.812515,100003,100097,479,68,411,290,121
Meijiang Road,Anshan West Road,8454.812515,100097,100003,470,62,408,304,104
Yixingbu North,Yuanyang International Centre,8453.975214,100176,100179,256,59,197,139,58
Yuanyang International Centre,Yixingbu North,8453.975214,100179,100176,222,48,174,107,67
Xingfu Park,Haiguang Temple,8453.237223,100159,100048,959,188,771,537,234
Haiguang Temple,Xingfu Park,8453.237223,100048,100159,886,168,718,480,238
Chentang Zhuang,Dongjiang Road,8449.999242,100015,100028,2,0,2,0,2
Heping Road,Laoshan Road,8449.817608,100053,100082,452,140,312,162,150
Laoshan Road,Heping Road,8449.817608,100082,100053,385,118,267,162,105
Tianjin Hotel,Changhong Park,8449.73601,100134,100012,418,128,290,183,107
Changhong Park,Tianjin Hotel,8449.73601,100012,100134,400,118,282,194,88
Anshan West Road,Beining Park,8448.520025,100003,100006,672,128,544,375,169
Beining Park,Anshan West Road,8448.520025,100006,100003,656,128,528,408,120
Xuzhuangzi,West Station,8445.411533,100168,100149,260,58,202,83,119
West Station,Xuzhuangzi,8445.411533,100149,100168,216,69,147,46,101
Huayuan,Jinwan Square,8444.749073,100061,100078,1067,252,815,493,322
Jinwan Square,Huayuan,8444.749073,100078,100061,957,235,722,375,347
Zhigu,Lijiang Road,8443.80661,100188,100085,83,10,73,41,32
Lijiang Road,Zhigu,8443.80661,100085,100188,48,8,40,23,17
North China Group,Foreign Languages High School,8443.388609,100107,100040,39,4,35,20,15
Foreign Languages High School,North China Group,8443.388609,100040,100107,35,4,31,22,9
Tiedong Road,Xiaobailou,8442.174587,100139,100154,1262,251,1011,759,252
Xiaobailou,Tiedong Road,8442.174587,100154,100139,1146,226,920,523,397
Jianchang Road,Xuzhou Road,8442.118324,100063,100167,257,43,214,158,56
Xuzhou Road,Jianchang Road,8442.118324,100167,100063,220,36,184,109,75
Jingli Road,Meijiang Road,8441.235021,100073,100097,176,28,148,109,39
Meijiang Road,Jingli Road,8441.235021,100097,100073,174,20,154,108,46
JinZhong River Street,Yingkou Road,8438.642395,100079,100174,1307,429,878,536,342
Yingkou Road,JinZhong River Street,8438.642395,100174,100079,1253,377,876,413,463
Meijiang Road,Yutai,8437.642501,100097,100183,11,4,7,6,1
Xiaobailou,Yaohuan Road,8436.763804,100154,100170,249,64,185,100,85
Yaohuan Road,Xiaobailou,8436.763804,100170,100154,226,48,178,112,66
Shaliu South Road,Nanlou,8433.944047,100116,100102,73,14,59,43,16
Nanlou,Shaliu South Road,8433.944047,100102,100116,58,13,45,25,20
Guangkaisima Road,Taichang Road,8433.105352,100044,100128,447,132,315,195,120
Taichang Road,Guangkaisima Road,8433.105352,100128,100044,422,119,303,175,128
Jin Street,JinZhong River Street,8431.20934,100070,100079,244,55,189,105,84
JinZhong River Street,Jin Street,8431.20934,100079,100070,214,48,166,122,44
Haihe East Road,Chenglin Road,8430.344692,100049,100014,1,1,0,0,0
South Station,Hongqi South Road,8430.314979,100122,100057,3045,786,2259,1207,1052
Hongqi South Road,South Station,8430.314979,100057,100122,2750,767,1983,1198,785
Dengzhou Road,Huanyu Road,8429.587179,100024,100059,15,6,9,8,1
Huanyu Road,Dengzhou Road,8429.587179,100059,100024,12,1,11,8,3
Minquan Gate,Nansun Zhuang,8428.442965,100099,100103,18,9,9,6,3
Nansun Zhuang,Minquan Gate,8428.442965,100103,100099,17,5,12,3,9
Huaihe Road,Xingfu Park,8426.130301,100058,100159,525,96,429,291,138
Xingfu Park,Huaihe Road,8426.130301,100159,100058,499,96,403,254,149
Meijiang Exhibition Centre,Xiaobailou,8425.960489,100095,100154,450,107,343,239,104
Xiaobailou,Meijiang Exhibition Centre,8425.960489,100154,100095,442,104,338,217,121
Xinkai River,Dongxing Road,8424.972041,100160,100035,11,5,6,2,4
Dongxing Road,Xinkai River,8424.972041,100035,100160,10,0,10,9,1
Tumour Hospital,Zhongshan Gate,8424.439573,100141,100189,672,110,562,333,229
Zhongshan Gate,Tumour Hospital,8424.439573,100189,100141,572,92,480,356,124
Nanhe Zhuang,North Station,8423.399211,100101,100108,215,49,166,66,100
North Station,Nanhe Zhuang,8423.399211,100108,100101,182,54,128,65,63
Leyuan Road,Southeast Corner,8422.3427,100083,100123,97,50,47,23,24
Southeast Corner,Leyuan Road,8422.3427,100123,100083,54,24,30,12,18
Nancuiping,Jinwan Square,8422.026334,100100,100078,158,51,107,87,20
Jinwan Square,Nancuiping,8422.026334,100078,100100,137,32,105,63,42
Yueya River,Nansun Zhuang,8421.420301,100182,100103,5,1,4,3,1
Nansun Zhuang,Yueya River,8421.420301,100103,100182,1,1,0,0,0
Jinwan Square,Jieyuan West Road,8420.949554,100078,100069,275,77,198,96,102
Jieyuan West Road,Jinwan Square,8420.949554,100069,100078,245,71,174,148,26
Bei Zhulin,Liuwei Road,8419.59187,100004,100090,4,2,2,1,1
Liuwei Road,Bei Zhulin,8419.59187,100090,100004,2,2,0,0,0
Shiyijing Road,People's Hospital,8419.002804,100117,100111,196,27,169,122,47
People's Hospital,Shiyijing Road,8419.002804,100111,100117,183,30,153,117,36
Jieyuan West Road,Wangdingdi,8418.558976,100069,100145,66,14,52,43,9
Wangdingdi,Jieyuan West Road,8418.558976,100145,100069,59,11,48,38,10
Youyi South Road,Chentang Zhuang,8415.702617,100178,100015,62,10,52,28,24
Chentang Zhuang,Youyi South Road,8415.702617,100015,100178,51,7,44,23,21
Nancuiping,Southwest corner,8415.645295,100100,100124,235,63,172,117,55
Southwest corner,Nancuiping,8415.645295,100124,100100,234,59,175,119,56
Wandong Road,Weishan Road,8415.019581,100144,100148,79,24,55,42,13
Weishan Road,Wandong Road,8415.019581,100148,100144,59,14,45,31,14
Nanlou,Lijiang Road,8412.400026,100102,100085,40,8,32,19,13
Lijiang Road,Nanlou,8412.400026,100085,100102,27,10,17,10,7
Xianyang Road,Tumour Hospital,8412.189797,100153,100141,524,73,451,308,143
Tumour Hospital,Xianyang Road,8412.189797,100141,100153,490,87,403,192,211
Tianjin Station,Shaliu South Road,8410.587948,100135,100116,469,154,315,143,172
Shaliu South Road,Tianjin Station,8410.587948,100116,100135,392,91,301,158,143
Jinshi Bridge,Cultural centre,8409.778352,100076,100020,324,115,209,139,70
Cultural centre,Jinshi Bridge,8409.778352,100020,100076,281,82,199,132,67
West Station,Cultural centre,8409.39432,100149,100020,889,308,581,174,407
Cultural centre,West Station,8409.39432,100020,100149,782,322,460,245,215
Jiangwan Erzhi Road,Xuelian South Road,8408.695595,100065,100164,10,2,8,4,4
Xuelian South Road,Jiangwan Erzhi Road,8408.695595,100164,100065,10,1,9,0,9
Laoshan Road,Xuzhou Road,8407.999823,100082,100167,467,75,392,325,67
Xuzhou Road,Laoshan Road,8407.999823,100167,100082,443,71,372,276,96
Dongjiang Road,Dongli Sanjing Road,8407.318361,100028,100032,386,35,351,278,73
Dongli Sanjing Road,Dongjiang Road,8407.318361,100032,100028,370,31,339,276,63
Nancuiping,Fuxing Road,8407.219484,100100,100042,105,21,84,62,22
Fuxing Road,Nancuiping,8407.219484,100042,100100,94,16,78,49,29
Cultural centre,Gulou,8406.539635,100020,100045,466,209,257,133,124
Gulou,Cultural centre,8406.539635,100045,100020,385,168,217,86,131
Tianjin Station,Tiantuo,8406.007895,100135,100138,744,195,549,311,238
Tiantuo,Tianjin Station,8406.007895,100138,100135,588,149,439,264,175
Zhou and Deng Memorial Museum,Chinese Medicine First Affiliated Hospital,8405.838365,100191,100016,49,12,37,16,21
Chinese Medicine First Affiliated Hospital,Zhou and Deng Memorial Museum,8405.838365,100016,100191,47,10,37,14,23
Xinkai River,Jieyuan West Road,8405.077171,100160,100069,65,11,54,27,27
Jieyuan West Road,Xinkai River,8405.077171,100069,100160,58,19,39,33,6
Northwest Corner,Jintang Road,8403.615201,100109,100077,381,80,301,139,162
Jintang Road,Northwest Corner,8403.615201,100077,100109,372,99,273,177,96
Leyuan Road,North Station,8403.271013,100083,100108,83,46,37,23,14
North Station,Leyuan Road,8403.271013,100108,100083,48,11,37,13,24
Zuojiang Road,Liqi Zhuang South,8400.957154,100192,100088,3,1,2,1,1
Yixingbu North,JinZhong Street,8399.87199,100176,100080,89,18,71,43,28
JinZhong Street,Yixingbu North,8399.87199,100080,100176,77,14,63,32,31
Xingfu Park,Guangkaisima Road,8398.966113,100159,100044,269,50,219,144,75
Guangkaisima Road,Xingfu Park,8398.966113,100044,100159,261,50,211,152,59
Chenglin Road,Changhong Park,8398.252175,100014,100012,271,82,189,138,51
Changhong Park,Chenglin Road,8398.252175,100012,100014,232,52,180,113,67
Foreign Languages High School,Yizhongxin Hospital,8397.331138,100040,100177,138,18,120,97,23
Yizhongxin Hospital,Foreign Languages High School,8397.331138,100177,100040,111,15,96,76,20
Nanlou,Yingfeng Road,8396.769616,100102,100173,101,27,74,43,31
Yingfeng Road,Nanlou,8396.769616,100173,100102,94,26,68,49,19
Magangchang,Tumour Hospital,8396.728985,100094,100141,144,23,121,86,35
Tumour Hospital,Magangchang,8396.728985,100141,100094,127,18,109,44,65
Xiawafang,Minquan Gate,8394.828281,100157,100099,345,75,270,148,122
Minquan Gate,Xiawafang,8394.828281,100099,100157,337,79,258,161,97
JinZhong River Street,Professional University,8394.046062,100079,100112,355,108,247,157,90
Professional University,JinZhong River Street,8394.046062,100112,100079,310,85,225,167,58
Liuwei Road,Siyuan Road,8390.439397,100090,100121,21,8,13,0,13
Siyuan Road,Liuwei Road,8390.439397,100121,100090,20,6,14,7,7
Hangshuang Road,Haihe East Road,8390.19756,100051,100049,5,0,5,5,0
Jianshan Road,Huayuan,8388.39006,100066,100061,235,29,206,160,46
Huayuan,Jianshan Road,8388.39006,100061,100066,168,23,145,98,47
Yixingbu North,Shunchi Bridge,8388.326309,100176,100120,88,13,75,57,18
Shunchi Bridge,Yixingbu North,8388.326309,100120,100176,74,13,61,46,15
Zhou and Deng Memorial Museum,Fuxing Road,8385.29191,100191,100042,24,14,10,3,7
Fuxing Road,Zhou and Deng Memorial Museum,8385.29191,100042,100191,18,8,10,5,5
Nanzhu Bridge,Wanshan Road,8384.064599,100104,100146,72,10,62,45,17
Wanshan Road,Nanzhu Bridge,8384.064599,100146,100104,69,10,59,41,18
Zhongshan Gate,Dongli Development Zone,8382.987999,100189,100030,2015,348,1667,1232,435
Dongli Development Zone,Zhongshan Gate,8382.987999,100030,100189,1702,330,1372,989,383
Youyi South Road,Jianshan Road,8379.519116,100178,100066,1,0,1,1,0
Jianshan Road,Youyi South Road,8379.519116,100066,100178,1,1,0,0,0
Laoshan Road,Zhaoyuan Road,8377.765625,100082,100186,43,9,34,18,16
Zhaoyuan Road,Laoshan Road,8377.765625,100186,100082,43,7,36,29,7
Zhangxing Zhuang,People's Hospital,8377.27211,100185,100111,50,9,41,26,15
People's Hospital,Zhangxing Zhuang,8377.27211,100111,100185,39,9,30,9,21
Wandong Road,Haiguang Temple,8376.177412,100144,100048,208,39,169,130,39
Haiguang Temple,Wandong Road,8376.177412,100048,100144,164,25,139,81,58
Cuifu New Village,Haiguang Temple,8376.024166,100019,100048,493,82,411,326,85
Haiguang Temple,Cuifu New Village,8376.024166,100048,100019,346,66,280,194,86
Chinese Medicine First Affiliated Hospital,Meijiang Exhibition Centre,8374.633561,100016,100095,69,18,51,13,38
Meijiang Exhibition Centre,Chinese Medicine First Affiliated Hospital,8374.633561,100095,100016,50,14,36,17,19
Beiyangyuan Campus of Tianjin University,Jiefang South Road,8370.115308,100007,100068,521,240,281,166,115
Jiefang South Road,Beiyangyuan Campus of Tianjin University,8370.115308,100068,100007,509,238,271,59,212
High-Tech Zone,Tumour Hospital,8368.845081,100054,100141,456,63,393,320,73
Tumour Hospital,High-Tech Zone,8368.845081,100141,100054,442,49,393,268,125
Zhongshan Road,Taichang Road,8368.582339,100190,100128,192,55,137,60,77
Taichang Road,Zhongshan Road,8368.582339,100128,100190,169,51,118,60,58
West Station,Nanlou,8368.023901,100149,100102,1623,439,1184,357,827
Nanlou,West Station,8368.023901,100102,100149,1394,417,977,589,388
Changhong Park,Nanlou,8367.636504,100012,100102,326,73,253,177,76
Nanlou,Changhong Park,8367.636504,100102,100012,316,72,244,146,98
Hongqi South Road,Liqi Zhuang South,8366.773407,100057,100088,37,10,27,14,13
Liqi Zhuang South,Hongqi South Road,8366.773407,100088,100057,29,4,25,15,10
Haiguang Temple,Zhongshan Gate,8364.521005,100048,100189,629,114,515,331,184
Zhongshan Gate,Haiguang Temple,8364.521005,100189,100048,625,104,521,422,99
Lijiang Road,Zhou and Deng Memorial Museum,8364.367445,100085,100191,2,0,2,0,2
Yingfeng Road,Jieyuan West Road,8360.189443,100173,100069,289,54,235,147,88
Jieyuan West Road,Yingfeng Road,8360.189443,100069,100173,209,42,167,114,53
Zhaoyuan Road,Lilou,8359.738952,100186,100086,6,3,3,2,1
Lilou,Zhaoyuan Road,8359.738952,100086,100186,4,0,4,2,2
Bei Zhulin,Shiyijing Road,8355.700244,100004,100117,12,2,10,9,1
Shiyijing Road,Bei Zhulin,8355.700244,100117,100004,6,0,6,4,2
Yudongcheng,Jin Street,8351.045723,100180,100070,671,118,553,416,137
Jin Street,Yudongcheng,8351.045723,100070,100180,629,123,506,278,228
Xianyang Road,Beining Park,8348.799569,100153,100006,247,77,170,109,61
Beining Park,Xianyang Road,8348.799569,100006,100153,245,67,178,118,60
Tucheng,Guangkaisima Road,8348.667527,100140,100044,451,89,362,237,125
Guangkaisima Road,Tucheng,8348.667527,100044,100140,431,72,359,246,113
Anshan Road,Meijiang Road,8348.23203,100002,100097,307,41,266,191,75
Meijiang Road,Anshan Road,8348.23203,100097,100002,303,37,266,195,71
Hongqi South Road,Yuanyang International Centre,8347.836884,100057,100179,480,118,362,248,114
Yuanyang International Centre,Hongqi South Road,8347.836884,100179,100057,470,127,343,208,135
Bei Zhulin,Cao Zhuang,8341.366734,100004,100011,59,28,31,10,21
Cao Zhuang,Bei Zhulin,8341.366734,100011,100004,46,22,24,6,18
Honghu Li,JinZhong River Street,8340.584886,100055,100079,181,50,131,87,44
JinZhong River Street,Honghu Li,8340.584886,100079,100055,178,46,132,100,32
Liaohe North Road,Bei Zhulin,8339.188463,100084,100004,9,2,7,1,6
Bei Zhulin,Liaohe North Road,8339.188463,100004,100084,8,1,7,3,4
Wandong Road,Dongjiang Road,8337.22317,100144,100028,15,3,12,11,1
Dongjiang Road,Wandong Road,8337.22317,100028,100144,10,0,10,6,4
Liaohe North Road,Tianjin Station,8337.029606,100084,100135,275,73,202,125,77
Tianjin Station,Liaohe North Road,8337.029606,100135,100084,273,80,193,70,123
Liuyuan,Northwest Corner,8336.153758,100091,100109,6710,1700,5010,3053,1957
Northwest Corner,Liuyuan,8336.153758,100109,100091,6496,1716,4780,2460,2320
Leyuan Road,Beining Park,8335.429651,100083,100006,60,35,25,11,14
Beining Park,Leyuan Road,8335.429651,100006,100083,43,21,22,13,9
Yihao Bridge,Yingkou Road,8334.866584,100172,100174,778,228,550,327,223
Yingkou Road,Yihao Bridge,8334.866584,100174,100172,708,225,483,230,253
Yudongcheng,Liulin Road,8334.105608,100180,100089,600,120,480,265,215
Liulin Road,Yudongcheng,8334.105608,100089,100180,572,123,449,241,208
Erwei Road,Xingfu Park,8333.933666,100036,100159,186,36,150,92,58
Xingfu Park,Erwei Road,8333.933666,100159,100036,182,38,144,105,39
Meijiang Exhibition Centre,Lijiang Road,8333.162641,100095,100085,3,2,1,0,1
Lijiang Road,Meijiang Exhibition Centre,8333.162641,100085,100095,1,0,1,0,1
Binhai International Airport,Laoshan Road,8333.054116,100010,100082,111,38,73,27,46
Laoshan Road,Binhai International Airport,8333.054116,100082,100010,80,26,54,30,24
Zhou and Deng Memorial Museum,Zuojiang Road,8332.606021,100191,100192,24,5,19,10,9
Zuojiang Road,Zhou and Deng Memorial Museum,8332.606021,100192,100191,19,5,14,7,7
Sports Centre,Changhong Park,8331.511335,100126,100012,68,30,38,13,25
Changhong Park,Sports Centre,8331.511335,100012,100126,44,11,33,22,11
Jingjiang Road,Liaohe North Road,8331.206203,100072,100084,236,35,201,153,48
Liaohe North Road,Jingjiang Road,8331.206203,100084,100072,209,37,172,131,41
Yixingbu,Southeast Corner,8328.41336,100175,100123,561,134,427,349,78
Southeast Corner,Yixingbu,8328.41336,100123,100175,496,127,369,179,190
Southeast Corner,Zhicheng Road,8326.769945,100123,100187,238,80,158,83,75
Zhicheng Road,Southeast Corner,8326.769945,100187,100123,235,87,148,92,56
Xiaobailou,Beining Park,8324.806988,100154,100006,348,88,260,163,97
Beining Park,Xiaobailou,8324.806988,100006,100154,273,66,207,151,56
Cuifu New Village,Guangkaisima Road,8324.417283,100019,100044,460,77,383,291,92
Guangkaisima Road,Cuifu New Village,8324.417283,100044,100019,385,62,323,228,95
Zhicheng Road,Nanhe Zhuang,8323.498659,100187,100101,24,8,16,12,4
Nanhe Zhuang,Zhicheng Road,8323.498659,100101,100187,20,5,15,10,5
Second hospital of the Medical University,Jingjiang Road,8323.211231,100115,100072,260,38,222,164,58
Jingjiang Road,Second hospital of the Medical University,8323.211231,100072,100115,227,39,188,133,55
Shuanglin,Wanshan Road,8322.593814,100119,100146,28,5,23,15,8
Wanshan Road,Shuanglin,8322.593814,100146,100119,26,4,22,21,1
Minquan Gate,Xuzhou Road,8321.529539,100099,100167,155,17,138,110,28
Xuzhou Road,Minquan Gate,8321.529539,100167,100099,144,16,128,92,36
Tianshili,Jianguo Road,8318.762715,100136,100064,89,18,71,53,18
Jianguo Road,Tianshili,8318.762715,100064,100136,59,13,46,22,24
Xiawafang,Jiangwan Erzhi Road,8318.494922,100157,100065,183,34,149,93,56
Jiangwan Erzhi Road,Xiawafang,8318.494922,100065,100157,178,26,152,114,38
Benxi Road,Anshan Road,8314.701691,100008,100002,2639,586,2053,1346,707
Anshan Road,Benxi Road,8314.701691,100002,100008,2524,510,2014,1069,945
Wanshan Road,Dongxing Road,8313.707965,100146,100035,7,0,7,5,2
Dongxing Road,Wanshan Road,8313.707965,100035,100146,1,1,0,0,0
Jianchang Road,Xiawafang,8312.535661,100063,100157,577,108,469,336,133
Xiawafang,Jianchang Road,8312.535661,100157,100063,532,96,436,275,161
Meilin Road,Sports Centre,8311.92702,100098,100126,70,18,52,41,11
Sports Centre,Meilin Road,8311.92702,100126,100098,54,18,36,17,19
Chinese Medicine First Affiliated Hospital,Nanlou,8311.474187,100016,100102,254,63,191,107,84
Nanlou,Chinese Medicine First Affiliated Hospital,8311.474187,100102,100016,243,55,188,99,89
Fangshan Road,Yuanyang International Centre,8311.35823,100038,100179,97,25,72,58,14
Yuanyang International Centre,Fangshan Road,8311.35823,100179,100038,78,22,56,36,20
Siyuan Road,Wandong Road,8311.252629,100121,100144,19,6,13,12,1
Wandong Road,Siyuan Road,8311.252629,100144,100121,10,3,7,3,4
The Financial University,Laoshan Road,8310.660275,100132,100082,354,70,284,196,88
Laoshan Road,The Financial University,8310.660275,100082,100132,341,85,256,138,118
Fuxing Road,Shunchi Bridge,8308.909054,100042,100120,48,10,38,28,10
Shunchi Bridge,Fuxing Road,8308.909054,100120,100042,41,8,33,22,11
Dengzhou Road,Jianguo Road,8306.876904,100024,100064,511,123,388,292,96
Jianguo Road,Dengzhou Road,8306.876904,100064,100024,467,89,378,222,156
Chinese Medicine First Affiliated Hospital,Zhigu,8304.724652,100016,100188,683,174,509,261,248
Zhigu,Chinese Medicine First Affiliated Hospital,8304.724652,100188,100016,673,148,525,313,212
Lingbin Road,Dongxing Road,8304.077686,100087,100035,93,8,85,68,17
Dongxing Road,Lingbin Road,8304.077686,100035,100087,83,14,69,48,21
Cao Zhuang,Tiantuo,8301.502875,100011,100138,714,131,583,426,157
Tiantuo,Cao Zhuang,8301.502875,100138,100011,650,123,527,341,186
Fengchan River,North Station,8299.213247,100039,100108,96,21,75,56,19
North Station,Fengchan River,8299.213247,100108,100039,85,21,64,42,22
Xinli,Dongxing Road,8299.166572,100161,100035,609,89,520,404,116
Dongxing Road,Xinli,8299.166572,100035,100161,558,82,476,335,141
Yueya River,Fuxing Road,8298.738778,100182,100042,115,23,92,71,21
Fuxing Road,Yueya River,8298.738778,100042,100182,98,26,72,52,20
North China Group,Beining Park,8298.46163,100107,100006,253,59,194,127,67
Beining Park,North China Group,8298.46163,100006,100107,218,40,178,127,51
Dongxing Road,Fangshan Road,8294.003139,100035,100038,7,0,7,6,1
Fangshan Road,Dongxing Road,8294.003139,100038,100035,6,1,5,5,0
Foreign Languages High School,Zhigu,8292.957075,100040,100188,67,11,56,42,14
Zhigu,Foreign Languages High School,8292.957075,100188,100040,57,12,45,31,14
Jinmao Industrial Area,Jiangwan Erzhi Road,8292.889847,100074,100065,29,1,28,22,6
Jiangwan Erzhi Road,Jinmao Industrial Area,8292.889847,100065,100074,28,3,25,18,7
Lilou,Tucheng,8288.536216,100086,100140,1055,128,927,656,271
Tucheng,Lilou,8288.536216,100140,100086,1038,132,906,594,312
Jianshan Road,Tianjin Station,8287.257309,100066,100135,261,83,178,108,70
Tianjin Station,Jianshan Road,8287.257309,100135,100066,234,101,133,62,71
Zhigu,Tiedong Road,8286.820861,100188,100139,166,30,136,84,52
Tiedong Road,Zhigu,8286.820861,100139,100188,139,33,106,71,35
Jianguo Road,Yizhongxin Hospital,8286.228283,100064,100177,225,55,170,127,43
Yizhongxin Hospital,Jianguo Road,8286.228283,100177,100064,212,44,168,131,37
Tiedong Road,Guangkaisima Road,8286.17951,100139,100044,227,53,174,119,55
Guangkaisima Road,Tiedong Road,8286.17951,100044,100139,191,38,153,104,49
North Station,Tian Tower,8285.946329,100108,100133,489,184,305,160,145
Tian Tower,North Station,8285.946329,100133,100108,474,133,341,173,168
Tucheng,Xuelian South Road,8283.391962,100140,100164,33,5,28,22,6
Xuelian South Road,Tucheng,8283.391962,100164,100140,24,2,22,14,8
Meijiang Park,Wangdingdi,8283.29331,100096,100145,6,4,2,1,1
Wangdingdi,Meijiang Park,8283.29331,100145,100096,4,1,3,3,0
Tiantuo,Xuefu Industrial Area,8283.203774,100138,100163,153,10,143,123,20
Xuefu Industrial Area,Tiantuo,8283.203774,100163,100138,138,10,128,104,24
Wangdingdi,Xiawafang,8283.079515,100145,100157,223,48,175,128,47
Xiawafang,Wangdingdi,8283.079515,100157,100145,189,33,156,105,51
Jintang Road,Meijiang Park,8282.848438,100077,100096,42,10,32,19,13
Meijiang Park,Jintang Road,8282.848438,100096,100077,38,11,27,22,5
Hongqi South Road,Jinshi Bridge,8282.77511,100057,100076,1440,263,1177,761,416
Jinshi Bridge,Hongqi South Road,8282.77511,100076,100057,1399,276,1123,798,325
Chenglin Road,JinZhong Street,8282.65236,100014,100080,264,45,219,140,79
JinZhong Street,Chenglin Road,8282.65236,100080,100014,241,46,195,124,71
Huanyu Road,Lijiang Road,8282.245862,100059,100085,20,5,15,6,9
Lijiang Road,Huanyu Road,8282.245862,100085,100059,18,2,16,5,11
Erwei Road,Yingfeng Road,8278.353488,100036,100173,173,24,149,76,73
Yingfeng Road,Erwei Road,8278.353488,100173,100036,159,29,130,78,52
Wujiayao,People's Hospital,8278.245778,100150,100111,603,81,522,407,115
People's Hospital,Wujiayao,8278.245778,100111,100150,597,74,523,370,153
Shaliu South Road,Airport Economic Zone,8277.902467,100116,100001,129,22,107,86,21
Airport Economic Zone,Shaliu South Road,8277.902467,100001,100116,95,14,81,54,27
Changling Road,Tucheng,8276.554273,100013,100140,381,90,291,188,103
Tucheng,Changling Road,8276.554273,100140,100013,347,77,270,166,104
Dabi Zhuang,Foreign Languages High School,8275.357473,100021,100040,72,8,64,50,14
Foreign Languages High School,Dabi Zhuang,8275.357473,100040,100021,69,9,60,34,26
Jingjiang Road,Tiantai Road,8274.689368,100072,100137,284,48,236,167,69
Tiantai Road,Jingjiang Road,8274.689368,100137,100072,223,41,182,123,59
Zhigu,Meijiang Exhibition Centre,8274.548995,100188,100095,237,66,171,107,64
Meijiang Exhibition Centre,Zhigu,8274.548995,100095,100188,207,54,153,102,51
Xuzhou Road,Tiantai Road,8273.795831,100167,100137,37,6,31,26,5
Tiantai Road,Xuzhou Road,8273.795831,100137,100167,25,4,21,18,3
Dengzhou Road,Jinwan Square,8272.809345,100024,100078,327,39,288,235,53
Jinwan Square,Dengzhou Road,8272.809345,100078,100024,319,61,258,167,91
Zuojiang Road,Jingli Road,8269.693992,100192,100073,259,37,222,155,67
Jingli Road,Zuojiang Road,8269.693992,100073,100192,251,43,208,167,41
Yingkou Road,Zhangxing Zhuang,8266.179646,100174,100185,1176,367,809,381,428
Zhangxing Zhuang,Yingkou Road,8266.179646,100185,100174,1128,372,756,460,296
Tucheng,Longhan Road,8265.172395,100140,100092,111,17,94,69,25
Longhan Road,Tucheng,8265.172395,100092,100140,99,13,86,67,19
Chenglin Road,Meijiang Road,8263.92045,100014,100097,273,42,231,189,42
Meijiang Road,Chenglin Road,8263.92045,100097,100014,241,27,214,173,41
Dengzhou South Road,Magangchang,8262.867108,100025,100094,55,7,48,38,10
Magangchang,Dengzhou South Road,8262.867108,100094,100025,54,8,46,29,17
Shunchi Bridge,People's Hospital,8261.674786,100120,100111,189,26,163,113,50
People's Hospital,Shunchi Bridge,8261.674786,100111,100120,181,26,155,89,66
Tucheng,Meijiang Park,8260.498983,100140,100096,9,3,6,2,4
Meijiang Park,Tucheng,8260.498983,100096,100140,4,1,3,2,1
Cuifu New Village,Erwei Road,8259.496311,100019,100036,176,29,147,105,42
Erwei Road,Cuifu New Village,8259.496311,100036,100019,147,28,119,67,52
Laoshan Road,Jianchang Road,8258.538714,100082,100063,15,3,12,5,7
Jianchang Road,Laoshan Road,8258.538714,100063,100082,9,3,6,5,1
Changling Road,Jintang Road,8257.828016,100013,100077,436,95,341,216,125
Jintang Road,Changling Road,8257.828016,100077,100013,399,83,316,170,146
Yaohuan Road,Zhigu,8256.355831,100170,100188,93,24,69,47,22
Zhigu,Yaohuan Road,8256.355831,100188,100170,84,26,58,36,22
Tumour Hospital,Guangkaisima Road,8252.147141,100141,100044,349,70,279,167,112
Guangkaisima Road,Tumour Hospital,8252.147141,100044,100141,333,55,278,190,88
Fuxing Gate,Second hospital of the Medical University,8251.175,100041,100115,8,0,8,5,3
Jianshan Road,Taichang Road,8250.914135,100066,100128,75,17,58,40,18
Taichang Road,Jianshan Road,8250.914135,100128,100066,50,13,37,27,10
Xuzhuangzi,Taichang Road,8250.554043,100168,100128,62,8,54,37,17
Taichang Road,Xuzhuangzi,8250.554043,100128,100168,59,11,48,27,21
Jinmao Industrial Area,Xingfu Park,8250.25341,100074,100159,11,1,10,8,2
Xingfu Park,Jinmao Industrial Area,8250.25341,100159,100074,9,0,9,7,2
Xiawafang,Fuxing Road,8245.957502,100157,100042,127,29,98,71,27
Fuxing Road,Xiawafang,8245.957502,100042,100157,116,27,89,58,31
Jianguo Road,Yixingbu North,8245.682742,100064,100176,189,26,163,105,58
Yixingbu North,Jianguo Road,8245.682742,100176,100064,176,31,145,117,28
Liuwei Road,Dengzhou Road,8242.750988,100090,100024,51,17,34,12,22
Dengzhou Road,Liuwei Road,8242.750988,100024,100090,34,6,28,22,6
Wangdingdi,Erwei Road,8241.619246,100145,100036,230,37,193,152,41
Erwei Road,Wangdingdi,8241.619246,100036,100145,226,30,196,134,62
Tucheng,Northwest Corner,8239.048666,100140,100109,2457,566,1891,1130,761
Northwest Corner,Tucheng,8239.048666,100109,100140,2308,512,1796,1127,669
Tianshili,Jinwan Square,8234.444193,100136,100078,308,53,255,208,47
Jinwan Square,Tianshili,8234.444193,100078,100136,252,46,206,130,76
Dongting Road,Lingbin Road,8232.336891,100034,100087,27,8,19,13,6
Lingbin Road,Dongting Road,8232.336891,100087,100034,13,3,10,7,3
Xiawafang,Wanshan Road,8229.274889,100157,100146,25,5,20,6,14
Wanshan Road,Xiawafang,8229.274889,100146,100157,17,4,13,10,3
Yibin Road,Xuzhou Road,8228.195097,100171,100167,105,20,85,68,17
Xuzhou Road,Yibin Road,8228.195097,100167,100171,105,14,91,65,26
Tiantai Road,Xiaobailou,8226.376746,100137,100154,943,195,748,544,204
Xiaobailou,Tiantai Road,8226.376746,100154,100137,853,168,685,401,284
Anshan West Road,Xiawafang,8226.054342,100003,100157,372,48,324,208,116
Xiawafang,Anshan West Road,8226.054342,100157,100003,370,54,316,214,102
Nanlou,Yaohuan Road,8224.949247,100102,100170,66,12,54,37,17
Yaohuan Road,Nanlou,8224.949247,100170,100102,50,10,40,21,19
Zhongshan Road,Benxi Road,8223.535457,100190,100008,117,33,84,37,47
Benxi Road,Zhongshan Road,8223.535457,100008,100190,78,25,53,36,17
Erwei Road,Chentang Zhuang,8223.054429,100036,100015,861,133,728,516,212
Chentang Zhuang,Erwei Road,8223.054429,100015,100036,767,122,645,487,158
Jingjiang Road,Changhong Park,8221.976865,100072,100012,845,186,659,447,212
Changhong Park,Jingjiang Road,8221.976865,100012,100072,769,181,588,363,225
Nanlou,Zhongshan Road,8220.153899,100102,100190,533,95,438,263,175
Zhongshan Road,Nanlou,8220.153899,100190,100102,532,113,419,254,165
Jin Street,Chentang Zhuang,8218.1644,100070,100015,48,12,36,19,17
Chentang Zhuang,Jin Street,8218.1644,100015,100070,38,9,29,24,5
Magangchang,Hongni River East,8217.506598,100094,100056,33,6,27,20,7
Hongni River East,Magangchang,8217.506598,100056,100094,31,10,21,19,2
Foreign Languages High School,Liuwei Road,8217.379048,100040,100090,8,2,6,3,3
Liuwei Road,Foreign Languages High School,8217.379048,100090,100040,1,1,0,0,0
Jianguo Road,Siyuan Road,8216.213541,100064,100121,47,5,42,27,15
Siyuan Road,Jianguo Road,8216.213541,100121,100064,47,9,38,27,11
Tiedong Road,Yibin Road,8214.966986,100139,100171,239,48,191,144,47
Yibin Road,Tiedong Road,8214.966986,100171,100139,220,44,176,139,37
Taichang Road,Yihao Bridge,8214.518295,100128,100172,93,26,67,34,33
Yihao Bridge,Taichang Road,8214.518295,100172,100128,78,20,58,33,25
Zhangxing Zhuang,Jin Street,8214.267021,100185,100070,83,13,70,53,17
Jin Street,Zhangxing Zhuang,8214.267021,100070,100185,59,15,44,29,15
Nanlou,Meijiang Exhibition Centre,8214.145932,100102,100095,66,21,45,31,14
Meijiang Exhibition Centre,Nanlou,8214.145932,100095,100102,54,19,35,26,9
Lushui Road,Tumour Hospital,8213.967224,100093,100141,795,117,678,484,194
Tumour Hospital,Lushui Road,8213.967224,100141,100093,726,105,621,309,312
Yueya River,Guoshan Road,8213.30314,100182,100047,89,25,64,37,27
Guoshan Road,Yueya River,8213.30314,100047,100182,77,20,57,38,19
Liqi Zhuang South,Second hospital of the Medical University,8212.466261,100088,100115,36,2,34,23,11
Second hospital of the Medical University,Liqi Zhuang South,8212.466261,100115,100088,26,5,21,15,6
Erwei Road,Tiedong Road,8211.620625,100036,100139,229,41,188,120,68
Tiedong Road,Erwei Road,8211.620625,100139,100036,199,39,160,106,54
Fuxing Gate,Jiangwan Erzhi Road,8210.973231,100041,100065,34,9,25,18,7
Jiangwan Erzhi Road,Fuxing Gate,8210.973231,100065,100041,26,7,19,16,3
Xiawafang,Fangshan Road,8209.570063,100157,100038,106,22,84,58,26
Fangshan Road,Xiawafang,8209.570063,100038,100157,105,10,95,74,21
Minquan Gate,North China Group,8209.507698,100099,100107,170,51,119,80,39
North China Group,Minquan Gate,8209.507698,100107,100099,151,48,103,57,46
People's Hospital,Cultural centre,8208.717618,100111,100020,792,181,611,438,173
Cultural centre,People's Hospital,8208.717618,100020,100111,679,153,526,354,172
JinZhong River Street,Shiyijing Road,8207.531988,100079,100117,251,32,219,174,45
Shiyijing Road,JinZhong River Street,8207.531988,100117,100079,211,33,178,113,65
Liuwei Road,Tiedong Road,8206.792064,100090,100139,37,15,22,6,16
Tiedong Road,Liuwei Road,8206.792064,100139,100090,25,8,17,6,11
Bei Zhulin,Shunchi Bridge,8205.332779,100004,100120,8,3,5,1,4
Shunchi Bridge,Bei Zhulin,8205.332779,100120,100004,8,0,8,6,2
Yihao Bridge,Jingjiang Road,8203.304218,100172,100072,140,32,108,58,50
Jingjiang Road,Yihao Bridge,8203.304218,100072,100172,119,22,97,62,35
Meijiang Road,Jiangwan Erzhi Road,8203.248313,100097,100065,1,0,1,1,0
Weishan Road,Lingbin Road,8203.091609,100148,100087,178,27,151,133,18
Lingbin Road,Weishan Road,8203.091609,100087,100148,141,22,119,97,22
Ruijing XinYuan,Southwest corner,8201.914849,100114,100124,1668,481,1187,660,527
Southwest corner,Ruijing XinYuan,8201.914849,100124,100114,1600,446,1154,585,569
Magangchang,Xiangshan Road,8201.869238,100094,100151,186,44,142,102,40
Xiangshan Road,Magangchang,8201.869238,100151,100094,173,39,134,94,40
Yudongcheng,Shiyijing Road,8201.868876,100180,100117,582,70,512,393,119
Shiyijing Road,Yudongcheng,8201.868876,100117,100180,525,78,447,286,161
Zhangxing Zhuang,Shiyijing Road,8200.389883,100185,100117,136,20,116,101,15
Shiyijing Road,Zhangxing Zhuang,8200.389883,100117,100185,133,14,119,76,43
Jintang Road,Xinkai River,8196.081444,100077,100160,56,12,44,33,11
Xinkai River,Jintang Road,8196.081444,100160,100077,52,7,45,26,19
Yutai,Hongqi South Road,8195.656746,100183,100057,28,8,20,14,6
Hongqi South Road,Yutai,8195.656746,100057,100183,27,5,22,14,8
Taichang Road,Xueyuan North Road,8195.465248,100128,100165,29,8,21,13,8
Xueyuan North Road,Taichang Road,8195.465248,100165,100128,19,1,18,11,7
Zhigu,Dengzhou Road,8192.539875,100188,100024,289,32,257,176,81
Dengzhou Road,Zhigu,8192.539875,100024,100188,280,28,252,193,59
Heping Road,Fuxing Gate,8190.729052,100053,100041,584,177,407,226,181
Fuxing Gate,Heping Road,8190.729052,100041,100053,563,170,393,265,128
High-Tech Zone,Wujiayao,8190.699891,100054,100150,1322,181,1141,906,235
Wujiayao,High-Tech Zone,8190.699891,100150,100054,1320,137,1183,938,245
Chentang Zhuang,Wujiayao,8189.916055,100015,100150,459,41,418,338,80
Wujiayao,Chentang Zhuang,8189.916055,100150,100015,424,41,383,278,105
Nanlou,Huanyu Road,8188.624542,100102,100059,24,5,19,11,8
Huanyu Road,Nanlou,8188.624542,100059,100102,23,5,18,13,5
Xianyang Road,Xuzhou Road,8188.44518,100153,100167,654,90,564,467,97
Xuzhou Road,Xianyang Road,8188.44518,100167,100153,591,79,512,353,159
Dongli Culture and Sports Centre,Wanshan Road,8186.384907,100029,100146,13,4,9,1,8
Wanshan Road,Dongli Culture and Sports Centre,8186.384907,100146,100029,11,4,7,5,2
Magangchang,Sports Centre,8185.820822,100094,100126,107,24,83,57,26
Sports Centre,Magangchang,8185.820822,100126,100094,97,20,77,55,22
Fuxing Gate,Xikang Road,8184.084768,100041,100158,375,47,328,253,75
Xikang Road,Fuxing Gate,8184.084768,100158,100041,267,32,235,175,60
Yingfeng Road,Jin Street,8183.570866,100173,100070,98,23,75,41,34
Jin Street,Yingfeng Road,8183.570866,100070,100173,87,26,61,29,32
Erwei Road,Tianjin Hotel,8182.826652,100036,100134,299,42,257,183,74
Tianjin Hotel,Erwei Road,8182.826652,100134,100036,260,52,208,158,50
Heping Road,Wanshan Road,8182.777107,100053,100146,122,27,95,44,51
Wanshan Road,Heping Road,8182.777107,100146,100053,112,26,86,50,36
Honghu Li,Zhangxing Zhuang,8180.28381,100055,100185,11,5,6,1,5
Zhangxing Zhuang,Honghu Li,8180.28381,100185,100055,4,1,3,1,2
Zhou and Deng Memorial Museum,Yaohuan Road,8176.916666,100191,100170,5,0,5,2,3
Yaohuan Road,Zhou and Deng Memorial Museum,8176.916666,100170,100191,4,0,4,2,2
Dawang Zhuang,Meijiang Road,8176.428544,100023,100097,127,9,118,82,36
Meijiang Road,Dawang Zhuang,8176.428544,100097,100023,117,9,108,94,14
Anshan West Road,Jinwan Square,8173.061562,100003,100078,184,65,119,64,55
Jinwan Square,Anshan West Road,8173.061562,100078,100003,182,58,124,62,62
Second hospital of the Medical University,Yibin Road,8169.219623,100115,100171,452,82,370,251,119
Yibin Road,Second hospital of the Medical University,8169.219623,100171,100115,385,71,314,214,100
Yingkou Road,Sports Centre,8166.362508,100174,100126,894,348,546,306,240
Sports Centre,Yingkou Road,8166.362508,100126,100174,879,346,533,278,255
Yixingbu North,Jinwan Square,8163.196042,100176,100078,371,59,312,242,70
Jinwan Square,Yixingbu North,8163.196042,100078,100176,354,75,279,163,116
Heping Road,Fangshan Road,8163.072281,100053,100038,319,79,240,113,127
Fangshan Road,Heping Road,8163.072281,100038,100053,268,75,193,131,62
Yizhongxin Hospital,Meijiang Park,8161.037498,100177,100096,92,17,75,39,36
Meijiang Park,Yizhongxin Hospital,8161.037498,100096,100177,85,21,64,40,24
Tianjin Hotel,Jin Street,8159.783377,100134,100070,185,33,152,123,29
Jin Street,Tianjin Hotel,8159.783377,100070,100134,155,33,122,76,46
Heping Road,Tumour Hospital,8159.313838,100053,100141,627,154,473,212,261
Tumour Hospital,Heping Road,8159.313838,100141,100053,583,149,434,218,216
Jin Street,Benxi Road,8158.713597,100070,100008,363,119,244,134,110
Benxi Road,Jin Street,8158.713597,100008,100070,278,73,205,136,69
Zhigu,Beining Park,8148.030096,100188,100006,106,19,87,49,38
Beining Park,Zhigu,8148.030096,100006,100188,93,25,68,52,16
Fuxing Gate,Dongli Culture and Sports Centre,8147.500637,100041,100029,7,2,5,3,2
Dongli Culture and Sports Centre,Fuxing Gate,8147.500637,100029,100041,4,1,3,0,3
Dongting Road,Xiawafang,8147.111571,100034,100157,143,18,125,99,26
Xiawafang,Dongting Road,8147.111571,100157,100034,130,17,113,67,46
Meijiang Exhibition Centre,Yaohuan Road,8145.711862,100095,100170,13,5,8,2,6
Yaohuan Road,Meijiang Exhibition Centre,8145.711862,100170,100095,13,9,4,3,1
Nanzhu Bridge,Cultural centre,8143.780435,100104,100020,20,9,11,9,2
Cultural centre,Nanzhu Bridge,8143.780435,100020,100104,13,8,5,3,2
Xiawafang,Bei Zhulin,8142.381226,100157,100004,15,5,10,9,1
Bei Zhulin,Xiawafang,8142.381226,100004,100157,13,2,11,6,5
Minquan Gate,Southwest corner,8141.27128,100099,100124,211,53,158,99,59
Southwest corner,Minquan Gate,8141.27128,100124,100099,175,47,128,76,52
North Station,Tiantuo,8140.096789,100108,100138,207,43,164,104,60
Tiantuo,North Station,8140.096789,100138,100108,165,30,135,85,50
Jianguo Road,Hongqi South Road,8139.544412,100064,100057,262,44,218,130,88
Hongqi South Road,Jianguo Road,8139.544412,100057,100064,235,40,195,157,38
Yueya River,Southwest Tower,8139.054491,100182,100125,1313,214,1099,813,286
Southwest Tower,Yueya River,8139.054491,100125,100182,1265,195,1070,677,393
Wujiayao,Xinkai River,8138.611479,100150,100160,67,9,58,41,17
Xinkai River,Wujiayao,8138.611479,100160,100150,45,10,35,22,13
Taichang Road,University of Civil Aviation,8138.340214,100128,100142,8291,3097,5194,1422,3772
University of Civil Aviation,Taichang Road,8138.340214,100142,100128,8020,2844,5176,2624,2552
Yueya River,Xiaobailou,8136.856522,100182,100154,1145,250,895,651,244
Xiaobailou,Yueya River,8136.856522,100154,100182,1097,226,871,519,352
Nancuiping,Xuefu Industrial Area,8136.619517,100100,100163,105,14,91,78,13
Xuefu Industrial Area,Nancuiping,8136.619517,100163,100100,87,13,74,58,16
Minquan Gate,Laoshan Road,8133.914964,100099,100082,20,4,16,4,12
Laoshan Road,Minquan Gate,8133.914964,100082,100099,16,7,9,7,2
Siyuan Road,Jinwan Square,8133.726841,100121,100078,106,18,88,75,13
Jinwan Square,Siyuan Road,8133.726841,100078,100121,100,14,86,72,14
Qinjian Road,Tiantuo,8133.408856,100113,100138,334,51,283,218,65
Tiantuo,Qinjian Road,8133.408856,100138,100113,289,39,250,167,83
Yueya River,North China Group,8132.204317,100182,100107,379,78,301,209,92
North China Group,Yueya River,8132.204317,100107,100182,369,84,285,178,107
Wujiayao,Tianjin Hotel,8131.535033,100150,100134,73,14,59,48,11
Tianjin Hotel,Wujiayao,8131.535033,100134,100150,40,9,31,24,7
Yuejin North Road,Jintang Road,8129.581613,100181,100077,87,20,67,47,20
Jintang Road,Yuejin North Road,8129.581613,100077,100181,69,11,58,34,24
Second hospital of the Medical University,Haiguang Temple,8128.12144,100115,100048,131,24,107,81,26
Haiguang Temple,Second hospital of the Medical University,8128.12144,100048,100115,118,27,91,53,38
Tucheng,Jinshi Bridge,8128.11251,100140,100076,880,177,703,523,180
Jinshi Bridge,Tucheng,8128.11251,100076,100140,840,156,684,512,172
Huashan Li,Wanshan Road,8127.994102,100060,100146,9,1,8,4,4
Wanshan Road,Huashan Li,8127.994102,100146,100060,7,0,7,4,3
Yudongcheng,Xuelian South Road,8124.664794,100180,100164,63,4,59,44,15
Xuelian South Road,Yudongcheng,8124.664794,100164,100180,47,8,39,31,8
Xuzhou Road,Zhongshan Gate,8122.802591,100167,100189,25,9,16,10,6
Zhongshan Gate,Xuzhou Road,8122.802591,100189,100167,8,1,7,5,2
Chentang Zhuang,Meijiang Road,8121.058489,100015,100097,13,3,10,9,1
Meijiang Road,Chentang Zhuang,8121.058489,100097,100015,7,1,6,5,1
Jin Street,Wangdingdi,8120.005975,100070,100145,44,11,33,17,16
Wangdingdi,Jin Street,8120.005975,100145,100070,39,5,34,24,10
JinZhong River Street,Xiangshan Road,8119.084853,100079,100151,57,25,32,19,13
Xiangshan Road,JinZhong River Street,8119.084853,100151,100079,29,7,22,11,11
Yueya River,Wanshan Road,8116.347166,100182,100146,20,0,20,5,15
Wanshan Road,Yueya River,8116.347166,100146,100182,7,0,7,6,1
Shiyijing Road,Sports Centre,8114.555541,100117,100126,235,51,184,116,68
Sports Centre,Shiyijing Road,8114.555541,100126,100117,215,40,175,118,57
West Station,Tianshili,8111.819277,100149,100136,179,48,131,43,88
Tianshili,West Station,8111.819277,100136,100149,156,51,105,73,32
Longhan Road,Jintang Road,8110.929301,100092,100077,4,2,2,1,1
Jintang Road,Longhan Road,8110.929301,100077,100092,1,0,1,0,1
Second hospital of the Medical University,Jinwan Square,8110.124027,100115,100078,80,19,61,40,21
Jinwan Square,Second hospital of the Medical University,8110.124027,100078,100115,80,17,63,35,28
Bei Zhulin,Xingfu Park,8109.890705,100004,100159,38,6,32,23,9
Xingfu Park,Bei Zhulin,8109.890705,100159,100004,36,11,25,14,11
Tiantai Road,Bianxing,8107.815511,100137,100009,82,18,64,33,31
Bianxing,Tiantai Road,8107.815511,100009,100137,64,13,51,19,32
Ruijing XinYuan,Tiantai Road,8106.10238,100114,100137,138,45,93,47,46
Tiantai Road,Ruijing XinYuan,8106.10238,100137,100114,132,37,95,51,44
Huaihe Road,Jinshi Bridge,8102.007544,100058,100076,433,65,368,259,109
Jinshi Bridge,Huaihe Road,8102.007544,100076,100058,379,56,323,209,114
Jingjiang Road,Jianshan Road,8097.493904,100072,100066,187,19,168,123,45
Jianshan Road,Jingjiang Road,8097.493904,100066,100072,156,24,132,83,49
Zhongshan Road,Anshan West Road,8096.970427,100190,100003,213,40,173,115,58
Anshan West Road,Zhongshan Road,8096.970427,100003,100190,162,27,135,77,58
Guangkaisima Road,Beining Park,8095.381116,100044,100006,171,43,128,68,60
Beining Park,Guangkaisima Road,8095.381116,100006,100044,140,38,102,68,34
West Station,Wangdingdi,8095.139964,100149,100145,247,61,186,59,127
Wangdingdi,West Station,8095.139964,100145,100149,234,81,153,94,59
Tianjin Station,Qinjian Road,8094.755185,100135,100113,803,293,510,291,219
Qinjian Road,Tianjin Station,8094.755185,100113,100135,723,186,537,278,259
Tianjin Station,Yingfeng Road,8092.788254,100135,100173,404,107,297,144,153
Yingfeng Road,Tianjin Station,8092.788254,100173,100135,386,110,276,156,120
Nanzhu Bridge,Dongjiang Road,8090.70803,100104,100028,1,0,1,0,1
Northwest Corner,Cao Zhuang,8090.293803,100109,100011,2030,597,1433,733,700
Cao Zhuang,Northwest Corner,8090.293803,100011,100109,1934,554,1380,826,554
Zuojiang Road,Yingkou Road,8090.047469,100192,100174,425,87,338,244,94
Yingkou Road,Zuojiang Road,8090.047469,100174,100192,409,85,324,201,123
Chinese Medicine First Affiliated Hospital,Tiantuo,8089.800126,100016,100138,291,62,229,151,78
Tiantuo,Chinese Medicine First Affiliated Hospital,8089.800126,100138,100016,287,52,235,158,77
West Station,Tian Tower,8088.240852,100149,100133,742,253,489,200,289
Tian Tower,West Station,8088.240852,100133,100149,600,217,383,127,256
Jinshi Bridge,Wandong Road,8086.565891,100076,100144,57,13,44,27,17
Wandong Road,Jinshi Bridge,8086.565891,100144,100076,47,10,37,23,14
Dongli Culture and Sports Centre,Chunhai Road,8086.321474,100029,100017,21,6,15,14,1
Chunhai Road,Dongli Culture and Sports Centre,8086.321474,100017,100029,17,4,13,9,4
Honghu Li,Yuanyang International Centre,8082.119165,100055,100179,503,158,345,227,118
Yuanyang International Centre,Honghu Li,8082.119165,100179,100055,474,123,351,192,159
Shaliu South Road,Fuxing Gate,8080.077469,100116,100041,41,4,37,25,12
Fuxing Gate,Shaliu South Road,8080.077469,100041,100116,39,5,34,17,17
Huashan Li,Shiyijing Road,8079.192422,100060,100117,260,22,238,201,37
Shiyijing Road,Huashan Li,8079.192422,100117,100060,224,18,206,133,73
Xinkai River,Tiantuo,8077.977642,100160,100138,153,27,126,68,58
Tiantuo,Xinkai River,8077.977642,100138,100160,116,23,93,62,31
Xunhai Road,Weishan Road,8076.873933,100166,100148,28,7,21,17,4
Weishan Road,Xunhai Road,8076.873933,100148,100166,17,4,13,12,1
Tianjin Station,Chentang Zhuang,8076.028537,100135,100015,1222,288,934,460,474
Chentang Zhuang,Tianjin Station,8076.028537,100015,100135,1034,224,810,524,286
Wujiayao,Fuxing Road,8075.28589,100150,100042,124,16,108,81,27
Fuxing Road,Wujiayao,8075.28589,100042,100150,120,13,107,92,15
Liuwei Road,Beining Park,8072.452069,100090,100006,26,10,16,4,12
Beining Park,Liuwei Road,8072.452069,100006,100090,23,8,15,7,8
Lingbin Road,Jintang Road,8068.405804,100087,100077,260,50,210,139,71
Jintang Road,Lingbin Road,8068.405804,100077,100087,246,49,197,130,67
Yudongcheng,Beining Park,8068.267515,100180,100006,146,20,126,94,32
Beining Park,Yudongcheng,8068.267515,100006,100180,121,19,102,62,40
Hongqi South Road,Meijiang Exhibition Centre,8067.378972,100057,100095,289,99,190,122,68
Meijiang Exhibition Centre,Hongqi South Road,8067.378972,100095,100057,272,96,176,109,67
Jinshi Bridge,Qinjian Road,8067.330846,100076,100113,164,36,128,101,27
Qinjian Road,Jinshi Bridge,8067.330846,100113,100076,152,29,123,71,52
The Financial University,Dongli Yijing Road,8067.241279,100132,100033,37,7,30,23,7
Dongli Yijing Road,The Financial University,8067.241279,100033,100132,30,3,27,9,18
Tumour Hospital,People's Hospital,8064.208114,100141,100111,1625,244,1381,706,675
People's Hospital,Tumour Hospital,8064.208114,100111,100141,1498,184,1314,766,548
Fangshan Road,Youyi South Road,8063.443206,100038,100178,213,45,168,128,40
Youyi South Road,Fangshan Road,8063.443206,100178,100038,184,39,145,81,64
Heping Road,Qinjian Road,8061.174954,100053,100113,1054,339,715,321,394
Qinjian Road,Heping Road,8061.174954,100113,100053,863,261,602,395,207
Jintang Road,Zhicheng Road,8059.856289,100077,100187,261,50,211,128,83
Zhicheng Road,Jintang Road,8059.856289,100187,100077,236,50,186,119,67
Xinxing Village,Fangshan Road,8058.408662,100162,100038,1,0,1,0,1
Fangshan Road,Xinxing Village,8058.408662,100038,100162,1,0,1,0,1
Yangwu Zhuang,Yingfeng Road,8057.603168,100169,100173,54,13,41,24,17
Yingfeng Road,Yangwu Zhuang,8057.603168,100173,100169,42,6,36,33,3
West Station,Yixingbu North,8055.629905,100149,100176,261,61,200,67,133
Yixingbu North,West Station,8055.629905,100176,100149,186,69,117,72,45
Yixingbu,Dawang Zhuang,8051.412213,100175,100023,219,42,177,140,37
Dawang Zhuang,Yixingbu,8051.412213,100023,100175,187,35,152,89,63
Tiantai Road,Xikang Road,8050.360876,100137,100158,338,76,262,198,64
Xikang Road,Tiantai Road,8050.360876,100158,100137,329,68,261,170,91
Zhicheng Road,Dawang Zhuang,8049.768799,100187,100023,93,24,69,49,20
Dawang Zhuang,Zhicheng Road,8049.768799,100023,100187,92,22,70,39,31
Professional University,North Station,8048.446627,100112,100108,326,72,254,173,81
North Station,Professional University,8048.446627,100108,100112,260,108,152,79,73
Lushui Road,Southwest Tower,8048.361683,100093,100125,161,23,138,104,34
Southwest Tower,Lushui Road,8048.361683,100125,100093,152,16,136,58,78
Ruijing XinYuan,People's Hospital,8048.336488,100114,100111,420,95,325,195,130
People's Hospital,Ruijing XinYuan,8048.336488,100111,100114,410,79,331,178,153
Lijiang Road,Tiantuo,8048.329206,100085,100138,35,5,30,26,4
Tiantuo,Lijiang Road,8048.329206,100138,100085,27,8,19,11,8
Changhong Park,Minquan Gate,8048.23495,100012,100099,329,100,229,112,117
Minquan Gate,Changhong Park,8048.23495,100099,100012,293,94,199,111,88
Haihe East Road,Jiangwan Erzhi Road,8046.665817,100049,100065,4,2,2,2,0
Siyuan Road,Zhigu,8046.048179,100121,100188,117,17,100,85,15
Zhigu,Siyuan Road,8046.048179,100188,100121,106,19,87,53,34
Meilin Road,Water Park Road East,8044.943149,100098,100147,568,157,411,280,131
Water Park Road East,Meilin Road,8044.943149,100147,100098,502,142,360,202,158
Chenglin Road,Yixingbu,8043.64361,100014,100175,164,31,133,76,57
Yixingbu,Chenglin Road,8043.64361,100175,100014,155,41,114,57,57
Yingkou Road,Huashan Li,8041.822908,100174,100060,6422,1867,4555,2330,2225
Huashan Li,Yingkou Road,8041.822908,100060,100174,6305,1881,4424,2834,1590
Lilou,Jinmao Industrial Area,8041.712433,100086,100074,16,5,11,9,2
Jinmao Industrial Area,Lilou,8041.712433,100074,100086,13,3,10,10,0
Xiangshan Road,Dongjiang Road,8040.693027,100151,100028,24,13,11,7,4
Dongjiang Road,Xiangshan Road,8040.693027,100028,100151,23,9,14,8,6
Xianshuigu West,Jingli Road,8040.476882,100152,100073,1960,474,1486,923,563
Jingli Road,Xianshuigu West,8040.476882,100073,100152,1885,484,1401,870,531
Erwei Road,Leyuan Road,8039.837742,100036,100083,43,15,28,17,11
Leyuan Road,Erwei Road,8039.837742,100083,100036,30,10,20,8,12
Cuifu New Village,JinZhong Street,8036.90798,100019,100080,80,12,68,48,20
JinZhong Street,Cuifu New Village,8036.90798,100080,100019,58,8,50,36,14
Second hospital of the Medical University,Zhou and Deng Memorial Museum,8034.288108,100115,100191,60,18,42,35,7
Zhou and Deng Memorial Museum,Second hospital of the Medical University,8034.288108,100191,100115,55,14,41,20,21
Lushui Road,Tianjin Hotel,8034.249829,100093,100134,424,122,302,214,88
Tianjin Hotel,Lushui Road,8034.249829,100134,100093,378,106,272,174,98
Southwest Tower,Huayuan,8034.151192,100125,100061,262,30,232,177,55
Huayuan,Southwest Tower,8034.151192,100061,100125,225,30,195,139,56
Xiawafang,Weishan Road,8031.431921,100157,100148,26,6,20,9,11
Weishan Road,Xiawafang,8031.431921,100148,100157,22,5,17,14,3
Danhebei Road,Zhangxing Zhuang,8030.213375,100022,100185,17,6,11,2,9
Zhangxing Zhuang,Danhebei Road,8030.213375,100185,100022,3,0,3,0,3
Jiayuan Li,Guangkaisima Road,8028.35158,100067,100044,565,88,477,373,104
Guangkaisima Road,Jiayuan Li,8028.35158,100044,100067,540,83,457,314,143
West Station,Siyuan Road,8026.160704,100149,100121,80,29,51,14,37
Siyuan Road,West Station,8026.160704,100121,100149,71,19,52,29,23
Jianshan Road,Fuxing Gate,8025.457673,100066,100041,11,0,11,7,4
Fuxing Gate,Jianshan Road,8025.457673,100041,100066,10,1,9,8,1
Heping Road,Tiantuo,8023.97067,100053,100138,631,182,449,237,212
Tiantuo,Heping Road,8023.97067,100138,100053,493,113,380,259,121
Xinkai River,Chenglin Road,8023.506882,100160,100014,80,22,58,30,28
Chenglin Road,Xinkai River,8023.506882,100014,100160,78,18,60,39,21
Sports Centre,Wujiayao,8022.925494,100126,100150,19,7,12,7,5
Wujiayao,Sports Centre,8022.925494,100150,100126,10,4,6,2,4
Changling Road,The Financial University,8022.150805,100013,100132,402,107,295,170,125
The Financial University,Changling Road,8022.150805,100132,100013,373,101,272,146,126
Beining Park,Erwei Road,8020.822231,100006,100036,211,49,162,115,47
Erwei Road,Beining Park,8020.822231,100036,100006,190,37,153,98,55
Shuanglin,Xiawafang,8018.863526,100119,100157,2326,442,1884,1378,506
Xiawafang,Shuanglin,8018.863526,100157,100119,2279,425,1854,1132,722
Leyuan Road,Jin Street,8016.794467,100083,100070,30,14,16,5,11
Jin Street,Leyuan Road,8016.794467,100070,100083,11,7,4,2,2
Xianyang Road,Huayuan,8013.509222,100153,100061,346,35,311,245,66
Huayuan,Xianyang Road,8013.509222,100061,100153,341,28,313,224,89
Youyi South Road,Southwest Tower,8013.444886,100178,100125,7,3,4,0,4
Southwest Tower,Youyi South Road,8013.444886,100125,100178,4,2,2,0,2
Beichen Road,Tianshili,8013.373915,100005,100136,36,10,26,16,10
Tianshili,Beichen Road,8013.373915,100136,100005,30,3,27,19,8
Yutai,Magangchang,8012.262993,100183,100094,104,21,83,60,23
Magangchang,Yutai,8012.262993,100094,100183,82,19,63,27,36
Dengzhou South Road,Xingfu Park,8010.410282,100025,100159,129,27,102,63,39
Xingfu Park,Dengzhou South Road,8010.410282,100159,100025,119,27,92,51,41
Chentang Zhuang,Zhaoyuan Road,8005.719857,100015,100186,20,1,19,17,2
Zhaoyuan Road,Chentang Zhuang,8005.719857,100186,100015,19,0,19,12,7
Yingfeng Road,Liqi Zhuang South,8005.605229,100173,100088,17,5,12,11,1
Liqi Zhuang South,Yingfeng Road,8005.605229,100088,100173,15,5,10,10,0
Tiantuo,Zuojiang Road,8005.348576,100138,100192,190,41,149,97,52
Zuojiang Road,Tiantuo,8005.348576,100192,100138,175,37,138,96,42
Xueyuan North Road,Youyi South Road,8005.302147,100165,100178,28,7,21,14,7
Youyi South Road,Xueyuan North Road,8005.302147,100178,100165,12,2,10,7,3
Xianyang Road,Water Park Road East,8003.828838,100153,100147,388,114,274,192,82
Water Park Road East,Xianyang Road,8003.828838,100147,100153,347,85,262,174,88
Meijiang Road,Wangdingdi,8001.257509,100097,100145,61,11,50,38,12
Wangdingdi,Meijiang Road,8001.257509,100145,100097,57,8,49,38,11
Yingfeng Road,West Station,7999.377256,100173,100149,1831,592,1239,757,482
West Station,Yingfeng Road,7999.377256,100149,100173,1300,379,921,274,647
Fuxing Road,Yixingbu,7999.148337,100042,100175,84,15,69,54,15
Yixingbu,Fuxing Road,7999.148337,100175,100042,84,16,68,50,18
Fuxing Gate,Hongni River East,7997.833346,100041,100056,149,22,127,80,47
Hongni River East,Fuxing Gate,7997.833346,100056,100041,129,12,117,86,31
Huanyu Road,Dongli Liujing Road,7997.038747,100059,100031,31,3,28,19,9
Dongli Liujing Road,Huanyu Road,7997.038747,100031,100059,15,3,12,8,4
Taichang Road,Zhicheng Road,7996.559783,100128,100187,517,183,334,166,168
Zhicheng Road,Taichang Road,7996.559783,100187,100128,485,167,318,206,112
Tucheng,Lingbin Road,7996.130072,100140,100087,158,35,123,81,42
Lingbin Road,Tucheng,7996.130072,100087,100140,140,17,123,83,40
Jiangwan Erzhi Road,Zuojiang Road,7995.446305,100065,100192,1,1,0,0,0
Xuzhuangzi,Tianjin Station,7994.902125,100168,100135,202,61,141,78,63
Tianjin Station,Xuzhuangzi,7994.902125,100135,100168,191,43,148,65,83
Erwei Road,Taichang Road,7991.591675,100036,100128,141,29,112,56,56
Taichang Road,Erwei Road,7991.591675,100128,100036,129,31,98,66,32
Leyuan Road,Wujiayao,7988.546122,100083,100150,74,22,52,21,31
Wujiayao,Leyuan Road,7988.546122,100150,100083,56,12,44,27,17
Shiyijing Road,Water Park Road East,7987.455693,100117,100147,131,27,104,76,28
Water Park Road East,Shiyijing Road,7987.455693,100147,100117,95,20,75,50,25
Tianjin Station,Wangdingdi,7986.948441,100135,100145,937,264,673,313,360
Wangdingdi,Tianjin Station,7986.948441,100145,100135,913,252,661,420,241
Liqi Zhuang South,Jianshan Road,7986.748934,100088,100066,33,3,30,28,2
Jianshan Road,Liqi Zhuang South,7986.748934,100066,100088,30,2,28,21,7
Jinmao Industrial Area,Zhigu,7982.913121,100074,100188,3,0,3,2,1
Jingjiang Road,Airport Economic Zone,7980.970186,100072,100001,1085,156,929,696,233
Airport Economic Zone,Jingjiang Road,7980.970186,100001,100072,935,142,793,518,275
Dongxing Road,Tian Tower,7980.857136,100035,100133,117,20,97,50,47
Tian Tower,Dongxing Road,7980.857136,100133,100035,108,29,79,53,26
Taichang Road,Chentang Zhuang,7980.70605,100128,100015,212,54,158,92,66
Chentang Zhuang,Taichang Road,7980.70605,100015,100128,208,47,161,95,66
Zuojiang Road,Shiyijing Road,7980.597068,100192,100117,98,6,92,75,17
Shiyijing Road,Zuojiang Road,7980.597068,100117,100192,70,10,60,43,17
Tucheng,Gulou,7974.887151,100140,100045,742,268,474,269,205
Gulou,Tucheng,7974.887151,100045,100140,658,240,418,183,235
Northwest Corner,Hongqi South Road,7971.901821,100109,100057,937,227,710,395,315
Hongqi South Road,Northwest Corner,7971.901821,100057,100109,863,218,645,463,182
Wujiayao,Bei Zhulin,7971.709615,100150,100004,24,4,20,10,10
Bei Zhulin,Wujiayao,7971.709615,100004,100150,22,6,16,9,7
Xiawafang,North Station,7971.282566,100157,100108,300,72,228,162,66
North Station,Xiawafang,7971.282566,100108,100157,245,54,191,122,69
Tiantuo,Meijiang Road,7969.058787,100138,100097,257,36,221,145,76
Meijiang Road,Tiantuo,7969.058787,100097,100138,228,34,194,140,54
Dengzhou South Road,Weishan Road,7968.969009,100025,100148,96,15,81,55,26
Weishan Road,Dengzhou South Road,7968.969009,100148,100025,81,15,66,45,21
JinZhong River Street,Northwest Corner,7968.643055,100079,100109,629,148,481,295,186
Northwest Corner,JinZhong River Street,7968.643055,100109,100079,553,132,421,212,209
Fuxing Road,Xuzhou Road,7968.334712,100042,100167,18,1,17,16,1
Xuzhou Road,Fuxing Road,7968.334712,100167,100042,11,1,10,8,2
Jinwan Square,Shaliu South Road,7967.281025,100078,100116,45,22,23,6,17
Shaliu South Road,Jinwan Square,7967.281025,100116,100078,16,10,6,3,3
Bianxing,Jianguo Road,7966.367789,100009,100064,441,70,371,294,77
Jianguo Road,Bianxing,7966.367789,100064,100009,389,59,330,215,115
Xiangshan Road,Weishan Road,7966.135567,100151,100148,394,87,307,181,126
Weishan Road,Xiangshan Road,7966.135567,100148,100151,339,74,265,178,87
Fuxing Road,Zhicheng Road,7965.241164,100042,100187,50,10,40,30,10
Zhicheng Road,Fuxing Road,7965.241164,100187,100042,41,7,34,28,6
Guoshan Road,Wandong Road,7964.779597,100047,100144,13,4,9,7,2
Wandong Road,Guoshan Road,7964.779597,100144,100047,7,4,3,2,1
Yuejin North Road,Jingjiang Road,7962.858245,100181,100072,119,13,106,75,31
Jingjiang Road,Yuejin North Road,7962.858245,100072,100181,116,14,102,71,31
Zhigu,Xiangshan Road,7962.681589,100188,100151,46,9,37,22,15
Xiangshan Road,Zhigu,7962.681589,100151,100188,34,7,27,13,14
Hongqi South Road,Jiangwan Erzhi Road,7961.262558,100057,100065,35,9,26,16,10
Jiangwan Erzhi Road,Hongqi South Road,7961.262558,100065,100057,34,9,25,16,9
Xueyuan North Road,Yuejin North Road,7960.036688,100165,100181,7,0,7,4,3
Yuejin North Road,Xueyuan North Road,7960.036688,100181,100165,5,0,5,2,3
Yuanyang International Centre,Cultural centre,7958.750023,100179,100020,448,132,316,188,128
Cultural centre,Yuanyang International Centre,7958.750023,100020,100179,431,140,291,177,114
Xuzhou Road,Hongqi South Road,7957.135593,100167,100057,43,11,32,24,8
Hongqi South Road,Xuzhou Road,7957.135593,100057,100167,24,7,17,14,3
Cuifu New Village,Yuejin North Road,7956.715359,100019,100181,15,4,11,6,5
Yuejin North Road,Cuifu New Village,7956.715359,100181,100019,12,3,9,7,2
Tiedong Road,Beichen Road,7952.560469,100139,100005,182,44,138,66,72
Beichen Road,Tiedong Road,7952.560469,100005,100139,177,37,140,99,41
Northwest Corner,Zhou and Deng Memorial Museum,7951.470562,100109,100191,348,117,231,115,116
Zhou and Deng Memorial Museum,Northwest Corner,7951.470562,100191,100109,317,102,215,112,103
Southeast Corner,Zhongshan Gate,7951.003623,100123,100189,660,188,472,273,199
Zhongshan Gate,Southeast Corner,7951.003623,100189,100123,653,198,455,290,165
Jiefang South Road,Xiawafang,7950.338183,100068,100157,882,153,729,537,192
Xiawafang,Jiefang South Road,7950.338183,100157,100068,786,147,639,398,241
Shunchi Bridge,Jinmao Industrial Area,7948.816505,100120,100074,48,1,47,41,6
Jinmao Industrial Area,Shunchi Bridge,7948.816505,100074,100120,47,2,45,37,8
Jinshi Bridge,Yibin Road,7947.427701,100076,100171,141,33,108,67,41
Yibin Road,Jinshi Bridge,7947.427701,100171,100076,129,37,92,66,26
Xuzhuangzi,Liaohe North Road,7946.195088,100168,100084,16,3,13,7,6
Liaohe North Road,Xuzhuangzi,7946.195088,100084,100168,16,1,15,10,5
Longhan Road,Jingjiang Road,7944.205933,100092,100072,50,5,45,29,16
Jingjiang Road,Longhan Road,7944.205933,100072,100092,47,8,39,26,13
Tianjin Station,Xiangshan Road,7941.549241,100135,100151,620,182,438,241,197
Xiangshan Road,Tianjin Station,7941.549241,100151,100135,529,142,387,204,183
North Station,Dongxing Road,7940.577293,100108,100035,103,22,81,48,33
Dongxing Road,North Station,7940.577293,100035,100108,86,16,70,47,23
Gulou,Jiayuan Li,7939.824292,100045,100067,1342,489,853,335,518
Jiayuan Li,Gulou,7939.824292,100067,100045,1197,428,769,395,374
Zhangxing Zhuang,Dabi Zhuang,7939.432855,100185,100021,72,16,56,36,20
Dabi Zhuang,Zhangxing Zhuang,7939.432855,100021,100185,57,19,38,26,12
Zhanggui Zhuang,Shiyijing Road,7938.430788,100184,100117,1943,279,1664,1306,358
Shiyijing Road,Zhanggui Zhuang,7938.430788,100117,100184,1807,246,1561,1024,537
Yizhongxin Hospital,Xiaobailou,7937.119284,100177,100154,443,102,341,239,102
Xiaobailou,Yizhongxin Hospital,7937.119284,100154,100177,419,93,326,204,122
Jianshan Road,Zhou and Deng Memorial Museum,7936.199819,100066,100191,38,10,28,19,9
Zhou and Deng Memorial Museum,Jianshan Road,7936.199819,100191,100066,35,13,22,16,6
Cuifu New Village,Cultural centre,7935.860156,100019,100020,304,86,218,161,57
Cultural centre,Cuifu New Village,7935.860156,100020,100019,216,62,154,94,60
Dongxing Road,Southwest corner,7935.339364,100035,100124,274,54,220,145,75
Southwest corner,Dongxing Road,7935.339364,100124,100035,237,57,180,120,60
Wujiayao,Taichang Road,7933.211814,100150,100128,256,45,211,148,63
Taichang Road,Wujiayao,7933.211814,100128,100150,230,44,186,124,62
Liuwei Road,Cultural centre,7932.168881,100090,100020,48,24,24,11,13
Cultural centre,Liuwei Road,7932.168881,100020,100090,44,25,19,9,10
Heping Road,Yixingbu,7930.967136,100053,100175,2592,717,1875,848,1027
Yixingbu,Heping Road,7930.967136,100175,100053,2037,608,1429,924,505
Jiayuan Li,Erwei Road,7930.685159,100067,100036,1784,292,1492,1121,371
Erwei Road,Jiayuan Li,7930.685159,100036,100067,1673,272,1401,833,568
People's Hospital,Xuzhou Road,7929.616512,100111,100167,75,12,63,43,20
Xuzhou Road,People's Hospital,7929.616512,100167,100111,67,13,54,39,15
University town,Xikang Road,7928.802206,100143,100158,3296,820,2476,1605,871
Xikang Road,University town,7928.802206,100158,100143,2866,687,2179,1311,868
Tumour Hospital,Anshan Road,7925.941499,100141,100002,799,88,711,370,341
Anshan Road,Tumour Hospital,7925.941499,100002,100141,711,106,605,341,264
Nanlou,Yueya River,7925.041965,100102,100182,423,75,348,205,143
Yueya River,Nanlou,7925.041965,100182,100102,403,80,323,231,92
Jianchang Road,Jianguo Road,7922.219226,100063,100064,167,29,138,88,50
Jianguo Road,Jianchang Road,7922.219226,100064,100063,134,22,112,65,47
Haihe East Road,Tucheng,7921.362183,100049,100140,2,1,1,0,1
Heping Road,Huayuan,7920.619502,100053,100061,2910,781,2129,1144,985
Huayuan,Heping Road,7920.619502,100061,100053,2577,692,1885,1144,741
Tianjin Hotel,Nanzhu Bridge,7920.047091,100134,100104,17,3,14,11,3
Nanzhu Bridge,Tianjin Hotel,7920.047091,100104,100134,7,1,6,2,4
Tianjin Station,Tianjin Hotel,7918.688682,100135,100134,1038,274,764,386,378
Tianjin Hotel,Tianjin Station,7918.688682,100134,100135,927,283,644,425,219
Jin Street,Yizhongxin Hospital,7918.031843,100070,100177,79,25,54,23,31
Yizhongxin Hospital,Jin Street,7918.031843,100177,100070,65,11,54,33,21
Heping Road,Zhicheng Road,7918.013487,100053,100187,818,246,572,246,326
Zhicheng Road,Heping Road,7918.013487,100187,100053,577,172,405,264,141
Yibin Road,Dawang Zhuang,7916.38741,100171,100023,110,12,98,64,34
Dawang Zhuang,Yibin Road,7916.38741,100023,100171,101,15,86,52,34
Yueya River,Gulou,7913.019073,100182,100045,992,320,672,405,267
Gulou,Yueya River,7913.019073,100045,100182,963,316,647,297,350
Yizhongxin Hospital,Jinwan Square,7910.643824,100177,100078,212,53,159,104,55
Jinwan Square,Yizhongxin Hospital,7910.643824,100078,100177,192,59,133,69,64
Fuxing Gate,Anshan Road,7910.205276,100041,100002,1841,358,1483,1029,454
Anshan Road,Fuxing Gate,7910.205276,100002,100041,1450,270,1180,698,482
Zhigu,Zhou and Deng Memorial Museum,7909.944761,100188,100191,86,28,58,32,26
Zhou and Deng Memorial Museum,Zhigu,7909.944761,100191,100188,75,15,60,36,24
Xianyang Road,Jinshi Bridge,7908.128251,100153,100076,381,78,303,208,95
Jinshi Bridge,Xianyang Road,7908.128251,100076,100153,369,62,307,195,112
Liulin Road,Lijiang Road,7907.882329,100089,100085,273,80,193,89,104
Lijiang Road,Liulin Road,7907.882329,100085,100089,225,62,163,82,81
Nancuiping,Xiaobailou,7906.613949,100100,100154,341,80,261,203,58
Xiaobailou,Nancuiping,7906.613949,100154,100100,335,61,274,169,105
Jinshi Bridge,JinZhong Street,7903.718473,100076,100080,295,68,227,139,88
JinZhong Street,Jinshi Bridge,7903.718473,100080,100076,257,59,198,135,63
Yuejin North Road,Liuwei Road,7903.590165,100181,100090,437,99,338,280,58
Liuwei Road,Yuejin North Road,7903.590165,100090,100181,404,92,312,215,97
Jianshan Road,Haiguang Temple,7902.404113,100066,100048,42,20,22,12,10
Haiguang Temple,Jianshan Road,7902.404113,100048,100066,28,9,19,8,11
Magangchang,Nanlou,7899.761325,100094,100102,228,22,206,164,42
Nanlou,Magangchang,7899.761325,100102,100094,187,25,162,100,62
Fuxing Gate,Chenglin Road,7898.111549,100041,100014,219,42,177,122,55
Chenglin Road,Fuxing Gate,7898.111549,100014,100041,195,37,158,107,51
Hangshuang Road,Chenglin Road,7897.314529,100051,100014,162,24,138,109,29
Chenglin Road,Hangshuang Road,7897.314529,100014,100051,141,13,128,106,22
Fuxing Road,Liuyuan,7896.788587,100042,100091,282,51,231,152,79
Liuyuan,Fuxing Road,7896.788587,100091,100042,281,67,214,163,51
JinZhong River Street,Dongxing Road,7896.41368,100079,100035,163,33,130,85,45
Dongxing Road,JinZhong River Street,7896.41368,100035,100079,137,17,120,70,50
Xingfu Park,Cultural centre,7895.282771,100159,100020,894,263,631,418,213
Cultural centre,Xingfu Park,7895.282771,100020,100159,847,237,610,388,222
Southeast Corner,JinZhong River Street,7893.139369,100123,100079,308,119,189,100,89
JinZhong River Street,Southeast Corner,7893.139369,100079,100123,282,120,162,103,59
Zhaoyuan Road,Wandong Road,7892.943784,100186,100144,4,2,2,1,1
Wandong Road,Zhaoyuan Road,7892.943784,100144,100186,2,0,2,0,2
Zhongshan Road,Dabi Zhuang,7891.619798,100190,100021,325,74,251,147,104
Dabi Zhuang,Zhongshan Road,7891.619798,100021,100190,287,68,219,152,67
Gulou,Minquan Gate,7891.294943,100045,100099,361,137,224,88,136
Minquan Gate,Gulou,7891.294943,100099,100045,297,113,184,98,86
Dengzhou South Road,Dongjiang Road,7891.172598,100025,100028,4,1,3,2,1
Dongjiang Road,Dengzhou South Road,7891.172598,100028,100025,1,0,1,0,1
Yudongcheng,Dongxing Road,7890.750568,100180,100035,209,38,171,126,45
Dongxing Road,Yudongcheng,7890.750568,100035,100180,190,22,168,129,39
Yixingbu North,Xiaodian,7890.714057,100176,100155,218,41,177,130,47
Xiaodian,Yixingbu North,7890.714057,100155,100176,195,40,155,124,31
Wandong Road,The Financial University,7889.241555,100144,100132,114,31,83,44,39
The Financial University,Wandong Road,7889.241555,100132,100144,95,25,70,46,24
Tiedong Road,Xiaodian,7888.73368,100139,100155,611,110,501,359,142
Xiaodian,Tiedong Road,7888.73368,100155,100139,567,117,450,333,117
Beining Park,Jintang Road,7885.730735,100006,100077,115,26,89,59,30
Jintang Road,Beining Park,7885.730735,100077,100006,104,34,70,51,19
Erwei Road,Cao Zhuang,7885.335348,100036,100011,1054,168,886,614,272
Cao Zhuang,Erwei Road,7885.335348,100011,100036,1022,154,868,648,220
Yuanyang International Centre,Guoshan Road,7885.120503,100179,100047,332,82,250,136,114
Guoshan Road,Yuanyang International Centre,7885.120503,100047,100179,309,85,224,145,79
Jianshan Road,Jinwan Square,7884.4067,100066,100078,34,9,25,19,6
Jinwan Square,Jianshan Road,7884.4067,100078,100066,23,7,16,14,2
Yutai,Second hospital of the Medical University,7884.177627,100183,100115,23,2,21,19,2
Second hospital of the Medical University,Yutai,7884.177627,100115,100183,12,1,11,8,3
Jianchang Road,Jinwan Square,7883.569132,100063,100078,176,31,145,103,42
Jinwan Square,Jianchang Road,7883.569132,100078,100063,156,24,132,64,68
Tianjin Hotel,Taichang Road,7882.345508,100134,100128,436,117,319,212,107
Taichang Road,Tianjin Hotel,7882.345508,100128,100134,378,104,274,183,91
Laoshan Road,Jianguo Road,7881.835918,100082,100064,156,46,110,79,31
Jianguo Road,Laoshan Road,7881.835918,100064,100082,155,30,125,72,53
Southwest corner,Cultural centre,7880.598553,100124,100020,443,105,338,224,114
Cultural centre,Southwest corner,7880.598553,100020,100124,412,96,316,185,131
Nancuiping,Heping Road,7877.386413,100100,100053,305,99,206,131,75
Heping Road,Nancuiping,7877.386413,100053,100100,288,81,207,108,99
Xianyang Road,Dawang Zhuang,7877.08796,100153,100023,441,76,365,267,98
Dawang Zhuang,Xianyang Road,7877.08796,100023,100153,368,61,307,201,106
Liuwei Road,Longhan Road,7875.348344,100090,100092,23,3,20,11,9
Longhan Road,Liuwei Road,7875.348344,100092,100090,10,4,6,2,4
Fuxing Gate,Dawang Zhuang,7869.598956,100041,100023,74,10,64,52,12
Dawang Zhuang,Fuxing Gate,7869.598956,100023,100041,53,14,39,28,11
Foreign Languages High School,Huaihe Road,7867.893009,100040,100058,14,2,12,8,4
Huaihe Road,Foreign Languages High School,7867.893009,100058,100040,5,1,4,3,1
Taichang Road,Liulin Road,7867.623233,100128,100089,588,238,350,138,212
Liulin Road,Taichang Road,7867.623233,100089,100128,582,190,392,184,208
Zhanggui Zhuang,Xiawafang,7866.922253,100184,100157,1035,192,843,599,244
Xiawafang,Zhanggui Zhuang,7866.922253,100157,100184,975,184,791,493,298
Gulou,Cao Zhuang,7865.339599,100045,100011,4661,1861,2800,1258,1542
Cao Zhuang,Gulou,7865.339599,100011,100045,4339,1637,2702,1397,1305
Beichen Road,Siyuan Road,7864.944878,100005,100121,65,14,51,32,19
Siyuan Road,Beichen Road,7864.944878,100121,100005,48,13,35,20,15
Bei Zhulin,Xuzhou Road,7864.758437,100004,100167,7,0,7,5,2
Xuzhou Road,Bei Zhulin,7864.758437,100167,100004,2,0,2,0,2
JinZhong Street,Tiantai Road,7863.039666,100080,100137,317,66,251,173,78
Tiantai Road,JinZhong Street,7863.039666,100137,100080,301,68,233,102,131
Jieyuan West Road,Qinjian Road,7862.497942,100069,100113,464,73,391,330,61
Qinjian Road,Jieyuan West Road,7862.497942,100113,100069,463,57,406,236,170
Siyuan Road,Xiaodian,7861.244856,100121,100155,46,10,36,26,10
Xiaodian,Siyuan Road,7861.244856,100155,100121,35,4,31,20,11
Cuifu New Village,Yixingbu,7861.205587,100019,100175,65,17,48,42,6
Yixingbu,Cuifu New Village,7861.205587,100175,100019,51,6,45,33,12
Tiantuo,Yaohuan Road,7860.878427,100138,100170,82,12,70,47,23
Yaohuan Road,Tiantuo,7860.878427,100170,100138,69,8,61,47,14
Tian Tower,Cultural centre,7860.850983,100133,100020,191,89,102,37,65
Cultural centre,Tian Tower,7860.850983,100020,100133,182,92,90,44,46
Jingjiang Road,Dabi Zhuang,7860.842988,100072,100021,140,29,111,78,33
Dabi Zhuang,Jingjiang Road,7860.842988,100021,100072,122,23,99,66,33
Zhou and Deng Memorial Museum,Dawang Zhuang,7860.405476,100191,100023,154,38,116,82,34
Dawang Zhuang,Zhou and Deng Memorial Museum,7860.405476,100023,100191,123,35,88,56,32
Foreign Languages High School,Jieyuan West Road,7860.290566,100040,100069,72,6,66,50,16
Jieyuan West Road,Foreign Languages High School,7860.290566,100069,100040,56,4,52,42,10
Yihao Bridge,Cultural centre,7859.557065,100172,100020,171,32,139,97,42
Cultural centre,Yihao Bridge,7859.557065,100020,100172,153,43,110,70,40
Wanshan Road,Chunhai Road,7857.948509,100146,100017,47,7,40,31,9
Chunhai Road,Wanshan Road,7857.948509,100017,100146,42,6,36,34,2
Wangdingdi,Chinese Medicine First Affiliated Hospital,7856.434877,100145,100016,52,14,38,27,11
Chinese Medicine First Affiliated Hospital,Wangdingdi,7856.434877,100016,100145,48,13,35,24,11
Guangkaisima Road,Huayuan,7853.466566,100044,100061,357,43,314,230,84
Huayuan,Guangkaisima Road,7853.466566,100061,100044,325,33,292,222,70
Wandong Road,Cultural centre,7852.982113,100144,100020,218,75,143,82,61
Cultural centre,Wandong Road,7852.982113,100020,100144,187,62,125,52,73
Jianchang Road,Liuwei Road,7848.214053,100063,100090,62,21,41,29,12
Liuwei Road,Jianchang Road,7848.214053,100090,100063,51,17,34,13,21
Southeast Corner,Hongqi South Road,7848.075074,100123,100057,793,298,495,275,220
Hongqi South Road,Southeast Corner,7848.075074,100057,100123,681,225,456,323,133
Yingkou Road,Yueya River,7848.021763,100174,100182,2255,675,1580,748,832
Yueya River,Yingkou Road,7848.021763,100182,100174,2155,676,1479,930,549
Yihao Bridge,Tianjin Station,7847.96106,100172,100135,1564,323,1241,578,663
Tianjin Station,Yihao Bridge,7847.96106,100135,100172,1465,526,939,410,529
Jingjiang Road,Chentang Zhuang,7847.033666,100072,100015,451,57,394,301,93
Chentang Zhuang,Jingjiang Road,7847.033666,100015,100072,376,51,325,239,86
Xiawafang,Tiantuo,7846.064115,100157,100138,489,82,407,314,93
Tiantuo,Xiawafang,7846.064115,100138,100157,481,75,406,277,129
University of Civil Aviation,Longhan Road,7845.213539,100142,100092,83,33,50,30,20
Longhan Road,University of Civil Aviation,7845.213539,100092,100142,72,27,45,25,20
West Station,Jianchang Road,7844.571053,100149,100063,726,220,506,209,297
Jianchang Road,West Station,7844.571053,100063,100149,628,175,453,386,67
Guangkaisima Road,Water Park Road East,7843.786182,100044,100147,368,104,264,193,71
Water Park Road East,Guangkaisima Road,7843.786182,100147,100044,329,85,244,170,74
Jinwan Square,Laoshan Road,7843.55211,100078,100082,110,27,83,42,41
Laoshan Road,Jinwan Square,7843.55211,100082,100078,91,26,65,48,17
Nancuiping,Jiefang South Road,7839.750571,100100,100068,326,87,239,148,91
Jiefang South Road,Nancuiping,7839.750571,100068,100100,269,65,204,121,83
Anshan Road,Huayuan,7836.903636,100002,100061,1397,183,1214,873,341
Huayuan,Anshan Road,7836.903636,100061,100002,1263,180,1083,754,329
Wangdingdi,Fuxing Road,7835.888422,100145,100042,33,8,25,17,8
Fuxing Road,Wangdingdi,7835.888422,100042,100145,29,14,15,11,4
Cuifu New Village,Longhan Road,7835.52742,100019,100092,45,11,34,23,11
Longhan Road,Cuifu New Village,7835.52742,100092,100019,41,14,27,16,11
Shuanggang,Jianshan Road,7835.056714,100118,100066,188,36,152,107,45
Jianshan Road,Shuanggang,7835.056714,100066,100118,188,42,146,107,39
Yingfeng Road,Yutai,7834.488569,100173,100183,18,0,18,11,7
Yutai,Yingfeng Road,7834.488569,100183,100173,12,0,12,11,1
Beiyangyuan Campus of Tianjin University,Dongting Road,7832.038489,100007,100034,26,11,15,5,10
Dongting Road,Beiyangyuan Campus of Tianjin University,7832.038489,100034,100007,17,7,10,1,9
Tianjin Station,Jieyuan West Road,7827.56201,100135,100069,1493,413,1080,481,599
Jieyuan West Road,Tianjin Station,7827.56201,100069,100135,1237,361,876,476,400
Changhong Park,Leyuan Road,7827.455284,100012,100083,389,132,257,158,99
Leyuan Road,Changhong Park,7827.455284,100083,100012,367,135,232,103,129
Yudongcheng,Siyuan Road,7821.123639,100180,100121,53,10,43,30,13
Siyuan Road,Yudongcheng,7821.123639,100121,100180,40,11,29,25,4
Xuzhuangzi,Bei Zhulin,7819.174313,100168,100004,22,8,14,11,3
Bei Zhulin,Xuzhuangzi,7819.174313,100004,100168,18,1,17,14,3
Liulin Road,Dongli Sanjing Road,7817.880395,100089,100032,14,6,8,5,3
Dongli Sanjing Road,Liulin Road,7817.880395,100032,100089,13,3,10,7,3
Bianxing,Anshan Road,7817.699294,100009,100002,608,115,493,338,155
Anshan Road,Bianxing,7817.699294,100002,100009,577,125,452,271,181
Hehui South Road,Jinghe Road,7815.022094,100052,100071,357,80,277,193,84
Jinghe Road,Hehui South Road,7815.022094,100071,100052,314,71,243,137,106
Wangdingdi,Lijiang Road,7814.963957,100145,100085,8,2,6,5,1
Lijiang Road,Wangdingdi,7814.963957,100085,100145,7,1,6,6,0
Tiantai Road,Yizhongxin Hospital,7813.330587,100137,100177,526,109,417,301,116
Yizhongxin Hospital,Tiantai Road,7813.330587,100177,100137,418,95,323,192,131
Yudongcheng,Southeast Corner,7812.975752,100180,100123,2286,619,1667,1144,523
Southeast Corner,Yudongcheng,7812.975752,100123,100180,2068,553,1515,872,643
Guangkaisima Road,Southwest Tower,7812.010708,100044,100125,130,31,99,56,43
Southwest Tower,Guangkaisima Road,7812.010708,100125,100044,126,26,100,61,39
Heping Road,Jieyuan West Road,7811.616244,100053,100069,1041,244,797,424,373
Jieyuan West Road,Heping Road,7811.616244,100069,100053,871,193,678,485,193
Shaliu South Road,Nanzhu Bridge,7810.408077,100116,100104,234,27,207,139,68
Nanzhu Bridge,Shaliu South Road,7810.408077,100104,100116,197,36,161,116,45
Foreign Languages High School,Jiayuan Li,7810.303864,100040,100067,41,18,23,19,4
Jiayuan Li,Foreign Languages High School,7810.303864,100067,100040,30,12,18,13,5
Shaliu South Road,Yueya River,7810.082004,100116,100182,146,20,126,77,49
Yueya River,Shaliu South Road,7810.082004,100182,100116,98,19,79,51,28
Foreign Languages High School,Tiantuo,7809.623339,100040,100138,100,13,87,70,17
Tiantuo,Foreign Languages High School,7809.623339,100138,100040,57,6,51,38,13
Northwest Corner,Zhangxing Zhuang,7808.341979,100109,100185,123,36,87,59,28
Zhangxing Zhuang,Northwest Corner,7808.341979,100185,100109,106,34,72,51,21
Southwest Tower,The Financial University,7807.44433,100125,100132,297,74,223,146,77
The Financial University,Southwest Tower,7807.44433,100132,100125,296,72,224,153,71
Shunchi Bridge,JinZhong Street,7806.702822,100120,100080,67,15,52,33,19
JinZhong Street,Shunchi Bridge,7806.702822,100080,100120,53,13,40,23,17
Tumour Hospital,Dawang Zhuang,7806.463964,100141,100023,423,68,355,225,130
Dawang Zhuang,Tumour Hospital,7806.463964,100023,100141,381,60,321,231,90
Qinjian Road,Tiedong Road,7803.883991,100113,100139,88,4,84,42,42
Tiedong Road,Qinjian Road,7803.883991,100139,100113,86,5,81,65,16
Dongxing Road,Sports Centre,7803.437233,100035,100126,103,19,84,57,27
Sports Centre,Dongxing Road,7803.437233,100126,100035,81,20,61,42,19
Jiangwan Erzhi Road,Longhan Road,7801.539683,100065,100092,311,45,266,196,70
Longhan Road,Jiangwan Erzhi Road,7801.539683,100092,100065,286,55,231,157,74
Number Two Bridge,Xiaobailou,7800.966709,100110,100154,340,76,264,207,57
Xiaobailou,Number Two Bridge,7800.966709,100154,100110,314,80,234,129,105
Leyuan Road,Huayuan,7800.662026,100083,100061,471,93,378,259,119
Huayuan,Leyuan Road,7800.662026,100061,100083,406,79,327,219,108
Liaohe North Road,Fengchan River,7800.609975,100084,100039,12,0,12,12,0
Fengchan River,Liaohe North Road,7800.609975,100039,100084,7,1,6,6,0
Honghu Li,Bianxing,7800.554514,100055,100009,163,39,124,66,58
Bianxing,Honghu Li,7800.554514,100009,100055,125,26,99,71,28
Shiyijing Road,Shaliu South Road,7799.99688,100117,100116,33,6,27,16,11
Shaliu South Road,Shiyijing Road,7799.99688,100116,100117,18,8,10,10,0
Bei Zhulin,Liuyuan,7793.212311,100004,100091,33,7,26,12,14
Liuyuan,Bei Zhulin,7793.212311,100091,100004,28,13,15,13,2
Chenglin Road,Tumour Hospital,7791.206791,100014,100141,1465,205,1260,831,429
Tumour Hospital,Chenglin Road,7791.206791,100141,100014,1447,194,1253,674,579
Bei Zhulin,Hongqi South Road,7788.878225,100004,100057,131,31,100,69,31
Hongqi South Road,Bei Zhulin,7788.878225,100057,100004,105,27,78,55,23
Chenglin Road,Number Two Bridge,7786.599685,100014,100110,108,20,88,55,33
Number Two Bridge,Chenglin Road,7786.599685,100110,100014,86,29,57,39,18
West Station,Liuwei Road,7785.510501,100149,100090,90,22,68,23,45
Liuwei Road,West Station,7785.510501,100090,100149,67,28,39,22,17
Wangdingdi,Zuojiang Road,7783.202533,100145,100192,23,4,19,8,11
Zuojiang Road,Wangdingdi,7783.202533,100192,100145,21,1,20,17,3
Xianyang Road,Zhongshan Road,7782.936829,100153,100190,228,51,177,122,55
Zhongshan Road,Xianyang Road,7782.936829,100190,100153,219,47,172,104,68
North Beichen Tech Park,Liaohe North Road,7780.585244,100106,100084,60,13,47,39,8
Liaohe North Road,North Beichen Tech Park,7780.585244,100084,100106,57,12,45,39,6
Water Park Road East,Yingkou Road,7780.48682,100147,100174,904,426,478,239,239
Yingkou Road,Water Park Road East,7780.48682,100174,100147,768,298,470,234,236
Wanshan Road,Yuanyang International Centre,7777.904068,100146,100179,122,31,91,58,33
Yuanyang International Centre,Wanshan Road,7777.904068,100179,100146,111,28,83,54,29
Xinkai River,Cuifu New Village,7777.762503,100160,100019,41,2,39,23,16
Cuifu New Village,Xinkai River,7777.762503,100019,100160,31,6,25,20,5
Leyuan Road,Tianjin Station,7775.699771,100083,100135,136,55,81,27,54
Tianjin Station,Leyuan Road,7775.699771,100135,100083,83,32,51,18,33
Yibin Road,Jianshan Road,7773.92752,100171,100066,259,62,197,151,46
Jianshan Road,Yibin Road,7773.92752,100066,100171,243,45,198,122,76
Xianyang Road,Benxi Road,7770.200464,100153,100008,188,44,144,90,54
Benxi Road,Xianyang Road,7770.200464,100008,100153,172,43,129,75,54
Wandong Road,Jianchang Road,7769.027285,100144,100063,39,9,30,23,7
Jianchang Road,Wandong Road,7769.027285,100063,100144,27,4,23,16,7
Beining Park,Yibin Road,7768.862944,100006,100171,317,66,251,171,80
Yibin Road,Beining Park,7768.862944,100171,100006,304,64,240,153,87
Dongxing Road,Huashan Li,7768.074114,100035,100060,70,8,62,44,18
Huashan Li,Dongxing Road,7768.074114,100060,100035,63,9,54,47,7
Anshan Road,Nancuiping,7766.292059,100002,100100,140,22,118,65,53
Nancuiping,Anshan Road,7766.292059,100100,100002,114,31,83,49,34
Haihe Education Zone,Lushui Road,7764.592307,100050,100093,165,42,123,56,67
Lushui Road,Haihe Education Zone,7764.592307,100093,100050,158,36,122,77,45
Zhigu,Laoshan Road,7763.88444,100188,100082,110,11,99,62,37
Laoshan Road,Zhigu,7763.88444,100082,100188,81,12,69,48,21
Yudongcheng,Haihe East Road,7762.635015,100180,100049,20,4,16,8,8
Haihe East Road,Yudongcheng,7762.635015,100049,100180,6,2,4,1,3
Yingfeng Road,Fuxing Road,7761.254965,100173,100042,213,40,173,124,49
Fuxing Road,Yingfeng Road,7761.254965,100042,100173,156,26,130,82,48
Zhigu,Nancuiping,7760.128955,100188,100100,183,33,150,93,57
Nancuiping,Zhigu,7760.128955,100100,100188,157,33,124,86,38
Tiedong Road,Anshan Road,7759.964852,100139,100002,1244,227,1017,716,301
Anshan Road,Tiedong Road,7759.964852,100002,100139,1028,185,843,518,325
Changling Road,Huayuan,7755.53549,100013,100061,399,43,356,308,48
Huayuan,Changling Road,7755.53549,100061,100013,396,42,354,277,77
People's Hospital,Huayuan,7754.221688,100111,100061,777,64,713,546,167
Huayuan,People's Hospital,7754.221688,100061,100111,737,71,666,458,208
Tucheng,Yuanyang International Centre,7752.724672,100140,100179,292,57,235,167,68
Yuanyang International Centre,Tucheng,7752.724672,100179,100140,251,54,197,134,63
Tian Tower,Chenglin Road,7751.733721,100133,100014,246,60,186,111,75
Chenglin Road,Tian Tower,7751.733721,100014,100133,231,50,181,135,46
The Financial University,Xiaobailou,7750.920507,100132,100154,3195,868,2327,1457,870
Xiaobailou,The Financial University,7750.920507,100154,100132,2914,774,2140,1165,975
Sports Centre,Dongting Road,7750.655976,100126,100034,9,4,5,3,2
Dongting Road,Sports Centre,7750.655976,100034,100126,8,0,8,7,1
Gulou,Hongqi South Road,7750.50576,100045,100057,1316,522,794,402,392
Hongqi South Road,Gulou,7750.50576,100057,100045,1027,373,654,407,247
Cultural centre,Jianguo Road,7750.457551,100020,100064,284,154,130,66,64
Jianguo Road,Cultural centre,7750.457551,100064,100020,258,105,153,91,62
Number Two Bridge,Southwest Tower,7750.28977,100110,100125,397,50,347,286,61
Southwest Tower,Number Two Bridge,7750.28977,100125,100110,379,59,320,220,100
Foreign Languages High School,Xikang Road,7748.371816,100040,100158,152,16,136,113,23
Xikang Road,Foreign Languages High School,7748.371816,100158,100040,132,14,118,95,23
Honghu Li,Xiaobailou,7747.581038,100055,100154,3897,1034,2863,2067,796
Xiaobailou,Honghu Li,7747.581038,100154,100055,3560,786,2774,1675,1099
Honghu Li,Yizhongxin Hospital,7744.432463,100055,100177,377,87,290,227,63
Yizhongxin Hospital,Honghu Li,7744.432463,100177,100055,324,73,251,158,93
Dengzhou South Road,Zhigu,7743.069994,100025,100188,156,16,140,108,32
Zhigu,Dengzhou South Road,7743.069994,100188,100025,126,14,112,69,43
Jingjiang Road,Wujiayao,7742.290993,100072,100150,545,88,457,325,132
Wujiayao,Jingjiang Road,7742.290993,100150,100072,483,71,412,297,115
Southwest corner,Wangdingdi,7740.060411,100124,100145,98,22,76,46,30
Wangdingdi,Southwest corner,7740.060411,100145,100124,95,28,67,40,27
Leyuan Road,Taichang Road,7739.356597,100083,100128,51,21,30,11,19
Taichang Road,Leyuan Road,7739.356597,100128,100083,35,12,23,10,13
Jintang Road,Tian Tower,7738.45009,100077,100133,161,45,116,87,29
Tian Tower,Jintang Road,7738.45009,100133,100077,151,45,106,56,50
West Station,Cao Zhuang,7736.759924,100149,100011,1875,669,1206,365,841
Cao Zhuang,West Station,7736.759924,100011,100149,1178,446,732,349,383
Liuwei Road,Laoshan Road,7736.349233,100090,100082,76,19,57,38,19
Laoshan Road,Liuwei Road,7736.349233,100082,100090,50,17,33,17,16
Zhongshan Gate,Xikang Road,7735.355169,100189,100158,508,91,417,295,122
Xikang Road,Zhongshan Gate,7735.355169,100158,100189,505,86,419,275,144
Xiaobailou,Yibin Road,7732.517854,100154,100171,385,93,292,170,122
Yibin Road,Xiaobailou,7732.517854,100171,100154,336,68,268,206,62
JinZhong River Street,Dengzhou Road,7729.248861,100079,100024,94,13,81,59,22
Dengzhou Road,JinZhong River Street,7729.248861,100024,100079,75,12,63,45,18
Jingjiang Road,Tianjin Hotel,7728.925276,100072,100134,716,155,561,392,169
Tianjin Hotel,Jingjiang Road,7728.925276,100134,100072,688,145,543,357,186
Minquan Gate,Liuwei Road,7727.625268,100099,100090,37,10,27,14,13
Liuwei Road,Minquan Gate,7727.625268,100090,100099,27,5,22,10,12
Haiguang Temple,Benxi Road,7727.160554,100048,100008,2320,466,1854,1083,771
Benxi Road,Haiguang Temple,7727.160554,100008,100048,2301,437,1864,1388,476
Wandong Road,Gulou,7724.537686,100144,100045,306,104,202,124,78
Gulou,Wandong Road,7724.537686,100045,100144,278,79,199,97,102
Beining Park,Huaihe Road,7722.96603,100006,100058,130,38,92,60,32
Huaihe Road,Beining Park,7722.96603,100058,100006,128,33,95,69,26
Jiayuan Li,Changhong Park,7722.876165,100067,100012,407,104,303,204,99
Changhong Park,Jiayuan Li,7722.876165,100012,100067,403,99,304,197,107
West Station,Shiyijing Road,7721.618875,100149,100117,342,91,251,81,170
Shiyijing Road,West Station,7721.618875,100117,100149,228,79,149,60,89
Xingfu Park,Zhongshan Gate,7720.918954,100159,100189,286,69,217,155,62
Zhongshan Gate,Xingfu Park,7720.918954,100189,100159,257,54,203,115,88
Second hospital of the Medical University,Zhongshan Gate,7718.399672,100115,100189,72,11,61,44,17
Zhongshan Gate,Second hospital of the Medical University,7718.399672,100189,100115,68,15,53,34,19
Xuzhou Road,Cultural centre,7718.360815,100167,100020,21,6,15,6,9
Cultural centre,Xuzhou Road,7718.360815,100020,100167,14,9,5,1,4
Xuefu Industrial Area,Zhou and Deng Memorial Museum,7717.490762,100163,100191,143,34,109,71,38
Zhou and Deng Memorial Museum,Xuefu Industrial Area,7717.490762,100191,100163,111,25,86,61,25
Tian Tower,Zhongshan Road,7715.26012,100133,100190,1132,347,785,377,408
Zhongshan Road,Tian Tower,7715.26012,100190,100133,1082,317,765,449,316
Meijiang Park,Jingli Road,7714.63835,100096,100073,53,7,46,24,22
Jingli Road,Meijiang Park,7714.63835,100073,100096,52,12,40,25,15
Cultural centre,Huashan Li,7713.333303,100020,100060,357,120,237,114,123
Huashan Li,Cultural centre,7713.333303,100060,100020,348,121,227,157,70
Xueyuan North Road,Laoshan Road,7712.50391,100165,100082,19,5,14,7,7
Laoshan Road,Xueyuan North Road,7712.50391,100082,100165,19,3,16,10,6
North Station,Jintang Road,7711.686696,100108,100077,106,23,83,51,32
Jintang Road,North Station,7711.686696,100077,100108,90,22,68,40,28
South Station,Wangdingdi,7709.238908,100122,100145,1509,402,1107,647,460
Wangdingdi,South Station,7709.238908,100145,100122,1493,377,1116,763,353
Shunchi Bridge,Dengzhou South Road,7708.973378,100120,100025,18,4,14,7,7
Dengzhou South Road,Shunchi Bridge,7708.973378,100025,100120,17,6,11,3,8
Tian Tower,Lingbin Road,7708.108361,100133,100087,64,17,47,20,27
Lingbin Road,Tian Tower,7708.108361,100087,100133,60,19,41,13,28
University of Civil Aviation,Laoshan Road,7706.214428,100142,100082,158,62,96,51,45
Laoshan Road,University of Civil Aviation,7706.214428,100082,100142,148,53,95,42,53
Shunchi Bridge,Cultural centre,7705.654998,100120,100020,253,64,189,139,50
Cultural centre,Shunchi Bridge,7705.654998,100020,100120,220,59,161,90,71
Jinshi Bridge,Zhongshan Gate,7705.042767,100076,100189,303,68,235,153,82
Zhongshan Gate,Jinshi Bridge,7705.042767,100189,100076,277,60,217,137,80
Jinmao Industrial Area,Xuzhou Road,7700.380924,100074,100167,103,10,93,79,14
Xuzhou Road,Jinmao Industrial Area,7700.380924,100167,100074,86,4,82,71,11
Yingfeng Road,Haiguang Temple,7700.316455,100173,100048,184,40,144,92,52
Haiguang Temple,Yingfeng Road,7700.316455,100048,100173,180,30,150,72,78
Chunhai Road,Tucheng,7698.95489,100017,100140,17,7,10,3,7
Tucheng,Chunhai Road,7698.95489,100140,100017,9,1,8,4,4
Tumour Hospital,Chentang Zhuang,7698.767958,100141,100015,329,42,287,189,98
Chentang Zhuang,Tumour Hospital,7698.767958,100015,100141,282,35,247,167,80
People's Hospital,Water Park Road East,7698.539273,100111,100147,1115,275,840,577,263
Water Park Road East,People's Hospital,7698.539273,100147,100111,987,217,770,444,326
Guangkaisima Road,Zhigu,7698.083371,100044,100188,192,44,148,92,56
Zhigu,Guangkaisima Road,7698.083371,100188,100044,173,41,132,93,39
Nanlou,Nancuiping,7694.799392,100102,100100,85,16,69,41,28
Nancuiping,Nanlou,7694.799392,100100,100102,68,17,51,45,6
Xueyuan North Road,Lilou,7694.477237,100165,100086,1,0,1,1,0
The Financial University,Zhigu,7693.516993,100132,100188,242,51,191,122,69
Zhigu,The Financial University,7693.516993,100188,100132,218,45,173,93,80
Xianyang Road,Xiaobailou,7692.933681,100153,100154,1305,284,1021,765,256
Xiaobailou,Xianyang Road,7692.933681,100154,100153,1256,265,991,639,352
Jintang Road,Southwest corner,7692.932318,100077,100124,249,61,188,103,85
Southwest corner,Jintang Road,7692.932318,100124,100077,216,49,167,108,59
Xingfu Park,Xikang Road,7691.696173,100159,100158,270,44,226,155,71
Xikang Road,Xingfu Park,7691.696173,100158,100159,250,46,204,126,78
Cuifu New Village,Tucheng,7690.60334,100019,100140,137,28,109,62,47
Tucheng,Cuifu New Village,7690.60334,100140,100019,110,24,86,54,32
Lingbin Road,Yibin Road,7690.198961,100087,100171,146,28,118,69,49
Yibin Road,Lingbin Road,7690.198961,100171,100087,136,13,123,92,31
Dongli Yijing Road,Dongjiang Road,7688.415254,100033,100028,162,28,134,112,22
Dongjiang Road,Dongli Yijing Road,7688.415254,100028,100033,148,24,124,103,21
Fangshan Road,Xunhai Road,7688.335167,100038,100166,15,2,13,8,5
Xunhai Road,Fangshan Road,7688.335167,100166,100038,15,3,12,4,8
Jinmao Industrial Area,Chentang Zhuang,7687.693338,100074,100015,13,2,11,6,5
Chentang Zhuang,Jinmao Industrial Area,7687.693338,100015,100074,13,3,10,5,5
Chinese Medicine First Affiliated Hospital,Meijiang Park,7687.634607,100016,100096,29,4,25,4,21
Meijiang Park,Chinese Medicine First Affiliated Hospital,7687.634607,100096,100016,26,5,21,9,12
Nancuiping,Xianyang Road,7687.500376,100100,100153,182,41,141,91,50
Xianyang Road,Nancuiping,7687.500376,100153,100100,168,36,132,90,42
Tiedong Road,Xikang Road,7687.068634,100139,100158,1813,340,1473,1088,385
Xikang Road,Tiedong Road,7687.068634,100158,100139,1624,297,1327,909,418
Yudongcheng,Xiawafang,7683.859186,100180,100157,1401,223,1178,894,284
Xiawafang,Yudongcheng,7683.859186,100157,100180,1213,214,999,689,310
Tian Tower,Shiyijing Road,7682.501851,100133,100117,209,51,158,67,91
Shiyijing Road,Tian Tower,7682.501851,100117,100133,206,34,172,95,77
Yingfeng Road,Southwest corner,7681.690878,100173,100124,579,110,469,302,167
Southwest corner,Yingfeng Road,7681.690878,100124,100173,512,103,409,216,193
Tucheng,Xingfu Park,7680.915545,100140,100159,532,108,424,286,138
Xingfu Park,Tucheng,7680.915545,100159,100140,517,105,412,301,111
Xiawafang,Liulin Road,7680.700058,100157,100089,207,65,142,84,58
Liulin Road,Xiawafang,7680.700058,100089,100157,192,64,128,57,71
Xiangshan Road,Xuzhou Road,7680.149391,100151,100167,362,79,283,193,90
Xuzhou Road,Xiangshan Road,7680.149391,100167,100151,314,50,264,184,80
Jinwan Square,Honghu Li,7677.69072,100078,100055,473,129,344,174,170
Honghu Li,Jinwan Square,7677.69072,100055,100078,471,149,322,221,101
Dongxing Road,Water Park Road East,7676.337385,100035,100147,36,15,21,15,6
Water Park Road East,Dongxing Road,7676.337385,100147,100035,36,18,18,11,7
Southeast Corner,Zhangxing Zhuang,7676.19705,100123,100185,178,50,128,60,68
Zhangxing Zhuang,Southeast Corner,7676.19705,100185,100123,155,39,116,78,38
Zhongshan Gate,Cuifu New Village,7674.79575,100189,100019,79,17,62,20,42
Cuifu New Village,Zhongshan Gate,7674.79575,100019,100189,67,18,49,33,16
Zuojiang Road,Dongxing Road,7669.47876,100192,100035,52,3,49,36,13
Dongxing Road,Zuojiang Road,7669.47876,100035,100192,41,6,35,14,21
Liuwei Road,Tucheng,7667.164216,100090,100140,24,9,15,6,9
Tucheng,Liuwei Road,7667.164216,100140,100090,15,4,11,10,1
Yueya River,Jin Street,7664.693241,100182,100070,745,147,598,421,177
Jin Street,Yueya River,7664.693241,100070,100182,682,150,532,321,211
Huanyu Road,Chenglin Road,7664.648886,100059,100014,7,3,4,1,3
Chenglin Road,Huanyu Road,7664.648886,100014,100059,6,1,5,2,3
Minquan Gate,People's Hospital,7664.027578,100099,100111,375,76,299,171,128
People's Hospital,Minquan Gate,7664.027578,100111,100099,341,62,279,130,149
Wangdingdi,Haiguang Temple,7663.582213,100145,100048,404,70,334,266,68
Haiguang Temple,Wangdingdi,7663.582213,100048,100145,311,62,249,158,91
Liqi Zhuang South,Chunhai Road,7663.155076,100088,100017,19,1,18,14,4
Chunhai Road,Liqi Zhuang South,7663.155076,100017,100088,15,0,15,11,4
Jiangwan Erzhi Road,Shuanglin,7663.05068,100065,100119,54,8,46,31,15
Shuanglin,Jiangwan Erzhi Road,7663.05068,100119,100065,44,12,32,16,16
Xuzhuangzi,Yuanyang International Centre,7662.880263,100168,100179,79,9,70,52,18
Yuanyang International Centre,Xuzhuangzi,7662.880263,100179,100168,71,6,65,48,17
Jinmao Industrial Area,Guoshan Road,7662.473219,100074,100047,8,1,7,4,3
Guoshan Road,Jinmao Industrial Area,7662.473219,100047,100074,2,0,2,2,0
Yutai,Jianshan Road,7658.4603,100183,100066,29,7,22,18,4
Jianshan Road,Yutai,7658.4603,100066,100183,27,5,22,10,12
Fuxing Road,Dawang Zhuang,7658.08254,100042,100023,45,3,42,27,15
Dawang Zhuang,Fuxing Road,7658.08254,100023,100042,32,5,27,23,4
Honghu Li,Xikang Road,7657.545612,100055,100158,566,147,419,291,128
Xikang Road,Honghu Li,7657.545612,100158,100055,541,138,403,261,142
Yixingbu,JinZhong Street,7657.48745,100175,100080,122,35,87,42,45
JinZhong Street,Yixingbu,7657.48745,100080,100175,104,29,75,34,41
Fuxing Gate,Tianjin Hotel,7656.889046,100041,100134,107,18,89,76,13
Tianjin Hotel,Fuxing Gate,7656.889046,100134,100041,84,17,67,44,23
Lingbin Road,Jiefang South Road,7655.457136,100087,100068,141,34,107,68,39
Jiefang South Road,Lingbin Road,7655.457136,100068,100087,133,33,100,65,35
Beining Park,Taichang Road,7654.796547,100006,100128,261,92,169,102,67
Taichang Road,Beining Park,7654.796547,100128,100006,220,84,136,69,67
Wandong Road,Xikang Road,7654.640247,100144,100158,185,14,171,153,18
Xikang Road,Wandong Road,7654.640247,100158,100144,171,24,147,114,33
Wujiayao,North Station,7654.21673,100150,100108,720,113,607,411,196
North Station,Wujiayao,7654.21673,100108,100150,696,118,578,393,185
Zhou and Deng Memorial Museum,Gulou,7653.600403,100191,100045,252,102,150,71,79
Gulou,Zhou and Deng Memorial Museum,7653.600403,100045,100191,226,106,120,44,76
Tucheng,Yihao Bridge,7653.531714,100140,100172,52,12,40,26,14
Yihao Bridge,Tucheng,7653.531714,100172,100140,43,4,39,15,24
Xuzhou Road,Foreign Languages High School,7653.212044,100167,100040,9,1,8,8,0
Foreign Languages High School,Xuzhou Road,7653.212044,100040,100167,3,0,3,3,0
Benxi Road,North Station,7652.48316,100008,100108,313,59,254,143,111
North Station,Benxi Road,7652.48316,100108,100008,303,124,179,90,89
Yibin Road,Benxi Road,7650.191674,100171,100008,270,64,206,128,78
Benxi Road,Yibin Road,7650.191674,100008,100171,250,67,183,121,62
Jiangwan Erzhi Road,Second hospital of the Medical University,7649.783439,100065,100115,3,0,3,0,3
Second hospital of the Medical University,Jiangwan Erzhi Road,7649.783439,100115,100065,1,0,1,0,1
Wandong Road,Minquan Gate,7648.4385,100144,100099,29,8,21,13,8
Minquan Gate,Wandong Road,7648.4385,100099,100144,27,7,20,7,13
Lilou,Nanzhu Bridge,7647.797921,100086,100104,133,26,107,78,29
Nanzhu Bridge,Lilou,7647.797921,100104,100086,128,27,101,78,23
Taichang Road,Xuelian South Road,7646.777855,100128,100164,90,35,55,16,39
Xuelian South Road,Taichang Road,7646.777855,100164,100128,65,24,41,26,15
Nanzhu Bridge,Zhaoyuan Road,7646.428645,100104,100186,86,13,73,51,22
Zhaoyuan Road,Nanzhu Bridge,7646.428645,100186,100104,78,11,67,34,33
Xingfu Park,Nanhe Zhuang,7643.37216,100159,100101,107,14,93,65,28
Nanhe Zhuang,Xingfu Park,7643.37216,100101,100159,104,31,73,38,35
Xuzhou Road,Tiedong Road,7642.62506,100167,100139,77,6,71,61,10
Tiedong Road,Xuzhou Road,7642.62506,100139,100167,60,4,56,55,1
Beining Park,Anshan Road,7642.597254,100006,100002,250,47,203,131,72
Anshan Road,Beining Park,7642.597254,100002,100006,244,48,196,113,83
Tiedong Road,JinZhong Street,7640.271618,100139,100080,325,60,265,107,158
JinZhong Street,Tiedong Road,7640.271618,100080,100139,304,59,245,194,51
Weishan Road,Chinese Medicine First Affiliated Hospital,7637.452752,100148,100016,270,60,210,137,73
Chinese Medicine First Affiliated Hospital,Weishan Road,7637.452752,100016,100148,268,67,201,77,124
Minquan Gate,Jin Street,7635.806099,100099,100070,78,12,66,54,12
Jin Street,Minquan Gate,7635.806099,100070,100099,73,15,58,32,26
Jianchang Road,Fengchan River,7635.648178,100063,100039,16,3,13,12,1
Fengchan River,Jianchang Road,7635.648178,100039,100063,12,1,11,7,4
Minquan Gate,Yingkou Road,7635.301222,100099,100174,1348,428,920,561,359
Yingkou Road,Minquan Gate,7635.301222,100174,100099,1279,374,905,467,438
Jin Street,Bianxing,7634.756849,100070,100009,363,72,291,159,132
Bianxing,Jin Street,7634.756849,100009,100070,343,68,275,229,46
Huaihe Road,North China Group,7634.460379,100058,100107,202,54,148,97,51
North China Group,Huaihe Road,7634.460379,100107,100058,155,46,109,58,51
Southwest Tower,Northwest Corner,7634.410039,100125,100109,737,178,559,364,195
Northwest Corner,Southwest Tower,7634.410039,100109,100125,714,147,567,362,205
Qinjian Road,Yingkou Road,7633.085744,100113,100174,4589,1365,3224,2008,1216
Yingkou Road,Qinjian Road,7633.085744,100174,100113,4304,1332,2972,1648,1324
Liulin Road,Yuejin North Road,7632.194673,100089,100181,44,13,31,14,17
Yuejin North Road,Liulin Road,7632.194673,100181,100089,37,11,26,13,13
Yuanyang International Centre,Yixingbu,7631.424175,100179,100175,339,77,262,133,129
Yixingbu,Yuanyang International Centre,7631.424175,100175,100179,323,69,254,169,85
Yixingbu,Shunchi Bridge,7631.000429,100175,100120,73,15,58,45,13
Shunchi Bridge,Yixingbu,7631.000429,100120,100175,69,9,60,28,32
Jieyuan West Road,Hongqi South Road,7629.26413,100069,100057,354,77,277,186,91
Hongqi South Road,Jieyuan West Road,7629.26413,100057,100069,318,80,238,163,75
Yaohuan Road,Wangdingdi,7627.513178,100170,100145,14,1,13,9,4
Wangdingdi,Yaohuan Road,7627.513178,100145,100170,8,2,6,2,4
Tiantuo,Jianguo Road,7626.231912,100138,100064,212,45,167,118,49
Jianguo Road,Tiantuo,7626.231912,100064,100138,206,40,166,101,65
Xuefu Industrial Area,Yizhongxin Hospital,7625.237007,100163,100177,126,10,116,99,17
Yizhongxin Hospital,Xuefu Industrial Area,7625.237007,100177,100163,113,5,108,91,17
Chinese Medicine First Affiliated Hospital,Yizhongxin Hospital,7624.551769,100016,100177,457,95,362,204,158
Yizhongxin Hospital,Chinese Medicine First Affiliated Hospital,7624.551769,100177,100016,401,64,337,220,117
Huanyu Road,Hangshuang Road,7624.501754,100059,100051,5,0,5,4,1
Hangshuang Road,Huanyu Road,7624.501754,100051,100059,3,0,3,2,1
Shuanggang,Jinnan Campus of Nankai University,7623.117857,100118,100075,632,268,364,149,215
Jinnan Campus of Nankai University,Shuanggang,7623.117857,100075,100118,593,231,362,261,101
Minquan Gate,Shiyijing Road,7621.92896,100099,100117,106,12,94,65,29
Shiyijing Road,Minquan Gate,7621.92896,100117,100099,95,12,83,51,32
JinZhong River Street,Dawang Zhuang,7621.21024,100079,100023,199,55,144,91,53
Dawang Zhuang,JinZhong River Street,7621.21024,100023,100079,164,49,115,66,49
Southeast Corner,Benxi Road,7620.643626,100123,100008,821,335,486,227,259
Benxi Road,Southeast Corner,7620.643626,100008,100123,799,353,446,266,180
Changling Road,Anshan West Road,7619.954943,100013,100003,498,79,419,320,99
Anshan West Road,Changling Road,7619.954943,100003,100013,462,75,387,238,149
People's Hospital,Dawang Zhuang,7617.808825,100111,100023,141,32,109,62,47
Dawang Zhuang,People's Hospital,7617.808825,100023,100111,141,30,111,73,38
Yizhongxin Hospital,Meijiang Road,7617.808401,100177,100097,453,57,396,308,88
Meijiang Road,Yizhongxin Hospital,7617.808401,100097,100177,392,51,341,252,89
Southwest Tower,Liqi Zhuang South,7617.523394,100125,100088,150,15,135,88,47
Liqi Zhuang South,Southwest Tower,7617.523394,100088,100125,132,13,119,91,28
Cuifu New Village,Xikang Road,7614.483117,100019,100158,481,52,429,326,103
Xikang Road,Cuifu New Village,7614.483117,100158,100019,376,40,336,234,102
Qinjian Road,Beining Park,7613.085596,100113,100006,237,23,214,126,88
Beining Park,Qinjian Road,7613.085596,100006,100113,226,21,205,171,34
Changhong Park,Xiawafang,7613.010916,100012,100157,406,78,328,206,122
Xiawafang,Changhong Park,7613.010916,100157,100012,395,92,303,177,126
Yizhongxin Hospital,Xiawafang,7611.113989,100177,100157,583,88,495,341,154
Xiawafang,Yizhongxin Hospital,7611.113989,100157,100177,555,89,466,306,160
Jianchang Road,Zhigu,7610.344554,100063,100188,241,38,203,143,60
Zhigu,Jianchang Road,7610.344554,100188,100063,237,47,190,105,85
Southeast Corner,Cultural centre,7609.300296,100123,100020,397,166,231,138,93
Cultural centre,Southeast Corner,7609.300296,100020,100123,351,163,188,101,87
Weishan Road,Hongni River East,7608.604908,100148,100056,20,2,18,14,4
Hongni River East,Weishan Road,7608.604908,100056,100148,20,2,18,12,6
Jintang Road,Zhanggui Zhuang,7607.326382,100077,100184,78,18,60,43,17
Zhanggui Zhuang,Jintang Road,7607.326382,100184,100077,60,15,45,32,13
Jieyuan West Road,Yingkou Road,7606.756155,100069,100174,1739,480,1259,796,463
Yingkou Road,Jieyuan West Road,7606.756155,100174,100069,1641,485,1156,628,528
Gaozhuangzi,The Financial University,7604.615649,100043,100132,197,45,152,96,56
The Financial University,Gaozhuangzi,7604.615649,100132,100043,179,49,130,73,57
Zhigu,Minquan Gate,7604.195674,100188,100099,137,21,116,80,36
Minquan Gate,Zhigu,7604.195674,100099,100188,106,19,87,54,33
Beining Park,Xikang Road,7603.444837,100006,100158,472,102,370,290,80
Xikang Road,Beining Park,7603.444837,100158,100006,462,82,380,257,123
JinZhong River Street,Nansun Zhuang,7600.187167,100079,100103,24,8,16,9,7
Nansun Zhuang,JinZhong River Street,7600.187167,100103,100079,9,2,7,5,2
Yibin Road,Southwest Tower,7600.183936,100171,100125,139,20,119,90,29
Southwest Tower,Yibin Road,7600.183936,100125,100171,104,23,81,58,23
Jiangwan Erzhi Road,Yingfeng Road,7600.09438,100065,100173,9,3,6,5,1
Yingfeng Road,Jiangwan Erzhi Road,7600.09438,100173,100065,9,1,8,5,3
Dongli Sanjing Road,Longhan Road,7600.060174,100032,100092,51,2,49,35,14
Longhan Road,Dongli Sanjing Road,7600.060174,100092,100032,50,2,48,41,7
Shuanglin,Dongli Culture and Sports Centre,7599.578087,100119,100029,97,43,54,30,24
Dongli Culture and Sports Centre,Shuanglin,7599.578087,100029,100119,79,31,48,7,41
Xiangshan Road,Zhaoyuan Road,7596.413641,100151,100186,31,4,27,15,12
Zhaoyuan Road,Xiangshan Road,7596.413641,100186,100151,21,2,19,12,7
Tianjin Station,Anshan West Road,7595.752968,100135,100003,1105,291,814,423,391
Anshan West Road,Tianjin Station,7595.752968,100003,100135,884,290,594,321,273
Magangchang,Lingbin Road,7594.659305,100094,100087,52,10,42,35,7
Lingbin Road,Magangchang,7594.659305,100087,100094,47,7,40,28,12
Chenglin Road,North Station,7593.387037,100014,100108,169,22,147,112,35
North Station,Chenglin Road,7593.387037,100108,100014,154,26,128,71,57
Number Two Bridge,Nanlou,7589.152152,100110,100102,69,11,58,42,16
Nanlou,Number Two Bridge,7589.152152,100102,100110,66,10,56,37,19
Wandong Road,Tucheng,7587.977449,100144,100140,94,15,79,64,15
Tucheng,Wandong Road,7587.977449,100140,100144,94,13,81,44,37
Leyuan Road,Jingjiang Road,7585.936366,100083,100072,103,28,75,33,42
Jingjiang Road,Leyuan Road,7585.936366,100072,100083,79,14,65,53,12
Tian Tower,Changhong Park,7585.419516,100133,100012,461,156,305,130,175
Changhong Park,Tian Tower,7585.419516,100012,100133,422,131,291,179,112
Heping Road,Zhongshan Gate,7584.681576,100053,100189,1302,413,889,442,447
Zhongshan Gate,Heping Road,7584.681576,100189,100053,963,289,674,425,249
Minquan Gate,Huaihe Road,7583.386293,100099,100058,115,26,89,48,41
Huaihe Road,Minquan Gate,7583.386293,100058,100099,107,31,76,55,21
Yizhongxin Hospital,Lijiang Road,7583.080849,100177,100085,54,4,50,41,9
Lijiang Road,Yizhongxin Hospital,7583.080849,100085,100177,36,4,32,27,5
University town,Yibin Road,7582.232814,100143,100171,515,121,394,261,133
Yibin Road,University town,7582.232814,100171,100143,482,133,349,221,128
Southwest Tower,Zhou and Deng Memorial Museum,7581.96095,100125,100191,26,13,13,11,2
Zhou and Deng Memorial Museum,Southwest Tower,7581.96095,100191,100125,23,12,11,4,7
Tumour Hospital,Xikang Road,7579.450957,100141,100158,220,31,189,83,106
Xikang Road,Tumour Hospital,7579.450957,100158,100141,198,21,177,112,65
Anshan Road,Xingfu Park,7576.927835,100002,100159,818,139,679,396,283
Xingfu Park,Anshan Road,7576.927835,100159,100002,774,143,631,410,221
Chentang Zhuang,Jinwan Square,7574.219095,100015,100078,407,84,323,244,79
Jinwan Square,Chentang Zhuang,7574.219095,100078,100015,371,70,301,178,123
Tumour Hospital,Chunhai Road,7572.90101,100141,100017,76,14,62,32,30
Chunhai Road,Tumour Hospital,7572.90101,100017,100141,61,9,52,25,27
Zuojiang Road,Yizhongxin Hospital,7572.408755,100192,100177,154,33,121,88,33
Yizhongxin Hospital,Zuojiang Road,7572.408755,100177,100192,119,16,103,64,39
Yudongcheng,Jinshi Bridge,7571.505383,100180,100076,554,98,456,293,163
Jinshi Bridge,Yudongcheng,7571.505383,100076,100180,403,88,315,208,107
West Station,Shunchi Bridge,7571.251409,100149,100120,332,127,205,56,149
Shunchi Bridge,West Station,7571.251409,100120,100149,319,99,220,117,103
Heping Road,Anshan West Road,7563.728252,100053,100003,432,137,295,135,160
Anshan West Road,Heping Road,7563.728252,100003,100053,391,121,270,168,102
Sports Centre,Jintang Road,7563.341131,100126,100077,470,108,362,221,141
Jintang Road,Sports Centre,7563.341131,100077,100126,446,103,343,221,122
Changling Road,Xiaobailou,7563.192386,100013,100154,1678,334,1344,1016,328
Xiaobailou,Changling Road,7563.192386,100154,100013,1453,292,1161,761,400
West Station,Yueya River,7562.396765,100149,100182,602,161,441,189,252
Yueya River,West Station,7562.396765,100182,100149,500,143,357,222,135
JinZhong River Street,Xiawafang,7561.506742,100079,100157,1080,209,871,600,271
Xiawafang,JinZhong River Street,7561.506742,100157,100079,930,191,739,445,294
Xianyang Road,Zhou and Deng Memorial Museum,7561.318981,100153,100191,128,38,90,70,20
Zhou and Deng Memorial Museum,Xianyang Road,7561.318981,100191,100153,100,36,64,36,28
The Financial University,Xiangshan Road,7557.709835,100132,100151,396,100,296,161,135
Xiangshan Road,The Financial University,7557.709835,100151,100132,381,103,278,128,150
Foreign Languages High School,Jingjiang Road,7557.240958,100040,100072,106,5,101,87,14
Jingjiang Road,Foreign Languages High School,7557.240958,100072,100040,78,1,77,63,14
Second hospital of the Medical University,Anshan West Road,7555.650372,100115,100003,749,136,613,458,155
Anshan West Road,Second hospital of the Medical University,7555.650372,100003,100115,598,92,506,352,154
Dawang Zhuang,Bei Zhulin,7554.506265,100023,100004,12,1,11,9,2
Bei Zhulin,Dawang Zhuang,7554.506265,100004,100023,10,1,9,7,2
Xinkai River,Dabi Zhuang,7554.140048,100160,100021,247,46,201,123,78
Dabi Zhuang,Xinkai River,7554.140048,100021,100160,220,58,162,106,56
Tianjin Station,Dengzhou Road,7552.315048,100135,100024,1949,581,1368,622,746
Dengzhou Road,Tianjin Station,7552.315048,100024,100135,1848,548,1300,807,493
Meijiang Park,Xiaobailou,7547.137096,100096,100154,229,44,185,155,30
Xiaobailou,Meijiang Park,7547.137096,100154,100096,218,41,177,116,61
Shunchi Bridge,Tian Tower,7546.588281,100120,100133,332,65,267,189,78
Tian Tower,Shunchi Bridge,7546.588281,100133,100120,297,81,216,127,89
Southwest corner,Taichang Road,7544.823327,100124,100128,669,181,488,278,210
Taichang Road,Southwest corner,7544.823327,100128,100124,623,173,450,236,214
Tucheng,Jianguo Road,7544.4322,100140,100064,184,33,151,107,44
Jianguo Road,Tucheng,7544.4322,100064,100140,166,31,135,85,50
Jingjiang Road,Tianshili,7542.659647,100072,100136,79,15,64,44,20
Tianshili,Jingjiang Road,7542.659647,100136,100072,50,8,42,32,10
Yudongcheng,Dawang Zhuang,7540.465092,100180,100023,700,106,594,429,165
Dawang Zhuang,Yudongcheng,7540.465092,100023,100180,539,88,451,276,175
Zhongshan Road,North China Group,7539.954179,100190,100107,1064,273,791,455,336
North China Group,Zhongshan Road,7539.954179,100107,100190,1044,272,772,467,305
Erwei Road,Hongqi South Road,7537.309462,100036,100057,433,73,360,232,128
Hongqi South Road,Erwei Road,7537.309462,100057,100036,347,60,287,210,77
Tianjin Hotel,Haiguang Temple,7533.835486,100134,100048,436,79,357,281,76
Haiguang Temple,Tianjin Hotel,7533.835486,100048,100134,409,89,320,204,116
Yueya River,Huaihe Road,7532.892576,100182,100058,544,112,432,279,153
Huaihe Road,Yueya River,7532.892576,100058,100182,537,114,423,267,156
Shaliu South Road,Shuanglin,7532.154918,100116,100119,72,10,62,53,9
Shuanglin,Shaliu South Road,7532.154918,100119,100116,69,11,58,49,9
Tianjin Station,Tianshili,7530.962531,100135,100136,648,182,466,182,284
Tianshili,Tianjin Station,7530.962531,100136,100135,549,168,381,223,158
Liuwei Road,Zhou and Deng Memorial Museum,7529.588587,100090,100191,25,7,18,13,5
Zhou and Deng Memorial Museum,Liuwei Road,7529.588587,100191,100090,23,8,15,14,1
Liuwei Road,Zhongshan Gate,7528.89832,100090,100189,17,5,12,2,10
Zhongshan Gate,Liuwei Road,7528.89832,100189,100090,6,4,2,1,1
Nancuiping,Guangkaisima Road,7527.45772,100100,100044,186,23,163,115,48
Guangkaisima Road,Nancuiping,7527.45772,100044,100100,148,23,125,87,38
Magangchang,Wanshan Road,7526.324422,100094,100146,59,8,51,39,12
Wanshan Road,Magangchang,7526.324422,100146,100094,49,8,41,32,9
North Station,Anshan West Road,7525.91813,100108,100003,460,101,359,236,123
Anshan West Road,North Station,7525.91813,100003,100108,449,101,348,200,148
Huashan Li,Jintang Road,7525.667068,100060,100077,236,55,181,124,57
Jintang Road,Huashan Li,7525.667068,100077,100060,224,49,175,114,61
Jinshi Bridge,Zhou and Deng Memorial Museum,7522.756082,100076,100191,720,220,500,336,164
Zhou and Deng Memorial Museum,Jinshi Bridge,7522.756082,100191,100076,625,149,476,293,183
Honghu Li,Minquan Gate,7520.941016,100055,100099,167,48,119,70,49
Minquan Gate,Honghu Li,7520.941016,100099,100055,159,40,119,82,37
Zhigu,Northwest Corner,7520.482702,100188,100109,528,149,379,210,169
Northwest Corner,Zhigu,7520.482702,100109,100188,448,103,345,204,141
Changhong Park,Liuwei Road,7518.804514,100012,100090,130,38,92,41,51
Liuwei Road,Changhong Park,7518.804514,100090,100012,112,32,80,52,28
Guoshan Road,Dengzhou South Road,7518.729025,100047,100025,4,1,3,2,1
Dengzhou South Road,Guoshan Road,7518.729025,100025,100047,2,0,2,1,1
Southwest corner,Xingfu Park,7517.755864,100124,100159,379,94,285,151,134
Xingfu Park,Southwest corner,7517.755864,100159,100124,344,91,253,143,110
Bei Zhulin,Tianshili,7516.230787,100004,100136,13,3,10,7,3
Tianshili,Bei Zhulin,7516.230787,100136,100004,7,1,6,4,2
Tianjin Hotel,Jinwan Square,7515.838072,100134,100078,153,35,118,84,34
Jinwan Square,Tianjin Hotel,7515.838072,100078,100134,151,45,106,54,52
Yizhongxin Hospital,Haiguang Temple,7514.885466,100177,100048,146,33,113,88,25
Haiguang Temple,Yizhongxin Hospital,7514.885466,100048,100177,131,35,96,59,37
Siyuan Road,Nanhe Zhuang,7513.969261,100121,100101,20,7,13,7,6
Nanhe Zhuang,Siyuan Road,7513.969261,100101,100121,18,3,15,14,1
Leyuan Road,Fuxing Gate,7513.900135,100083,100041,33,15,18,4,14
Fuxing Gate,Leyuan Road,7513.900135,100041,100083,17,3,14,11,3
High-Tech Zone,Anshan West Road,7513.27503,100054,100003,716,88,628,489,139
Anshan West Road,High-Tech Zone,7513.27503,100003,100054,656,82,574,452,122
Siyuan Road,Jintang Road,7511.185993,100121,100077,61,10,51,35,16
Jintang Road,Siyuan Road,7511.185993,100077,100121,58,15,43,26,17
Yingfeng Road,Meijiang Exhibition Centre,7510.481391,100173,100095,182,61,121,69,52
Meijiang Exhibition Centre,Yingfeng Road,7510.481391,100095,100173,168,63,105,47,58
Zhongshan Gate,Anshan Road,7508.627113,100189,100002,496,105,391,293,98
Anshan Road,Zhongshan Gate,7508.627113,100002,100189,494,92,402,258,144
West Station,Xiawafang,7508.299857,100149,100157,1965,560,1405,397,1008
Xiawafang,West Station,7508.299857,100157,100149,1680,507,1173,719,454
Xuzhou Road,Beining Park,7508.285065,100167,100006,64,7,57,26,31
Beining Park,Xuzhou Road,7508.285065,100006,100167,60,9,51,43,8
Xueyuan North Road,Dongli Sanjing Road,7506.393766,100165,100032,198,28,170,124,46
Dongli Sanjing Road,Xueyuan North Road,7506.393766,100032,100165,189,14,175,127,48
Shaliu South Road,Yuanyang International Centre,7506.233663,100116,100179,174,27,147,111,36
Yuanyang International Centre,Shaliu South Road,7506.233663,100179,100116,162,37,125,71,54
Xiaobailou,Yingfeng Road,7506.216802,100154,100173,469,82,387,263,124
Yingfeng Road,Xiaobailou,7506.216802,100173,100154,459,80,379,289,90
Heping Road,Second hospital of the Medical University,7505.599888,100053,100115,195,76,119,55,64
Second hospital of the Medical University,Heping Road,7505.599888,100115,100053,134,55,79,43,36
Nanlou,Zhou and Deng Memorial Museum,7503.705729,100102,100191,184,61,123,90,33
Zhou and Deng Memorial Museum,Nanlou,7503.705729,100191,100102,141,35,106,75,31
Dengzhou South Road,Xuzhou Road,7501.397455,100025,100167,1841,279,1562,1229,333
Xuzhou Road,Dengzhou South Road,7501.397455,100167,100025,1626,261,1365,922,443
Wandong Road,Anshan Road,7499.868024,100144,100002,229,32,197,129,68
Anshan Road,Wandong Road,7499.868024,100002,100144,200,29,171,101,70
Cuifu New Village,Anshan Road,7499.714778,100019,100002,428,95,333,212,121
Anshan Road,Cuifu New Village,7499.714778,100002,100019,326,74,252,137,115
Second hospital of the Medical University,Xikang Road,7498.955604,100115,100158,103,23,80,62,18
Xikang Road,Second hospital of the Medical University,7498.955604,100158,100115,83,21,62,37,25
Chentang Zhuang,Haiguang Temple,7497.421889,100015,100048,1875,289,1586,1181,405
Haiguang Temple,Chentang Zhuang,7497.421889,100048,100015,1657,238,1419,996,423
Water Park Road East,Nanzhu Bridge,7495.008952,100147,100104,10,1,9,6,3
Nanzhu Bridge,Water Park Road East,7495.008952,100104,100147,7,5,2,2,0
Tucheng,Tian Tower,7494.46384,100140,100133,428,116,312,191,121
Tian Tower,Tucheng,7494.46384,100133,100140,371,115,256,142,114
Hongqi South Road,Meijiang Park,7493.998464,100057,100096,113,26,87,51,36
Meijiang Park,Hongqi South Road,7493.998464,100096,100057,106,21,85,45,40
Xiawafang,Hongqi South Road,7493.784669,100157,100057,719,125,594,407,187
Hongqi South Road,Xiawafang,7493.784669,100057,100157,656,116,540,394,146
Changhong Park,Cultural centre,7493.704695,100012,100020,517,130,387,283,104
Cultural centre,Changhong Park,7493.704695,100020,100012,449,136,313,208,105
Jianshan Road,Zhongshan Gate,7492.682344,100066,100189,35,2,33,25,8
Zhongshan Gate,Jianshan Road,7492.682344,100189,100066,26,4,22,16,6
Anshan West Road,Cao Zhuang,7491.247949,100003,100011,1485,281,1204,725,479
Cao Zhuang,Anshan West Road,7491.247949,100011,100003,1468,255,1213,855,358
Tianjin Hotel,Tian Tower,7491.085216,100134,100133,87,35,52,24,28
Tian Tower,Tianjin Hotel,7491.085216,100133,100134,79,38,41,16,25
Yueya River,Shiyijing Road,7489.212154,100182,100117,407,52,355,290,65
Shiyijing Road,Yueya River,7489.212154,100117,100182,362,46,316,219,97
Dongxing Road,Shaliu South Road,7488.878572,100035,100116,34,5,29,18,11
Shaliu South Road,Dongxing Road,7488.878572,100116,100035,27,5,22,18,4
JinZhong River Street,Xuzhou Road,7488.208,100079,100167,469,81,388,304,84
Xuzhou Road,JinZhong River Street,7488.208,100167,100079,406,71,335,219,116
High-Tech Zone,Water Park Road East,7487.937908,100054,100147,345,112,233,157,76
Water Park Road East,High-Tech Zone,7487.937908,100147,100054,269,77,192,119,73
Tucheng,Sports Centre,7485.027637,100140,100126,272,82,190,133,57
Sports Centre,Tucheng,7485.027637,100126,100140,245,55,190,98,92
Second hospital of the Medical University,Wangdingdi,7484.88462,100115,100145,28,9,19,13,6
Wangdingdi,Second hospital of the Medical University,7484.88462,100145,100115,23,3,20,10,10
Meijiang Road,Yingkou Road,7482.996838,100097,100174,499,114,385,286,99
Yingkou Road,Meijiang Road,7482.996838,100174,100097,484,116,368,233,135
Xiaobailou,Xinkai River,7482.587717,100154,100160,122,15,107,64,43
Xinkai River,Xiaobailou,7482.587717,100160,100154,120,28,92,63,29
Yuanyang International Centre,Yibin Road,7482.067445,100179,100171,284,49,235,146,89
Yibin Road,Yuanyang International Centre,7482.067445,100171,100179,270,55,215,137,78
Tiedong Road,Jingjiang Road,7481.846201,100139,100072,149,22,127,72,55
Jingjiang Road,Tiedong Road,7481.846201,100072,100139,145,30,115,74,41
Jintang Road,Dengzhou Road,7480.107588,100077,100024,239,38,201,139,62
Dengzhou Road,Jintang Road,7480.107588,100024,100077,213,53,160,98,62
Jinwan Square,Yingfeng Road,7479.741342,100078,100173,194,31,163,83,80
Yingfeng Road,Jinwan Square,7479.741342,100173,100078,167,38,129,87,42
Tiantai Road,Shiyijing Road,7478.725003,100137,100117,167,15,152,134,18
Shiyijing Road,Tiantai Road,7478.725003,100117,100137,155,14,141,103,38
JinZhong River Street,Fuxing Road,7477.505645,100079,100042,225,47,178,128,50
Fuxing Road,JinZhong River Street,7477.505645,100042,100079,224,61,163,101,62
Leyuan Road,Liqi Zhuang South,7475.191396,100083,100088,13,2,11,7,4
Liqi Zhuang South,Leyuan Road,7475.191396,100088,100083,10,3,7,4,3
Yibin Road,Tianjin Hotel,7473.175815,100171,100134,452,136,316,233,83
Tianjin Hotel,Yibin Road,7473.175815,100134,100171,430,116,314,212,102
Jinghe Road,Meijiang Road,7470.685405,100071,100097,154,27,127,85,42
Meijiang Road,Jinghe Road,7470.685405,100097,100071,140,21,119,84,35
Wangdingdi,Xiaobailou,7469.48256,100145,100154,832,164,668,532,136
Xiaobailou,Wangdingdi,7469.48256,100154,100145,612,122,490,308,182
Huashan Li,Jiangwan Erzhi Road,7468.450968,100060,100065,4,2,2,2,0
Jiangwan Erzhi Road,Huashan Li,7468.450968,100065,100060,1,1,0,0,0
Chenglin Road,Northwest Corner,7466.342901,100014,100109,360,84,276,186,90
Northwest Corner,Chenglin Road,7466.342901,100109,100014,328,71,257,128,129
Yuanyang International Centre,Zhicheng Road,7463.248689,100179,100187,279,54,225,117,108
Zhicheng Road,Yuanyang International Centre,7463.248689,100187,100179,265,55,210,137,73
Shunchi Bridge,Tucheng,7460.398182,100120,100140,143,23,120,96,24
Tucheng,Shunchi Bridge,7460.398182,100140,100120,120,29,91,58,33
Tucheng,Southwest corner,7460.383977,100140,100124,1517,347,1170,700,470
Southwest corner,Tucheng,7460.383977,100124,100140,1429,326,1103,675,428
Bei Zhulin,Yixingbu North,7460.041415,100004,100176,7,4,3,0,3
Yixingbu North,Bei Zhulin,7460.041415,100176,100004,4,3,1,1,0
Meijiang Park,Yaohuan Road,7458.712908,100096,100170,6,0,6,5,1
Yaohuan Road,Meijiang Park,7458.712908,100170,100096,1,0,1,0,1
Wanshan Road,Airport Economic Zone,7458.160905,100146,100001,52,8,44,36,8
Airport Economic Zone,Wanshan Road,7458.160905,100001,100146,45,3,42,29,13
Tianjin Station,Yixingbu North,7457.882558,100135,100176,597,167,430,177,253
Yixingbu North,Tianjin Station,7457.882558,100176,100135,501,155,346,212,134
Zhongshan Road,Xiawafang,7457.762375,100190,100157,648,136,512,316,196
Xiawafang,Zhongshan Road,7457.762375,100157,100190,604,107,497,324,173
Heping Road,JinZhong River Street,7457.262764,100053,100079,1243,432,811,384,427
JinZhong River Street,Heping Road,7457.262764,100079,100053,981,325,656,384,272
Youyi South Road,Xuelian South Road,7456.614754,100178,100164,83,14,69,33,36
Xuelian South Road,Youyi South Road,7456.614754,100164,100178,74,14,60,40,20
Xinkai River,North China Group,7456.242359,100160,100107,109,31,78,36,42
North China Group,Xinkai River,7456.242359,100107,100160,107,28,79,52,27
Jingjiang Road,Yixingbu North,7455.565273,100072,100176,545,109,436,288,148
Yixingbu North,Jingjiang Road,7455.565273,100176,100072,494,110,384,267,117
Changhong Park,Shiyijing Road,7453.357373,100012,100117,316,39,277,200,77
Shiyijing Road,Changhong Park,7453.357373,100117,100012,251,40,211,139,72
Tiedong Road,Changhong Park,7452.698702,100139,100012,208,47,161,115,46
Changhong Park,Tiedong Road,7452.698702,100012,100139,192,43,149,103,46
Heping Road,Yudongcheng,7451.144192,100053,100180,2392,701,1691,849,842
Yudongcheng,Heping Road,7451.144192,100180,100053,2030,568,1462,973,489
Wandong Road,Zhongshan Gate,7449.711553,100144,100189,24,3,21,13,8
Zhongshan Gate,Wandong Road,7449.711553,100189,100144,19,4,15,10,5
Southwest Tower,Gulou,7449.66824,100125,100045,272,78,194,107,87
Gulou,Southwest Tower,7449.66824,100045,100125,272,97,175,72,103
Dongting Road,Water Park Road East,7449.3151,100034,100147,64,20,44,29,15
Water Park Road East,Dongting Road,7449.3151,100147,100034,51,15,36,26,10
Jinmao Industrial Area,Youyi South Road,7448.9885,100074,100178,120,14,106,90,16
Youyi South Road,Jinmao Industrial Area,7448.9885,100178,100074,96,10,86,66,20
Dengzhou South Road,Zhaoyuan Road,7446.893212,100025,100186,14,3,11,8,3
Zhaoyuan Road,Dengzhou South Road,7446.893212,100186,100025,12,0,12,8,4
Shunchi Bridge,Zhongshan Gate,7444.590592,100120,100189,114,30,84,49,35
Zhongshan Gate,Shunchi Bridge,7444.590592,100189,100120,104,25,79,38,41
Cuifu New Village,Southwest corner,7443.318509,100019,100124,672,150,522,373,149
Southwest corner,Cuifu New Village,7443.318509,100124,100019,552,155,397,233,164
The Financial University,Dengzhou South Road,7443.190983,100132,100025,95,31,64,29,35
Dengzhou South Road,The Financial University,7443.190983,100025,100132,92,18,74,47,27
Jin Street,Hongqi South Road,7442.52684,100070,100057,180,60,120,57,63
Hongqi South Road,Jin Street,7442.52684,100057,100070,131,24,107,67,40
Xianyang Road,Yuanyang International Centre,7442.444218,100153,100179,964,209,755,525,230
Yuanyang International Centre,Xianyang Road,7442.444218,100179,100153,956,189,767,489,278
Yuanyang International Centre,Zhou and Deng Memorial Museum,7440.417438,100179,100191,190,57,133,72,61
Zhou and Deng Memorial Museum,Yuanyang International Centre,7440.417438,100191,100179,182,56,126,77,49
Jinshi Bridge,Southwest Tower,7439.714175,100076,100125,231,61,170,121,49
Southwest Tower,Jinshi Bridge,7439.714175,100125,100076,197,59,138,100,38
Jintang Road,Water Park Road East,7439.399052,100077,100147,172,61,111,75,36
Water Park Road East,Jintang Road,7439.399052,100147,100077,125,40,85,48,37
Magangchang,Dongli Culture and Sports Centre,7439.24188,100094,100029,37,12,25,16,9
Dongli Culture and Sports Centre,Magangchang,7439.24188,100029,100094,34,13,21,15,6
Yuejin North Road,Dengzhou Road,7438.834066,100181,100024,33,4,29,17,12
Dengzhou Road,Yuejin North Road,7438.834066,100024,100181,17,4,13,13,0
Xingfu Park,Fangshan Road,7435.803883,100159,100038,27,2,25,9,16
Fangshan Road,Xingfu Park,7435.803883,100038,100159,25,6,19,6,13
Huashan Li,Hongni River East,7435.522952,100060,100056,203,30,173,103,70
Hongni River East,Huashan Li,7435.522952,100056,100060,178,28,150,105,45
Xiaobailou,People's Hospital,7433.939268,100154,100111,632,118,514,299,215
People's Hospital,Xiaobailou,7433.939268,100111,100154,578,120,458,274,184
Xinkai River,Anshan West Road,7432.523224,100160,100003,210,36,174,110,64
Anshan West Road,Xinkai River,7432.523224,100003,100160,206,42,164,94,70
Zuojiang Road,Jintang Road,7431.062053,100192,100077,141,15,126,83,43
Jintang Road,Zuojiang Road,7431.062053,100077,100192,139,25,114,68,46
Siyuan Road,Bei Zhulin,7430.572214,100121,100004,6,1,5,1,4
Bei Zhulin,Siyuan Road,7430.572214,100004,100121,1,0,1,1,0
Tianjin Station,Siyuan Road,7428.413357,100135,100121,121,44,77,31,46
Siyuan Road,Tianjin Station,7428.413357,100121,100135,106,23,83,50,33
Anshan Road,Tiantuo,7427.743639,100002,100138,162,32,130,89,41
Tiantuo,Anshan Road,7427.743639,100138,100002,109,21,88,66,22
Zhongshan Road,Dongxing Road,7427.057102,100190,100035,402,41,361,269,92
Dongxing Road,Zhongshan Road,7427.057102,100035,100190,343,44,299,222,77
Meilin Road,Beiyangyuan Campus of Tianjin University,7425.945058,100098,100007,63,31,32,20,12
Beiyangyuan Campus of Tianjin University,Meilin Road,7425.945058,100007,100098,60,29,31,17,14
Bianxing,Yizhongxin Hospital,7425.872583,100009,100177,314,34,280,234,46
Yizhongxin Hospital,Bianxing,7425.872583,100177,100009,273,37,236,146,90
Jianshan Road,Jiangwan Erzhi Road,7424.066112,100066,100065,15,5,10,6,4
Jiangwan Erzhi Road,Jianshan Road,7424.066112,100065,100066,4,3,1,1,0
Yixingbu,Jianguo Road,7423.131703,100175,100064,234,36,198,154,44
Jianguo Road,Yixingbu,7423.131703,100064,100175,228,37,191,140,51
Zhicheng Road,Jianguo Road,7421.488289,100187,100064,151,17,134,110,24
Jianguo Road,Zhicheng Road,7421.488289,100064,100187,149,21,128,84,44
Nancuiping,People's Hospital,7419.15789,100100,100111,471,90,381,268,113
People's Hospital,Nancuiping,7419.15789,100111,100100,398,97,301,179,122
Haiguang Temple,Taichang Road,7413.554643,100048,100128,643,125,518,305,213
Taichang Road,Haiguang Temple,7413.554643,100128,100048,583,121,462,301,161
Xuelian South Road,Yuejin North Road,7411.349295,100164,100181,4,2,2,1,1
Yuejin North Road,Xuelian South Road,7411.349295,100181,100164,3,2,1,1,0
Yudongcheng,Xuzhou Road,7409.326407,100180,100167,825,107,718,600,118
Xuzhou Road,Yudongcheng,7409.326407,100167,100180,764,127,637,448,189
Tucheng,Zuojiang Road,7408.712598,100140,100192,14,2,12,11,1
Zuojiang Road,Tucheng,7408.712598,100192,100140,14,1,13,5,8
Huashan Li,Dongli Culture and Sports Centre,7404.978375,100060,100029,2,0,2,1,1
Dongli Culture and Sports Centre,Huashan Li,7404.978375,100029,100060,1,1,0,0,0
Shaliu South Road,Xiawafang,7404.445496,100116,100157,410,50,360,238,122
Xiawafang,Shaliu South Road,7404.445496,100157,100116,375,44,331,235,96
Zhou and Deng Memorial Museum,Guangkaisima Road,7401.276324,100191,100044,65,23,42,23,19
Guangkaisima Road,Zhou and Deng Memorial Museum,7401.276324,100044,100191,62,20,42,27,15
Weishan Road,Yaohuan Road,7399.658859,100148,100170,307,76,231,152,79
Yaohuan Road,Weishan Road,7399.658859,100170,100148,303,61,242,147,95
Zhangxing Zhuang,Dawang Zhuang,7399.195903,100185,100023,93,24,69,52,17
Dawang Zhuang,Zhangxing Zhuang,7399.195903,100023,100185,89,18,71,43,28
Wandong Road,Jianguo Road,7398.589296,100144,100064,129,16,113,95,18
Jianguo Road,Wandong Road,7398.589296,100064,100144,104,22,82,56,26
Wangdingdi,Jinwan Square,7398.26278,100145,100078,399,77,322,255,67
Jinwan Square,Wangdingdi,7398.26278,100078,100145,382,88,294,156,138
Tiedong Road,Southwest corner,7397.89596,100139,100124,409,88,321,205,116
Southwest corner,Tiedong Road,7397.89596,100124,100139,392,97,295,153,142
Zhigu,Meijiang Park,7395.725601,100188,100096,99,20,79,53,26
Meijiang Park,Zhigu,7395.725601,100096,100188,86,12,74,53,21
Yizhongxin Hospital,Yaohuan Road,7395.630069,100177,100170,91,16,75,42,33
Yaohuan Road,Yizhongxin Hospital,7395.630069,100170,100177,81,14,67,54,13
Leyuan Road,Haiguang Temple,7390.846575,100083,100048,72,31,41,18,23
Haiguang Temple,Leyuan Road,7390.846575,100048,100083,46,22,24,16,8
Wangdingdi,Jianshan Road,7386.79633,100145,100066,29,2,27,24,3
Jianshan Road,Wangdingdi,7386.79633,100066,100145,28,4,24,10,14
Taichang Road,Siyuan Road,7384.584709,100128,100121,140,34,106,44,62
Siyuan Road,Taichang Road,7384.584709,100121,100128,127,33,94,71,23
Xiawafang,Lijiang Road,7382.901475,100157,100085,164,27,137,84,53
Lijiang Road,Xiawafang,7382.901475,100085,100157,148,24,124,102,22
Changling Road,Zhigu,7382.784413,100013,100188,666,140,526,393,133
Zhigu,Changling Road,7382.784413,100188,100013,607,145,462,248,214
Southeast Corner,Yizhongxin Hospital,7379.961872,100123,100177,425,142,283,152,131
Yizhongxin Hospital,Southeast Corner,7379.961872,100177,100123,418,142,276,161,115
Liulin Road,Laoshan Road,7379.132607,100089,100082,249,53,196,92,104
Laoshan Road,Liulin Road,7379.132607,100082,100089,223,56,167,100,67
North China Group,JinZhong River Street,7376.18616,100107,100079,358,95,263,153,110
JinZhong River Street,North China Group,7376.18616,100079,100107,355,78,277,191,86
Shaliu South Road,Dongli Culture and Sports Centre,7376.094168,100116,100029,63,23,40,24,16
Dongli Culture and Sports Centre,Shaliu South Road,7376.094168,100029,100116,54,16,38,15,23
Shiyijing Road,Meijiang Road,7373.546438,100117,100097,122,7,115,95,20
Meijiang Road,Shiyijing Road,7373.546438,100097,100117,95,14,81,53,28
Leyuan Road,Jinwan Square,7372.849162,100083,100078,66,32,34,13,21
Jinwan Square,Leyuan Road,7372.849162,100078,100083,22,12,10,4,6
Yingfeng Road,Xiawafang,7367.271066,100173,100157,688,141,547,416,131
Xiawafang,Yingfeng Road,7367.271066,100157,100173,640,127,513,337,176
Number Two Bridge,Dawang Zhuang,7367.242784,100110,100023,740,119,621,498,123
Dawang Zhuang,Number Two Bridge,7367.242784,100023,100110,730,126,604,339,265
Heping Road,Yizhongxin Hospital,7366.003904,100053,100177,770,245,525,263,262
Yizhongxin Hospital,Heping Road,7366.003904,100177,100053,688,203,485,330,155
Tucheng,Water Park Road East,7363.245272,100140,100147,81,28,53,34,19
Water Park Road East,Tucheng,7363.245272,100147,100140,64,16,48,33,15
Sports Centre,Chunhai Road,7361.992848,100126,100017,57,16,41,25,16
Chunhai Road,Sports Centre,7361.992848,100017,100126,56,23,33,26,7
Anshan West Road,Qinjian Road,7361.025512,100003,100113,640,104,536,377,159
Qinjian Road,Anshan West Road,7361.025512,100113,100003,629,88,541,424,117
Heping Road,Shaliu South Road,7357.947714,100053,100116,1748,509,1239,688,551
Shaliu South Road,Heping Road,7357.947714,100116,100053,1493,401,1092,745,347
Anshan West Road,Yingkou Road,7353.441985,100003,100174,697,254,443,246,197
Yingkou Road,Anshan West Road,7353.441985,100174,100003,610,217,393,178,215
Yueya River,Xiangshan Road,7352.568754,100182,100151,63,15,48,33,15
Xiangshan Road,Yueya River,7352.568754,100151,100182,57,11,46,28,18
Tianjin Station,Hongqi South Road,7351.744228,100135,100057,3700,1164,2536,1144,1392
Hongqi South Road,Tianjin Station,7351.744228,100057,100135,3249,942,2307,1219,1088
Changling Road,Nanlou,7351.377829,100013,100102,380,78,302,218,84
Nanlou,Changling Road,7351.377829,100102,100013,333,57,276,168,108
Tian Tower,High-Tech Zone,7350.781061,100133,100054,1636,554,1082,517,565
High-Tech Zone,Tian Tower,7350.781061,100054,100133,1478,444,1034,688,346
Beining Park,Nanhe Zhuang,7350.377398,100006,100101,92,27,65,44,21
Nanhe Zhuang,Beining Park,7350.377398,100101,100006,85,17,68,39,29
Xikang Road,Yibin Road,7349.95898,100158,100171,175,40,135,78,57
Yibin Road,Xikang Road,7349.95898,100171,100158,164,39,125,91,34
Zuojiang Road,Jinghe Road,7349.834566,100192,100071,250,39,211,144,67
Jinghe Road,Zuojiang Road,7349.834566,100071,100192,241,43,198,140,58
Leyuan Road,Zhou and Deng Memorial Museum,7348.471785,100083,100191,88,31,57,31,26
Zhou and Deng Memorial Museum,Leyuan Road,7348.471785,100191,100083,87,30,57,30,27
Yudongcheng,Hangshuang Road,7347.06414,100180,100051,161,14,147,123,24
Hangshuang Road,Yudongcheng,7347.06414,100051,100180,142,12,130,109,21
Yixingbu,Jinwan Square,7345.877708,100175,100078,1133,188,945,761,184
Jinwan Square,Yixingbu,7345.877708,100078,100175,1065,188,877,553,324
Xinkai River,Haiguang Temple,7344.458493,100160,100048,134,33,101,72,29
Haiguang Temple,Xinkai River,7344.458493,100048,100160,116,39,77,35,42
Cuifu New Village,North Station,7343.621253,100019,100108,99,17,82,58,24
North Station,Cuifu New Village,7343.621253,100108,100019,66,8,58,36,22
Tiantai Road,Shunchi Bridge,7342.811433,100137,100120,40,21,19,14,5
Shunchi Bridge,Tiantai Road,7342.811433,100120,100137,36,10,26,17,9
University town,Tumour Hospital,7342.749761,100143,100141,624,149,475,286,189
Tumour Hospital,University town,7342.749761,100141,100143,588,130,458,250,208
Zhicheng Road,Jinwan Square,7339.001588,100187,100078,299,57,242,195,47
Jinwan Square,Zhicheng Road,7339.001588,100078,100187,276,46,230,144,86
Chenglin Road,Zhangxing Zhuang,7338.687812,100014,100185,210,54,156,88,68
Zhangxing Zhuang,Chenglin Road,7338.687812,100185,100014,195,48,147,104,43
Ruijing XinYuan,Northwest Corner,7338.208563,100114,100109,4028,1125,2903,1609,1294
Northwest Corner,Ruijing XinYuan,7338.208563,100109,100114,4020,1092,2928,1401,1527
West Station,Wujiayao,7337.628246,100149,100150,729,202,527,196,331
Wujiayao,West Station,7337.628246,100150,100149,573,178,395,212,183
Shaliu South Road,Huashan Li,7337.555207,100116,100060,12,4,8,7,1
Huashan Li,Shaliu South Road,7337.555207,100060,100116,10,3,7,5,2
Xinkai River,Benxi Road,7335.730742,100160,100008,117,34,83,49,34
Benxi Road,Xinkai River,7335.730742,100008,100160,106,29,77,55,22
Nanlou,Meijiang Park,7335.322539,100102,100096,23,3,20,12,8
Meijiang Park,Nanlou,7335.322539,100096,100102,16,2,14,10,4
Binhai International Airport,Yudongcheng,7334.3807,100010,100180,1182,319,863,317,546
Yudongcheng,Binhai International Airport,7334.3807,100180,100010,1094,275,819,467,352
Guangkaisima Road,Chenglin Road,7333.488669,100044,100014,205,49,156,121,35
Chenglin Road,Guangkaisima Road,7333.488669,100014,100044,199,48,151,111,40
Dabi Zhuang,North Station,7320.567501,100021,100108,533,109,424,271,153
North Station,Dabi Zhuang,7320.567501,100108,100021,480,106,374,180,194
Yibin Road,Zhongshan Road,7320.272446,100171,100190,137,23,114,82,32
Zhongshan Road,Yibin Road,7320.272446,100190,100171,115,20,95,71,24
Jianguo Road,Qinjian Road,7318.67236,100064,100113,294,60,234,161,73
Qinjian Road,Jianguo Road,7318.67236,100113,100064,262,48,214,156,58
Longhan Road,Dengzhou Road,7317.646127,100092,100024,143,26,117,81,36
Dengzhou Road,Longhan Road,7317.646127,100024,100092,109,18,91,73,18
Hongqi South Road,Yangwu Zhuang,7316.559142,100057,100169,688,147,541,323,218
Yangwu Zhuang,Hongqi South Road,7316.559142,100169,100057,663,118,545,388,157
Zhangxing Zhuang,Fuxing Road,7314.668269,100185,100042,26,8,18,13,5
Fuxing Road,Zhangxing Zhuang,7314.668269,100042,100185,18,8,10,6,4
Liaohe North Road,Tiantai Road,7314.504132,100084,100137,18,7,11,7,4
Tiantai Road,Liaohe North Road,7314.504132,100137,100084,14,5,9,8,1
Changhong Park,Wujiayao,7312.600347,100012,100150,318,75,243,182,61
Wujiayao,Changhong Park,7312.600347,100150,100012,291,56,235,162,73
Lilou,Guorui Road,7312.105617,100086,100046,24,2,22,15,7
Guorui Road,Lilou,7312.105617,100046,100086,19,1,18,16,2
Xianyang Road,Xikang Road,7310.374808,100153,100158,284,49,235,173,62
Xikang Road,Xianyang Road,7310.374808,100158,100153,266,48,218,147,71
Meijiang Road,Chinese Medicine First Affiliated Hospital,7309.125786,100097,100016,156,19,137,83,54
Chinese Medicine First Affiliated Hospital,Meijiang Road,7309.125786,100016,100097,155,20,135,77,58
Shuanglin,Nanlou,7307.047404,100119,100102,2898,288,2610,2123,487
Nanlou,Shuanglin,7307.047404,100102,100119,2650,276,2374,1606,768
Dabi Zhuang,Zhicheng Road,7305.910485,100021,100187,93,31,62,30,32
Zhicheng Road,Dabi Zhuang,7305.910485,100187,100021,83,27,56,43,13
West Station,Hongqi South Road,7305.845118,100149,100057,2659,928,1731,523,1208
Hongqi South Road,West Station,7305.845118,100057,100149,1760,560,1200,720,480
Xinkai River,Zhigu,7305.810825,100160,100188,42,10,32,19,13
Zhigu,Xinkai River,7305.810825,100188,100160,30,6,24,18,6
Second hospital of the Medical University,Shuanggang,7303.506762,100115,100118,593,97,496,306,190
Shuanggang,Second hospital of the Medical University,7303.506762,100118,100115,475,84,391,295,96
Zhou and Deng Memorial Museum,Changling Road,7303.345248,100191,100013,52,16,36,16,20
Changling Road,Zhou and Deng Memorial Museum,7303.345248,100013,100191,50,5,45,22,23
Nanlou,Guangkaisima Road,7302.84247,100102,100044,362,76,286,196,90
Guangkaisima Road,Nanlou,7302.84247,100044,100102,344,71,273,181,92
People's Hospital,Zhou and Deng Memorial Museum,7302.031447,100111,100191,209,65,144,84,60
Zhou and Deng Memorial Museum,People's Hospital,7302.031447,100191,100111,193,61,132,72,60
Jingjiang Road,Northwest Corner,7301.489928,100072,100109,818,156,662,460,202
Northwest Corner,Jingjiang Road,7301.489928,100109,100072,712,158,554,306,248
JinZhong River Street,Laoshan Road,7300.593425,100079,100082,51,10,41,23,18
Laoshan Road,JinZhong River Street,7300.593425,100082,100079,29,10,19,8,11
Fangshan Road,Fuxing Gate,7298.868594,100038,100041,26,1,25,20,5
Fuxing Gate,Fangshan Road,7298.868594,100041,100038,17,2,15,11,4
Changhong Park,Shunchi Bridge,7296.029355,100012,100120,513,96,417,263,154
Shunchi Bridge,Changhong Park,7296.029355,100120,100012,485,90,395,255,140
Chentang Zhuang,Nanzhu Bridge,7293.778826,100015,100104,59,7,52,38,14
Nanzhu Bridge,Chentang Zhuang,7293.778826,100104,100015,56,12,44,27,17
Southwest Tower,Yutai,7292.38607,100125,100183,214,32,182,116,66
Yutai,Southwest Tower,7292.38607,100183,100125,205,25,180,142,38
Professional University,Jianchang Road,7290.928414,100112,100063,141,48,93,44,49
Jianchang Road,Professional University,7290.928414,100063,100112,115,46,69,34,35
Weishan Road,Nanlou,7290.859635,100148,100102,31,2,29,27,2
Nanlou,Weishan Road,7290.859635,100102,100148,27,1,26,21,5
Tucheng,Xuzhou Road,7286.70833,100140,100167,3,0,3,1,2
Xuzhou Road,Tucheng,7286.70833,100167,100140,2,2,0,0,0
Taichang Road,Haihe East Road,7284.748077,100128,100049,18,5,13,11,2
Haihe East Road,Taichang Road,7284.748077,100049,100128,16,7,9,6,3
Lingbin Road,Xiaobailou,7282.768185,100087,100154,591,130,461,318,143
Xiaobailou,Lingbin Road,7282.768185,100154,100087,551,121,430,259,171
Chinese Medicine First Affiliated Hospital,Xiawafang,7281.975636,100016,100157,1623,313,1310,799,511
Xiawafang,Chinese Medicine First Affiliated Hospital,7281.975636,100157,100016,1506,294,1212,628,584
Erwei Road,Dongxing Road,7281.536148,100036,100035,53,14,39,14,25
Dongxing Road,Erwei Road,7281.536148,100035,100036,39,9,30,15,15
Zhongshan Gate,Chentang Zhuang,7281.453572,100189,100015,74,11,63,42,21
Chentang Zhuang,Zhongshan Gate,7281.453572,100015,100189,61,19,42,24,18
Huanyu Road,Jiangwan Erzhi Road,7280.970011,100059,100065,21,1,20,18,2
Jiangwan Erzhi Road,Huanyu Road,7280.970011,100065,100059,18,1,17,12,5
Jianshan Road,Heping Road,7279.88256,100066,100053,77,26,51,30,21
Heping Road,Jianshan Road,7279.88256,100053,100066,57,4,53,29,24
Wanshan Road,Dongjiang Road,7274.367247,100146,100028,9,1,8,7,1
Dongjiang Road,Wanshan Road,7274.367247,100028,100146,8,1,7,5,2
Jianshan Road,Xikang Road,7273.238277,100066,100158,48,19,29,15,14
Xikang Road,Jianshan Road,7273.238277,100158,100066,42,15,27,18,9
Anshan Road,Second hospital of the Medical University,7272.227548,100002,100115,148,27,121,73,48
Second hospital of the Medical University,Anshan Road,7272.227548,100115,100002,132,26,106,56,50
Changling Road,Meijiang Exhibition Centre,7272.140444,100013,100095,45,27,18,3,15
Meijiang Exhibition Centre,Changling Road,7272.140444,100095,100013,36,19,17,5,12
Fuxing Road,Cao Zhuang,7271.288946,100042,100011,186,49,137,82,55
Cao Zhuang,Fuxing Road,7271.288946,100011,100042,171,49,122,70,52
Heping Road,Zhangxing Zhuang,7267.440592,100053,100185,1058,293,765,334,431
Zhangxing Zhuang,Heping Road,7267.440592,100185,100053,888,241,647,415,232
West Station,Yixingbu,7265.342624,100149,100175,564,147,417,160,257
Yixingbu,West Station,7265.342624,100175,100149,448,126,322,207,115
Wanshan Road,Weishan Road,7265.112241,100146,100148,55,10,45,31,14
Weishan Road,Wanshan Road,7265.112241,100148,100146,53,13,40,19,21
Yudongcheng,Jianchang Road,7259.865299,100180,100063,174,26,148,93,55
Jianchang Road,Yudongcheng,7259.865299,100063,100180,143,31,112,88,24
Tiantuo,Jin Street,7258.035472,100138,100070,128,26,102,74,28
Jin Street,Tiantuo,7258.035472,100070,100138,97,26,71,34,37
Dongxing Road,Gulou,7257.892404,100035,100045,383,109,274,133,141
Gulou,Dongxing Road,7257.892404,100045,100035,339,104,235,121,114
Liulin Road,Hongni River East,7257.873045,100089,100056,20,3,17,14,3
Hongni River East,Liulin Road,7257.873045,100056,100089,20,1,19,14,5
Bei Zhulin,Jianchang Road,7257.334154,100004,100063,6,2,4,2,2
Jianchang Road,Bei Zhulin,7257.334154,100063,100004,6,2,4,3,1
Anshan Road,Yizhongxin Hospital,7254.90955,100002,100177,148,30,118,65,53
Yizhongxin Hospital,Anshan Road,7254.90955,100177,100002,108,19,89,55,34
Yuanyang International Centre,Zhongshan Gate,7254.014438,100179,100189,443,118,325,164,161
Zhongshan Gate,Yuanyang International Centre,7254.014438,100189,100179,431,109,322,221,101
Shaliu South Road,Xinxing Village,7253.284095,100116,100162,23,5,18,9,9
Xinxing Village,Shaliu South Road,7253.284095,100162,100116,19,4,15,10,5
Liaohe North Road,Xingfu Park,7252.619295,100084,100159,241,42,199,148,51
Xingfu Park,Liaohe North Road,7252.619295,100159,100084,229,49,180,100,80
Fangshan Road,Nanzhu Bridge,7246.769207,100038,100104,267,49,218,163,55
Nanzhu Bridge,Fangshan Road,7246.769207,100104,100038,226,36,190,142,48
Bianxing,Haiguang Temple,7244.844749,100009,100048,1046,139,907,729,178
Haiguang Temple,Bianxing,7244.844749,100048,100009,1041,147,894,577,317
Southwest Tower,Meilin Road,7240.621048,100125,100098,95,10,85,51,34
Meilin Road,Southwest Tower,7240.621048,100098,100125,80,6,74,59,15
Jinshi Bridge,People's Hospital,7238.000851,100076,100111,173,21,152,104,48
People's Hospital,Jinshi Bridge,7238.000851,100111,100076,170,28,142,68,74
Taichang Road,Dengzhou Road,7236.8963,100128,100024,368,127,241,120,121
Dengzhou Road,Taichang Road,7236.8963,100024,100128,357,126,231,157,74
Zhou and Deng Memorial Museum,Jianguo Road,7232.124966,100191,100064,104,33,71,42,29
Jianguo Road,Zhou and Deng Memorial Museum,7232.124966,100064,100191,89,34,55,31,24
West Station,Zhicheng Road,7231.435451,100149,100187,263,91,172,58,114
Zhicheng Road,West Station,7231.435451,100187,100149,153,45,108,72,36
Xuzhou Road,West Station,7230.677068,100167,100149,22,4,18,6,12
West Station,Xuzhou Road,7230.677068,100149,100167,4,0,4,3,1
Dongxing Road,Wujiayao,7230.244529,100035,100150,127,15,112,82,30
Wujiayao,Dongxing Road,7230.244529,100150,100035,115,5,110,81,29
Xinkai River,Liuwei Road,7230.232799,100160,100090,5,2,3,1,2
Liuwei Road,Xinkai River,7230.232799,100090,100160,1,0,1,1,0
Anshan West Road,Jianshan Road,7228.617898,100003,100066,351,43,308,204,104
Jianshan Road,Anshan West Road,7228.617898,100066,100003,338,56,282,194,88
Xueyuan North Road,Wandong Road,7227.682069,100165,100144,11,0,11,8,3
Wandong Road,Xueyuan North Road,7227.682069,100144,100165,10,0,10,7,3
Erwei Road,Cultural centre,7226.795337,100036,100020,367,113,254,180,74
Cultural centre,Erwei Road,7226.795337,100020,100036,266,95,171,105,66
Meilin Road,Tianjin Hotel,7226.509194,100098,100134,507,89,418,340,78
Tianjin Hotel,Meilin Road,7226.509194,100134,100098,392,84,308,210,98
Sports Centre,Tian Tower,7226.427446,100126,100133,45,19,26,12,14
Tian Tower,Sports Centre,7226.427446,100133,100126,26,11,15,11,4
Fuxing Road,Yuanyang International Centre,7222.18337,100042,100179,91,20,71,38,33
Yuanyang International Centre,Fuxing Road,7222.18337,100179,100042,80,23,57,27,30
Shaliu South Road,Chunhai Road,7217.470228,100116,100017,125,10,115,82,33
Chunhai Road,Shaliu South Road,7217.470228,100017,100116,106,14,92,66,26
Jingjiang Road,Haiguang Temple,7215.83503,100072,100048,906,148,758,604,154
Haiguang Temple,Jingjiang Road,7215.83503,100048,100072,839,155,684,465,219
Jingli Road,Meijiang Exhibition Centre,7214.506864,100073,100095,124,49,75,51,24
Meijiang Exhibition Centre,Jingli Road,7214.506864,100095,100073,119,43,76,52,24
Meijiang Road,Hongqi South Road,7211.962664,100097,100057,489,77,412,306,106
Hongqi South Road,Meijiang Road,7211.962664,100057,100097,487,64,423,307,116
Xianyang Road,North Station,7211.884532,100153,100108,136,24,112,80,32
North Station,Xianyang Road,7211.884532,100108,100153,130,22,108,69,39
Yutai,Chunhai Road,7211.526049,100183,100017,143,14,129,86,43
Chunhai Road,Yutai,7211.526049,100017,100183,118,12,106,82,24
Sports Centre,Yibin Road,7208.518046,100126,100171,43,8,35,12,23
Yibin Road,Sports Centre,7208.518046,100171,100126,30,5,25,15,10
Tiantai Road,Tiantuo,7207.627187,100137,100138,705,103,602,475,127
Tiantuo,Tiantai Road,7207.627187,100138,100137,625,102,523,363,160
Southwest corner,Beining Park,7207.097566,100124,100006,221,51,170,87,83
Beining Park,Southwest corner,7207.097566,100006,100124,216,59,157,109,48
Cultural centre,Jin Street,7203.752062,100020,100070,179,52,127,76,51
Jin Street,Cultural centre,7203.752062,100070,100020,155,54,101,50,51
Youyi South Road,Fuxing Gate,7201.186352,100178,100041,39,7,32,21,11
Fuxing Gate,Youyi South Road,7201.186352,100041,100178,34,4,30,24,6
Guoshan Road,Chenglin Road,7198.751184,100047,100014,39,10,29,16,13
Chenglin Road,Guoshan Road,7198.751184,100014,100047,31,7,24,16,8
Zhongshan Road,Jintang Road,7198.166505,100190,100077,113,34,79,53,26
Jintang Road,Zhongshan Road,7198.166505,100077,100190,91,29,62,44,18
Nanlou,Northwest Corner,7196.923332,100102,100109,1925,413,1512,935,577
Northwest Corner,Nanlou,7196.923332,100109,100102,1834,372,1462,925,537
Xiawafang,Yaohuan Road,7195.450696,100157,100170,293,59,234,159,75
Yaohuan Road,Xiawafang,7195.450696,100170,100157,275,55,220,168,52
Yingfeng Road,Xuefu Industrial Area,7194.334525,100173,100163,146,11,135,115,20
Xuefu Industrial Area,Yingfeng Road,7194.334525,100163,100173,130,5,125,99,26
Xunhai Road,The Financial University,7192.623059,100166,100132,29,13,16,9,7
The Financial University,Xunhai Road,7192.623059,100132,100166,27,12,15,8,7
Haiguang Temple,North Station,7192.292622,100048,100108,329,72,257,162,95
North Station,Haiguang Temple,7192.292622,100108,100048,316,89,227,151,76
Zhigu,Wanshan Road,7188.168421,100188,100146,9,4,5,5,0
Wanshan Road,Zhigu,7188.168421,100146,100188,6,1,5,3,2
Second hospital of the Medical University,Chenglin Road,7187.915969,100115,100014,189,23,166,136,30
Chenglin Road,Second hospital of the Medical University,7187.915969,100014,100115,169,29,140,102,38
Tumour Hospital,Changhong Park,7187.257131,100141,100012,1028,174,854,433,421
Changhong Park,Tumour Hospital,7187.257131,100012,100141,1021,169,852,502,350
Meijiang Exhibition Centre,Xiawafang,7184.647382,100095,100157,574,121,453,319,134
Xiawafang,Meijiang Exhibition Centre,7184.647382,100157,100095,571,127,444,274,170
People's Hospital,Yuanyang International Centre,7183.48886,100111,100179,244,47,197,109,88
Yuanyang International Centre,People's Hospital,7183.48886,100179,100111,235,51,184,122,62
Jinmao Industrial Area,Jintang Road,7182.778838,100074,100077,2,0,2,1,1
Jintang Road,Jinmao Industrial Area,7182.778838,100077,100074,1,0,1,0,1
Xuzhuangzi,Tianshili,7181.093895,100168,100136,10,4,6,1,5
Tianshili,Xuzhuangzi,7181.093895,100136,100168,8,0,8,3,5
Zhigu,Lingbin Road,7178.538142,100188,100087,318,57,261,189,72
Lingbin Road,Zhigu,7178.538142,100087,100188,294,51,243,187,56
Yueya River,Dongxing Road,7178.093846,100182,100035,216,42,174,122,52
Dongxing Road,Yueya River,7178.093846,100035,100182,207,33,174,108,66
Tucheng,Southeast Corner,7177.647811,100140,100123,467,186,281,175,106
Southeast Corner,Tucheng,7177.647811,100123,100140,425,173,252,142,110
Wujiayao,Cultural centre,7175.503717,100150,100020,67,29,38,14,24
Cultural centre,Wujiayao,7175.503717,100020,100150,66,31,35,14,21
Dongjiang Road,Chunhai Road,7174.303814,100028,100017,1,0,1,1,0
Chunhai Road,Dongjiang Road,7174.303814,100017,100028,1,0,1,0,1
Sports Centre,Jiefang South Road,7173.776221,100126,100068,100,23,77,48,29
Jiefang South Road,Sports Centre,7173.776221,100068,100126,99,18,81,48,33
Yixingbu,Beichen Road,7168.95366,100175,100005,285,84,201,85,116
Beichen Road,Yixingbu,7168.95366,100005,100175,270,98,172,81,91
Fangshan Road,Zhigu,7168.463595,100038,100188,63,8,55,39,16
Zhigu,Fangshan Road,7168.463595,100188,100038,50,1,49,33,16
University of Civil Aviation,Wandong Road,7168.232811,100142,100144,336,71,265,170,95
Wandong Road,University of Civil Aviation,7168.232811,100144,100142,269,53,216,135,81
Meilin Road,Tumour Hospital,7167.672816,100098,100141,696,84,612,423,189
Tumour Hospital,Meilin Road,7167.672816,100141,100098,654,76,578,270,308
Second hospital of the Medical University,Tiantuo,7165.016087,100115,100138,457,71,386,262,124
Tiantuo,Second hospital of the Medical University,7165.016087,100138,100115,373,63,310,197,113
Zhou and Deng Memorial Museum,Southwest corner,7164.762538,100191,100124,170,58,112,71,41
Southwest corner,Zhou and Deng Memorial Museum,7164.762538,100124,100191,157,47,110,57,53
Xuelian South Road,Laoshan Road,7163.816517,100164,100082,34,14,20,16,4
Laoshan Road,Xuelian South Road,7163.816517,100082,100164,33,5,28,19,9
Jianchang Road,Tianjin Station,7163.074835,100063,100135,381,127,254,140,114
Tianjin Station,Jianchang Road,7163.074835,100135,100063,337,93,244,130,114
Xiangshan Road,Jintang Road,7162.547305,100151,100077,41,8,33,18,15
Jintang Road,Xiangshan Road,7162.547305,100077,100151,40,8,32,18,14
Jingjiang Road,Guangkaisima Road,7161.563921,100072,100044,866,166,700,496,204
Guangkaisima Road,Jingjiang Road,7161.563921,100044,100072,780,131,649,443,206
Lijiang Road,The Financial University,7161.347291,100085,100132,360,98,262,155,107
The Financial University,Lijiang Road,7161.347291,100132,100085,352,91,261,163,98
Taichang Road,Jinshi Bridge,7159.897971,100128,100076,203,60,143,76,67
Jinshi Bridge,Taichang Road,7159.897971,100076,100128,192,58,134,85,49
West Station,Liuyuan,7159.130942,100149,100091,6433,2074,4359,1313,3046
Liuyuan,West Station,7159.130942,100091,100149,5241,1727,3514,1830,1684
Cuifu New Village,Zhangxing Zhuang,7156.24979,100019,100185,33,8,25,11,14
Zhangxing Zhuang,Cuifu New Village,7156.24979,100185,100019,32,10,22,13,9
Tucheng,Huanyu Road,7155.666378,100140,100059,19,6,13,8,5
Huanyu Road,Tucheng,7155.666378,100059,100140,17,7,10,6,4
Northwest Corner,Minquan Gate,7148.999186,100109,100099,517,144,373,171,202
Minquan Gate,Northwest Corner,7148.999186,100099,100109,495,143,352,221,131
Yutai,Leyuan Road,7146.902762,100183,100083,27,6,21,14,7
Leyuan Road,Yutai,7146.902762,100083,100183,21,10,11,5,6
Xuelian South Road,Lilou,7145.789843,100164,100086,5,3,2,0,2
Lilou,Xuelian South Road,7145.789843,100086,100164,1,1,0,0,0
Tiantai Road,Jieyuan West Road,7143.440645,100137,100069,301,64,237,148,89
Jieyuan West Road,Tiantai Road,7143.440645,100069,100137,294,61,233,164,69
Southwest corner,Jiayuan Li,7140.068029,100124,100067,1551,395,1156,616,540
Jiayuan Li,Southwest corner,7140.068029,100067,100124,1469,360,1109,734,375
Yudongcheng,Minquan Gate,7135.241548,100180,100099,109,22,87,37,50
Minquan Gate,Yudongcheng,7135.241548,100099,100180,54,18,36,22,14
Fangshan Road,Shunchi Bridge,7134.366979,100038,100120,44,8,36,29,7
Shunchi Bridge,Fangshan Road,7134.366979,100120,100038,36,6,30,14,16
Longhan Road,Lilou,7127.570277,100092,100086,127,21,106,61,45
Lilou,Longhan Road,7127.570277,100086,100092,123,18,105,78,27
Southeast Corner,Yueya River,7126.62327,100123,100182,880,293,587,316,271
Yueya River,Southeast Corner,7126.62327,100182,100123,855,274,581,375,206
Zhongshan Gate,Tianjin Hotel,7124.113717,100189,100134,245,61,184,143,41
Tianjin Hotel,Zhongshan Gate,7124.113717,100134,100189,217,67,150,115,35
Beining Park,Changhong Park,7123.866902,100006,100012,360,106,254,157,97
Changhong Park,Beining Park,7123.866902,100012,100006,348,87,261,149,112
Tianjin Station,Laoshan Road,7123.057814,100135,100082,646,200,446,230,216
Laoshan Road,Tianjin Station,7123.057814,100082,100135,586,143,443,265,178
Foreign Languages High School,Anshan Road,7122.413642,100040,100002,167,44,123,93,30
Anshan Road,Foreign Languages High School,7122.413642,100002,100040,109,19,90,54,36
Tiedong Road,Gulou,7121.370985,100139,100045,924,284,640,353,287
Gulou,Tiedong Road,7121.370985,100045,100139,891,256,635,335,300
Bei Zhulin,Yuanyang International Centre,7118.607095,100004,100179,35,6,29,18,11
Yuanyang International Centre,Bei Zhulin,7118.607095,100179,100004,22,2,20,12,8
Yibin Road,Wujiayao,7118.154343,100171,100150,282,42,240,163,77
Wujiayao,Yibin Road,7118.154343,100150,100171,256,44,212,136,76
Zhicheng Road,Beichen Road,7114.351363,100187,100005,291,68,223,134,89
Beichen Road,Zhicheng Road,7114.351363,100005,100187,278,61,217,134,83
Nancuiping,Liqi Zhuang South,7112.936099,100100,100088,13,2,11,7,4
Liqi Zhuang South,Nancuiping,7112.936099,100088,100100,12,2,10,9,1
Foreign Languages High School,Anshan West Road,7108.04025,100040,100003,276,36,240,198,42
Anshan West Road,Foreign Languages High School,7108.04025,100003,100040,246,28,218,156,62
Honghu Li,Tiantuo,7107.090562,100055,100138,452,81,371,300,71
Tiantuo,Honghu Li,7107.090562,100138,100055,389,56,333,232,101
Tianjin Station,Honghu Li,7101.937641,100135,100055,1110,491,619,303,316
Honghu Li,Tianjin Station,7101.937641,100055,100135,912,346,566,293,273
Chinese Medicine First Affiliated Hospital,Zuojiang Road,7101.323778,100016,100192,24,8,16,10,6
Zuojiang Road,Chinese Medicine First Affiliated Hospital,7101.323778,100192,100016,21,6,15,5,10
Second hospital of the Medical University,Dawang Zhuang,7100.424063,100115,100023,152,29,123,104,19
Dawang Zhuang,Second hospital of the Medical University,7100.424063,100023,100115,122,29,93,57,36
Southeast Corner,Minquan Gate,7097.736128,100123,100099,157,52,105,64,41
Minquan Gate,Southeast Corner,7097.736128,100099,100123,150,50,100,63,37
Southeast Corner,Bianxing,7096.686878,100123,100009,1007,250,757,371,386
Bianxing,Southeast Corner,7096.686878,100009,100123,998,231,767,531,236
Jingjiang Road,Erwei Road,7096.531473,100072,100036,333,64,269,191,78
Erwei Road,Jingjiang Road,7096.531473,100036,100072,265,53,212,138,74
University town,Wujiayao,7094.719854,100143,100150,2588,483,2105,1492,613
Wujiayao,University town,7094.719854,100150,100143,2446,444,2002,1263,739
Haihe East Road,Youyi South Road,7094.584976,100049,100178,6,1,5,3,2
Youyi South Road,Haihe East Road,7094.584976,100178,100049,3,0,3,2,1
Fuxing Gate,Yingkou Road,7092.121521,100041,100174,2935,830,2105,1354,751
Yingkou Road,Fuxing Gate,7092.121521,100174,100041,2484,710,1774,962,812
JinZhong Street,Foreign Languages High School,7088.547209,100080,100040,55,17,38,23,15
Foreign Languages High School,JinZhong Street,7088.547209,100040,100080,54,8,46,31,15
Haihe East Road,Dongli Sanjing Road,7087.168856,100049,100032,54,4,50,45,5
Dongli Sanjing Road,Haihe East Road,7087.168856,100032,100049,51,3,48,40,8
Zhongshan Road,Wujiayao,7086.654819,100190,100150,1792,299,1493,1056,437
Wujiayao,Zhongshan Road,7086.654819,100150,100190,1638,285,1353,908,445
Jinshi Bridge,Nanlou,7082.727229,100076,100102,646,144,502,373,129
Nanlou,Jinshi Bridge,7082.727229,100102,100076,643,124,519,335,184
Meijiang Road,Yaohuan Road,7080.204087,100097,100170,13,0,13,9,4
Yaohuan Road,Meijiang Road,7080.204087,100170,100097,3,2,1,1,0
Zhongshan Road,Chenglin Road,7079.866846,100190,100014,86,15,71,41,30
Chenglin Road,Zhongshan Road,7079.866846,100014,100190,81,16,65,40,25
Xuzhuangzi,Yixingbu North,7079.05818,100168,100176,71,23,48,37,11
Yixingbu North,Xuzhuangzi,7079.05818,100176,100168,64,17,47,38,9
Lushui Road,Cultural centre,7078.218514,100093,100020,936,207,729,573,156
Cultural centre,Lushui Road,7078.218514,100020,100093,879,212,667,408,259
Jinwan Square,Yibin Road,7077.61531,100078,100171,166,47,119,50,69
Yibin Road,Jinwan Square,7077.61531,100171,100078,146,41,105,64,41
Lingbin Road,Nanlou,7070.953627,100087,100102,103,15,88,66,22
Nanlou,Lingbin Road,7070.953627,100102,100087,93,13,80,53,27
Southwest corner,Cao Zhuang,7069.157546,100124,100011,2906,780,2126,1177,949
Cao Zhuang,Southwest corner,7069.157546,100011,100124,2711,715,1996,1231,765
Heping Road,Honghu Li,7068.35741,100053,100055,1570,636,934,423,511
Honghu Li,Heping Road,7068.35741,100055,100053,1154,441,713,445,268
Chinese Medicine First Affiliated Hospital,Hongqi South Road,7067.140031,100016,100057,452,122,330,162,168
Hongqi South Road,Chinese Medicine First Affiliated Hospital,7067.140031,100057,100016,436,102,334,155,179
Fuxing Gate,Shiyijing Road,7066.71685,100041,100117,139,15,124,92,32
Shiyijing Road,Fuxing Gate,7066.71685,100117,100041,93,8,85,58,27
Xiaodian,Zhicheng Road,7066.519603,100155,100187,93,15,78,67,11
Zhicheng Road,Xiaodian,7066.519603,100187,100155,75,12,63,48,15
Cultural centre,Huayuan,7064.008023,100020,100061,521,96,425,302,123
Huayuan,Cultural centre,7064.008023,100061,100020,466,102,364,240,124
Dongxing Road,Meijiang Road,7062.42813,100035,100097,51,8,43,31,12
Meijiang Road,Dongxing Road,7062.42813,100097,100035,38,6,32,20,12
Tumour Hospital,Yingkou Road,7060.706308,100141,100174,2002,605,1397,592,805
Yingkou Road,Tumour Hospital,7060.706308,100174,100141,1756,495,1261,592,669
Yibin Road,Leyuan Road,7059.431553,100171,100083,512,148,364,244,120
Leyuan Road,Yibin Road,7059.431553,100083,100171,468,155,313,161,152
Jiangwan Erzhi Road,Southwest Tower,7057.991881,100065,100125,87,10,77,61,16
Southwest Tower,Jiangwan Erzhi Road,7057.991881,100125,100065,80,10,70,43,27
Tiantai Road,Jiayuan Li,7057.291935,100137,100067,135,28,107,61,46
Jiayuan Li,Tiantai Road,7057.291935,100067,100137,123,28,95,62,33
Youyi South Road,Cultural centre,7054.919174,100178,100020,2,2,0,0,0
Cultural centre,Youyi South Road,7054.919174,100020,100178,1,0,1,1,0
Qinjian Road,Anshan Road,7054.611132,100113,100002,2789,535,2254,1581,673
Anshan Road,Qinjian Road,7054.611132,100002,100113,2626,483,2143,1314,829
Chenglin Road,Erwei Road,7052.752098,100014,100036,260,46,214,168,46
Erwei Road,Chenglin Road,7052.752098,100036,100014,242,45,197,116,81
Jintang Road,Laoshan Road,7051.452152,100077,100082,60,14,46,22,24
Laoshan Road,Jintang Road,7051.452152,100082,100077,48,11,37,23,14
People's Hospital,Xikang Road,7051.380395,100111,100158,312,62,250,145,105
Xikang Road,People's Hospital,7051.380395,100158,100111,266,40,226,132,94
Hongqi South Road,Fuxing Road,7046.593576,100057,100042,210,55,155,120,35
Fuxing Road,Hongqi South Road,7046.593576,100042,100057,207,53,154,91,63
Jianshan Road,Anshan Road,7046.510221,100066,100002,49,6,43,24,19
Anshan Road,Jianshan Road,7046.510221,100002,100066,44,4,40,14,26
Zhongshan Gate,Jianguo Road,7045.721966,100189,100064,336,81,255,160,95
Jianguo Road,Zhongshan Gate,7045.721966,100064,100189,306,68,238,157,81
Second hospital of the Medical University,Chentang Zhuang,7045.054007,100115,100015,6,2,4,3,1
Jieyuan West Road,Jianguo Road,7041.348931,100069,100064,434,83,351,233,118
Jianguo Road,Jieyuan West Road,7041.348931,100064,100069,408,87,321,201,120
Honghu Li,Jinshi Bridge,7041.012551,100055,100076,100,36,64,42,22
Jinshi Bridge,Honghu Li,7041.012551,100076,100055,94,29,65,38,27
Tiantai Road,Xingfu Park,7039.630366,100137,100159,323,81,242,156,86
Xingfu Park,Tiantai Road,7039.630366,100159,100137,317,71,246,147,99
Erwei Road,Jintang Road,7039.129103,100036,100077,182,29,153,94,59
Jintang Road,Erwei Road,7039.129103,100077,100036,180,28,152,107,45
Jinwan Square,Xianyang Road,7037.865394,100078,100153,323,83,240,133,107
Xianyang Road,Jinwan Square,7037.865394,100153,100078,318,71,247,184,63
Southwest Tower,Wangdingdi,7032.557462,100125,100145,23,3,20,14,6
Wangdingdi,Southwest Tower,7032.557462,100145,100125,18,2,16,16,0
Dongli Yijing Road,Liulin Road,7030.274525,100033,100089,19,5,14,4,10
Liulin Road,Dongli Yijing Road,7030.274525,100089,100033,19,3,16,7,9
Magangchang,Chinese Medicine First Affiliated Hospital,7029.020448,100094,100016,130,40,90,57,33
Chinese Medicine First Affiliated Hospital,Magangchang,7029.020448,100016,100094,114,36,78,22,56
Jintang Road,Gulou,7029.001806,100077,100045,309,107,202,119,83
Gulou,Jintang Road,7029.001806,100045,100077,305,100,205,93,112
Xingfu Park,Guoshan Road,7026.198457,100159,100047,141,29,112,61,51
Guoshan Road,Xingfu Park,7026.198457,100047,100159,104,19,85,57,28
Lijiang Road,Hongqi South Road,7025.669111,100085,100057,39,3,36,26,10
Hongqi South Road,Lijiang Road,7025.669111,100057,100085,38,3,35,22,13
Xiaobailou,Fuxing Road,7024.436377,100154,100042,281,54,227,161,66
Fuxing Road,Xiaobailou,7024.436377,100042,100154,259,59,200,162,38
Jintang Road,Jianchang Road,7021.764173,100077,100063,201,37,164,101,63
Jianchang Road,Jintang Road,7021.764173,100063,100077,195,42,153,98,55
Jingjiang Road,Jinmao Industrial Area,7016.055469,100072,100074,44,1,43,33,10
Jinmao Industrial Area,Jingjiang Road,7016.055469,100074,100072,40,6,34,28,6
Yuanyang International Centre,Xiangshan Road,7014.125657,100179,100151,194,59,135,84,51
Xiangshan Road,Yuanyang International Centre,7014.125657,100151,100179,183,53,130,58,72
Xianyang Road,Wangdingdi,7011.915492,100153,100145,52,12,40,32,8
Wangdingdi,Xianyang Road,7011.915492,100145,100153,49,12,37,29,8
Tumour Hospital,Shiyijing Road,7003.581858,100141,100117,497,55,442,288,154
Shiyijing Road,Tumour Hospital,7003.581858,100117,100141,459,54,405,247,158
Dongxing Road,Jin Street,7002.40356,100035,100070,57,9,48,38,10
Jin Street,Dongxing Road,7002.40356,100070,100035,43,13,30,26,4
People's Hospital,Jiayuan Li,6999.526043,100111,100067,470,97,373,179,194
Jiayuan Li,People's Hospital,6999.526043,100067,100111,422,90,332,213,119
Xianyang Road,Xinkai River,6998.433687,100153,100160,158,24,134,106,28
Xinkai River,Xianyang Road,6998.433687,100160,100153,141,19,122,92,30
Tian Tower,Guangkaisima Road,6998.418919,100133,100044,214,70,144,55,89
Guangkaisima Road,Tian Tower,6998.418919,100044,100133,174,63,111,58,53
North Station,Xiaobailou,6998.192969,100108,100154,526,141,385,253,132
Xiaobailou,North Station,6998.192969,100154,100108,490,118,372,244,128
Cuifu New Village,Southwest Tower,6997.21827,100019,100125,324,40,284,219,65
Southwest Tower,Cuifu New Village,6997.21827,100125,100019,266,48,218,132,86
Yudongcheng,Huanyu Road,6996.93921,100180,100059,74,10,64,47,17
Huanyu Road,Yudongcheng,6996.93921,100059,100180,50,12,38,26,12
Tiantuo,Yingkou Road,6996.865561,100138,100174,1197,305,892,574,318
Yingkou Road,Tiantuo,6996.865561,100174,100138,1105,282,823,410,413
Wujiayao,Chenglin Road,6994.372237,100150,100014,227,45,182,139,43
Chenglin Road,Wujiayao,6994.372237,100014,100150,192,33,159,118,41
Hongqi South Road,Zuojiang Road,6993.907687,100057,100192,301,66,235,161,74
Zuojiang Road,Hongqi South Road,6993.907687,100192,100057,287,60,227,132,95
Southwest Tower,Yuanyang International Centre,6988.685845,100125,100179,515,113,402,285,117
Yuanyang International Centre,Southwest Tower,6988.685845,100179,100125,495,100,395,250,145
Wujiayao,Jintang Road,6987.837483,100150,100077,138,26,112,73,39
Jintang Road,Wujiayao,6987.837483,100077,100150,127,20,107,77,30
Tiantuo,Changling Road,6987.307009,100138,100013,302,52,250,152,98
Changling Road,Tiantuo,6987.307009,100013,100138,256,39,217,171,46
Yingfeng Road,Meijiang Park,6985.019066,100173,100096,69,14,55,34,21
Meijiang Park,Yingfeng Road,6985.019066,100096,100173,58,11,47,26,21
Gulou,Beining Park,6982.58022,100045,100006,277,96,181,60,121
Beining Park,Gulou,6982.58022,100006,100045,256,82,174,94,80
Xueyuan North Road,Nanzhu Bridge,6981.16693,100165,100104,40,8,32,22,10
Nanzhu Bridge,Xueyuan North Road,6981.16693,100104,100165,30,7,23,19,4
Leyuan Road,Zhongshan Gate,6981.124807,100083,100189,53,15,38,14,24
Zhongshan Gate,Leyuan Road,6981.124807,100189,100083,44,12,32,23,9
Zhangxing Zhuang,Yuanyang International Centre,6979.207865,100185,100179,116,37,79,40,39
Yuanyang International Centre,Zhangxing Zhuang,6979.207865,100179,100185,96,32,64,36,28
Jinwan Square,Zhongshan Gate,6978.416079,100078,100189,401,102,299,175,124
Zhongshan Gate,Jinwan Square,6978.416079,100189,100078,353,90,263,199,64
Cuifu New Village,Xiaobailou,6977.241453,100019,100154,219,68,151,100,51
Xiaobailou,Cuifu New Village,6977.241453,100154,100019,202,50,152,96,56
Xingfu Park,Southwest Tower,6976.997597,100159,100125,1422,256,1166,838,328
Southwest Tower,Xingfu Park,6976.997597,100125,100159,1350,236,1114,744,370
Southwest Tower,Anshan West Road,6975.532289,100125,100003,310,56,254,198,56
Anshan West Road,Southwest Tower,6975.532289,100003,100125,246,37,209,141,68
Bei Zhulin,Yueya River,6975.159867,100004,100182,74,17,57,50,7
Yueya River,Bei Zhulin,6975.159867,100182,100004,67,25,42,27,15
People's Hospital,Tiedong Road,6974.553996,100111,100139,300,51,249,152,97
Tiedong Road,People's Hospital,6974.553996,100139,100111,286,56,230,148,82
North Station,North China Group,6971.847611,100108,100107,788,193,595,285,310
North China Group,North Station,6971.847611,100107,100108,712,210,502,303,199
Heping Road,Chentang Zhuang,6969.694956,100053,100015,935,221,714,319,395
Chentang Zhuang,Heping Road,6969.694956,100015,100053,906,183,723,510,213
Southwest Tower,Tian Tower,6969.244929,100125,100133,73,21,52,34,18
Tian Tower,Southwest Tower,6969.244929,100133,100125,57,19,38,17,21
Liuwei Road,Southwest Tower,6968.03365,100090,100125,48,17,31,11,20
Southwest Tower,Liuwei Road,6968.03365,100125,100090,47,17,30,12,18
Dongli Culture and Sports Centre,Weishan Road,6967.768937,100029,100148,46,22,24,19,5
Weishan Road,Dongli Culture and Sports Centre,6967.768937,100148,100029,44,21,23,11,12
Xiaobailou,Xingfu Park,6967.553658,100154,100159,774,167,607,345,262
Xingfu Park,Xiaobailou,6967.553658,100159,100154,759,164,595,372,223
Hehui South Road,Jingli Road,6965.723406,100052,100073,314,56,258,213,45
Jingli Road,Hehui South Road,6965.723406,100073,100052,312,55,257,183,74
Xuzhou Road,Zhou and Deng Memorial Museum,6965.421582,100167,100191,9,2,7,5,2
Zhou and Deng Memorial Museum,Xuzhou Road,6965.421582,100191,100167,6,3,3,3,0
JinZhong River Street,Jianguo Road,6964.273937,100079,100064,275,75,200,137,63
Jianguo Road,JinZhong River Street,6964.273937,100064,100079,216,45,171,99,72
Changhong Park,Xuzhou Road,6963.97108,100012,100167,280,44,236,181,55
Xuzhou Road,Changhong Park,6963.97108,100167,100012,268,48,220,141,79
Chentang Zhuang,Xikang Road,6963.050672,100015,100158,459,55,404,333,71
Xikang Road,Chentang Zhuang,6963.050672,100158,100015,383,60,323,250,73
Yueya River,Dengzhou Road,6962.732762,100182,100024,214,47,167,105,62
Dengzhou Road,Yueya River,6962.732762,100024,100182,146,38,108,76,32
Tianjin Station,Cultural centre,6962.657367,100135,100020,1585,673,912,427,485
Cultural centre,Tianjin Station,6962.657367,100020,100135,1196,514,682,402,280
Zhongshan Road,Huaihe Road,6962.615474,100190,100058,427,80,347,236,111
Huaihe Road,Zhongshan Road,6962.615474,100058,100190,410,84,326,229,97
Chenglin Road,Jianshan Road,6962.198642,100014,100066,157,10,147,126,21
Jianshan Road,Chenglin Road,6962.198642,100066,100014,131,4,127,83,44
Xuzhuangzi,Chenglin Road,6961.838549,100168,100014,58,16,42,24,18
Chenglin Road,Xuzhuangzi,6961.838549,100014,100168,44,10,34,20,14
Hongqi South Road,Haiguang Temple,6959.272429,100057,100048,851,161,690,515,175
Haiguang Temple,Hongqi South Road,6959.272429,100048,100057,837,173,664,388,276
Tiantai Road,Yingkou Road,6958.397629,100137,100174,1623,492,1131,769,362
Yingkou Road,Tiantai Road,6958.397629,100174,100137,1499,423,1076,564,512
Yingfeng Road,Xianyang Road,6953.545959,100173,100153,340,54,286,194,92
Xianyang Road,Yingfeng Road,6953.545959,100153,100173,323,49,274,163,111
Jintang Road,Minquan Gate,6952.704768,100077,100099,141,40,101,67,34
Minquan Gate,Jintang Road,6952.704768,100099,100077,122,32,90,62,28
Zhangxing Zhuang,JinZhong Street,6952.531653,100185,100080,78,24,54,30,24
JinZhong Street,Zhangxing Zhuang,6952.531653,100080,100185,76,19,57,36,21
Southwest corner,Hongqi South Road,6950.765565,100124,100057,691,168,523,323,200
Hongqi South Road,Southwest corner,6950.765565,100057,100124,611,151,460,299,161
Jinmao Industrial Area,Liuwei Road,6947.19788,100074,100090,21,9,12,11,1
Liuwei Road,Jinmao Industrial Area,6947.19788,100090,100074,13,5,8,6,2
Wujiayao,Shiyijing Road,6945.459094,100150,100117,249,42,207,147,60
Shiyijing Road,Wujiayao,6945.459094,100117,100150,218,39,179,119,60
Qinjian Road,Jin Street,6945.227247,100113,100070,197,36,161,106,55
Jin Street,Qinjian Road,6945.227247,100070,100113,193,64,129,79,50
Dengzhou South Road,Jintang Road,6942.93571,100025,100077,167,36,131,103,28
Jintang Road,Dengzhou South Road,6942.93571,100077,100025,134,22,112,79,33
Yutai,Nancuiping,6941.819439,100183,100100,10,2,8,6,2
Nancuiping,Yutai,6941.819439,100100,100183,10,5,5,1,4
Yihao Bridge,Xiaobailou,6940.169827,100172,100154,177,40,137,93,44
Xiaobailou,Yihao Bridge,6940.169827,100154,100172,165,39,126,82,44
Nanlou,Liulin Road,6940.127772,100102,100089,149,31,118,56,62
Liulin Road,Nanlou,6940.127772,100089,100102,145,52,93,32,61
Heping Road,Yingfeng Road,6935.101422,100053,100173,515,157,358,169,189
Yingfeng Road,Heping Road,6935.101422,100173,100053,456,133,323,190,133
Xiangshan Road,Xueyuan North Road,6931.151926,100151,100165,38,9,29,20,9
Xueyuan North Road,Xiangshan Road,6931.151926,100165,100151,32,9,23,8,15
Nanlou,Gulou,6929.501871,100102,100045,473,176,297,146,151
Gulou,Nanlou,6929.501871,100045,100102,383,143,240,108,132
Wanshan Road,Xingfu Park,6929.242483,100146,100159,16,4,12,10,2
Xingfu Park,Wanshan Road,6929.242483,100159,100146,12,5,7,1,6
Tiedong Road,Fengchan River,6928.260089,100139,100039,67,12,55,27,28
Fengchan River,Tiedong Road,6928.260089,100039,100139,62,18,44,36,8
Liaohe North Road,Jinshi Bridge,6928.03488,100084,100076,233,42,191,131,60
Jinshi Bridge,Liaohe North Road,6928.03488,100076,100084,228,40,188,123,65
Wandong Road,Southeast Corner,6927.298346,100144,100123,794,265,529,334,195
Southeast Corner,Wandong Road,6927.298346,100123,100144,730,225,505,249,256
Xiangshan Road,Liuwei Road,6926.966347,100151,100090,92,26,66,40,26
Liuwei Road,Xiangshan Road,6926.966347,100090,100151,82,27,55,34,21
Cultural centre,Taichang Road,6926.314193,100020,100128,560,210,350,209,141
Taichang Road,Cultural centre,6926.314193,100128,100020,389,149,240,131,109
Shunchi Bridge,Zhangxing Zhuang,6926.044631,100120,100185,33,8,25,17,8
Zhangxing Zhuang,Shunchi Bridge,6926.044631,100185,100120,24,8,16,8,8
Yihao Bridge,Chenglin Road,6925.802802,100172,100014,119,20,99,48,51
Chenglin Road,Yihao Bridge,6925.802802,100014,100172,94,13,81,63,18
Southwest Tower,Southwest corner,6923.727157,100125,100124,412,101,311,190,121
Southwest corner,Southwest Tower,6923.727157,100124,100125,410,104,306,193,113
Cuifu New Village,Jinmao Industrial Area,6922.054362,100019,100074,19,4,15,8,7
Jinmao Industrial Area,Cuifu New Village,6922.054362,100074,100019,12,1,11,8,3
Yixingbu North,Fengchan River,6921.462927,100176,100039,14,3,11,10,1
Fengchan River,Yixingbu North,6921.462927,100039,100176,8,0,8,6,2
Huayuan,Yingkou Road,6920.892881,100061,100174,5951,1622,4329,2694,1635
Yingkou Road,Huayuan,6920.892881,100174,100061,5825,1588,4237,2388,1849
Bei Zhulin,Xiaobailou,6920.860101,100004,100154,68,14,54,41,13
Xiaobailou,Bei Zhulin,6920.860101,100154,100004,62,16,46,34,12
West Station,Dawang Zhuang,6920.424896,100149,100023,306,112,194,52,142
Dawang Zhuang,West Station,6920.424896,100023,100149,226,70,156,72,84
University of Civil Aviation,Jinmao Industrial Area,6917.063075,100142,100074,27,7,20,18,2
Jinmao Industrial Area,University of Civil Aviation,6917.063075,100074,100142,23,4,19,13,6
Xunhai Road,Dongjiang Road,6916.450037,100166,100028,129,30,99,70,29
Dongjiang Road,Xunhai Road,6916.450037,100028,100166,120,27,93,61,32
Leyuan Road,Jiangwan Erzhi Road,6912.508574,100083,100065,20,9,11,6,5
Jiangwan Erzhi Road,Leyuan Road,6912.508574,100065,100083,9,4,5,4,1
Guangkaisima Road,Benxi Road,6911.932401,100044,100008,382,73,309,210,99
Benxi Road,Guangkaisima Road,6911.932401,100008,100044,343,67,276,206,70
Heping Road,Tianjin Hotel,6911.313933,100053,100134,426,118,308,160,148
Tianjin Hotel,Heping Road,6911.313933,100134,100053,352,105,247,183,64
Huayuan,Lingbin Road,6911.265401,100061,100087,165,31,134,91,43
Lingbin Road,Huayuan,6911.265401,100087,100061,144,28,116,77,39
Zhongshan Road,Qinjian Road,6909.189451,100190,100113,138,23,115,77,38
Qinjian Road,Zhongshan Road,6909.189451,100113,100190,125,20,105,72,33
Longhan Road,Youyi South Road,6905.801586,100092,100178,763,110,653,466,187
Youyi South Road,Longhan Road,6905.801586,100178,100092,684,86,598,407,191
Wanshan Road,Xuzhou Road,6905.636224,100146,100167,91,23,68,48,20
Xuzhou Road,Wanshan Road,6905.636224,100167,100146,68,14,54,24,30
Second hospital of the Medical University,Yizhongxin Hospital,6904.774292,100115,100177,429,76,353,202,151
Yizhongxin Hospital,Second hospital of the Medical University,6904.774292,100177,100115,324,57,267,177,90
Xikang Road,Tianjin Hotel,6904.66965,100158,100134,88,26,62,39,23
Tianjin Hotel,Xikang Road,6904.66965,100134,100158,71,22,49,28,21
Fuxing Road,Ruijing XinYuan,6904.162012,100042,100114,142,32,110,64,46
Ruijing XinYuan,Fuxing Road,6904.162012,100114,100042,125,30,95,62,33
Wandong Road,Liulin Road,6899.840053,100144,100089,85,13,72,48,24
Liulin Road,Wandong Road,6899.840053,100089,100144,72,14,58,31,27
Tiantuo,Jianshan Road,6898.399777,100138,100066,185,38,147,89,58
Jianshan Road,Tiantuo,6898.399777,100066,100138,160,25,135,92,43
Tian Tower,Northwest Corner,6896.843393,100133,100109,686,224,462,260,202
Northwest Corner,Tian Tower,6896.843393,100109,100133,678,195,483,288,195
University of Civil Aviation,Xiangshan Road,6896.831543,100142,100151,115,50,65,55,10
Xiangshan Road,University of Civil Aviation,6896.831543,100151,100142,99,41,58,12,46
Southwest Tower,Dongting Road,6896.589518,100125,100034,36,9,27,15,12
Dongting Road,Southwest Tower,6896.589518,100034,100125,19,8,11,5,6
Yueya River,Xiawafang,6895.543414,100182,100157,1887,324,1563,1070,493
Xiawafang,Yueya River,6895.543414,100157,100182,1769,297,1472,922,550
Liuwei Road,JinZhong River Street,6894.30373,100090,100079,119,43,76,36,40
JinZhong River Street,Liuwei Road,6894.30373,100079,100090,96,30,66,34,32
JinZhong River Street,Jinwan Square,6893.606684,100079,100078,371,69,302,208,94
Jinwan Square,JinZhong River Street,6893.606684,100078,100079,361,76,285,158,127
Siyuan Road,Fengchan River,6891.993726,100121,100039,6,1,5,3,2
Fengchan River,Siyuan Road,6891.993726,100039,100121,3,1,2,1,1
Southwest Tower,Yihao Bridge,6889.492887,100125,100172,341,45,296,216,80
Yihao Bridge,Southwest Tower,6889.492887,100172,100125,336,40,296,207,89
Wandong Road,Southwest Tower,6888.846882,100144,100125,447,52,395,307,88
Southwest Tower,Wandong Road,6888.846882,100125,100144,390,55,335,231,104
Jiangwan Erzhi Road,Liulin Road,6888.303186,100065,100089,146,26,120,88,32
Liulin Road,Jiangwan Erzhi Road,6888.303186,100089,100065,142,30,112,73,39
Fangshan Road,Guoshan Road,6886.467607,100038,100047,9,3,6,6,0
Guoshan Road,Fangshan Road,6886.467607,100047,100038,8,5,3,0,3
Fangshan Road,Xuzhou Road,6885.931398,100038,100167,339,48,291,229,62
Xuzhou Road,Fangshan Road,6885.931398,100167,100038,317,45,272,176,96
Xuelian South Road,Dongli Liujing Road,6884.749641,100164,100031,147,14,133,120,13
Dongli Liujing Road,Xuelian South Road,6884.749641,100031,100164,128,15,113,78,35
Yudongcheng,Jianguo Road,6883.162502,100180,100064,1308,228,1080,796,284
Jianguo Road,Yudongcheng,6883.162502,100064,100180,1066,209,857,582,275
Dongting Road,Tianjin Hotel,6882.477665,100034,100134,128,21,107,88,19
Tianjin Hotel,Dongting Road,6882.477665,100134,100034,107,17,90,58,32
Tian Tower,Dawang Zhuang,6881.307872,100133,100023,308,81,227,121,106
Dawang Zhuang,Tian Tower,6881.307872,100023,100133,306,94,212,133,79
Huaihe Road,Xinkai River,6880.74676,100058,100160,84,25,59,39,20
Xinkai River,Huaihe Road,6880.74676,100160,100058,83,23,60,29,31
Wujiayao,Tumour Hospital,6878.67129,100150,100141,74,16,58,32,26
Tumour Hospital,Wujiayao,6878.67129,100141,100150,66,16,50,24,26
Dawang Zhuang,Jianshan Road,6874.706735,100023,100066,49,9,40,26,14
Jianshan Road,Dawang Zhuang,6874.706735,100066,100023,45,8,37,28,9
Xiaobailou,Wandong Road,6874.615562,100154,100144,32,8,24,10,14
Wandong Road,Xiaobailou,6874.615562,100144,100154,13,7,6,2,4
Jingjiang Road,JinZhong Street,6873.941786,100072,100080,285,46,239,142,97
JinZhong Street,Jingjiang Road,6873.941786,100080,100072,239,44,195,130,65
Yaohuan Road,Zuojiang Road,6872.402079,100170,100192,4,1,3,3,0
Zuojiang Road,Yaohuan Road,6872.402079,100192,100170,3,1,2,0,2
Foreign Languages High School,Jin Street,6872.018355,100040,100070,13,3,10,9,1
Jin Street,Foreign Languages High School,6872.018355,100070,100040,12,5,7,2,5
Heping Road,Wangdingdi,6871.536531,100053,100145,1170,324,846,468,378
Wangdingdi,Heping Road,6871.536531,100145,100053,1147,277,870,646,224
Foreign Languages High School,Yingkou Road,6871.513478,100040,100174,333,68,265,220,45
Yingkou Road,Foreign Languages High School,6871.513478,100174,100040,292,63,229,171,58
Jieyuan West Road,Anshan Road,6870.802883,100069,100002,817,171,646,453,193
Anshan Road,Jieyuan West Road,6870.802883,100002,100069,814,187,627,357,270
Yingfeng Road,Meijiang Road,6867.473977,100173,100097,455,75,380,287,93
Meijiang Road,Yingfeng Road,6867.473977,100097,100173,417,54,363,256,107
Magangchang,Tucheng,6866.803161,100094,100140,152,20,132,95,37
Tucheng,Magangchang,6866.803161,100140,100094,96,21,75,56,19
Tiedong Road,Jin Street,6865.882141,100139,100070,133,22,111,70,41
Jin Street,Tiedong Road,6865.882141,100070,100139,126,28,98,52,46
Xunhai Road,Jinmao Industrial Area,6865.681729,100166,100074,2,0,2,1,1
Foreign Languages High School,Shiyijing Road,6858.141217,100040,100117,33,4,29,27,2
Shiyijing Road,Foreign Languages High School,6858.141217,100117,100040,26,1,25,19,6
Zhou and Deng Memorial Museum,Southeast Corner,6856.361063,100191,100123,181,81,100,53,47
Southeast Corner,Zhou and Deng Memorial Museum,6856.361063,100123,100191,164,78,86,30,56
Tian Tower,Zhigu,6855.317592,100133,100188,184,62,122,71,51
Zhigu,Tian Tower,6855.317592,100188,100133,175,50,125,83,42
Haiguang Temple,Tiantuo,6854.889095,100048,100138,147,41,106,72,34
Tiantuo,Haiguang Temple,6854.889095,100138,100048,134,30,104,73,31
Yueya River,Dawang Zhuang,6854.694142,100182,100023,347,78,269,184,85
Dawang Zhuang,Yueya River,6854.694142,100023,100182,317,69,248,135,113
Tiedong Road,Shiyijing Road,6852.005002,100139,100117,416,51,365,280,85
Shiyijing Road,Tiedong Road,6852.005002,100117,100139,413,62,351,225,126
Wangdingdi,Guangkaisima Road,6851.872836,100145,100044,86,9,77,63,14
Guangkaisima Road,Wangdingdi,6851.872836,100044,100145,61,7,54,28,26
Nancuiping,Yingkou Road,6850.281304,100100,100174,708,287,421,252,169
Yingkou Road,Nancuiping,6850.281304,100174,100100,614,189,425,221,204
Fuxing Road,Xikang Road,6848.420507,100042,100158,54,10,44,30,14
Xikang Road,Fuxing Road,6848.420507,100158,100042,43,7,36,29,7
Yudongcheng,Jinwan Square,6844.878695,100180,100078,674,129,545,452,93
Jinwan Square,Yudongcheng,6844.878695,100078,100180,616,113,503,292,211
Tiedong Road,Yingkou Road,6843.954097,100139,100174,4497,1274,3223,2055,1168
Yingkou Road,Tiedong Road,6843.954097,100174,100139,4378,1207,3171,1649,1522
Jianchang Road,Taichang Road,6842.359365,100063,100128,314,122,192,87,105
Taichang Road,Jianchang Road,6842.359365,100128,100063,307,118,189,74,115
Hongqi South Road,Yaohuan Road,6838.218332,100057,100170,85,12,73,47,26
Yaohuan Road,Hongqi South Road,6838.218332,100170,100057,74,16,58,40,18
Honghu Li,Jieyuan West Road,6836.179647,100055,100069,430,103,327,211,116
Jieyuan West Road,Honghu Li,6836.179647,100069,100055,372,82,290,206,84
Shaliu South Road,Magangchang,6835.771019,100116,100094,98,17,81,62,19
Magangchang,Shaliu South Road,6835.771019,100094,100116,97,23,74,54,20
Meijiang Park,Jinghe Road,6835.242435,100096,100071,50,10,40,28,12
Jinghe Road,Meijiang Park,6835.242435,100071,100096,48,9,39,28,11
Wandong Road,Dawang Zhuang,6831.735943,100144,100023,103,14,89,61,28
Dawang Zhuang,Wandong Road,6831.735943,100023,100144,97,17,80,47,33
Youyi South Road,Tianjin Hotel,6831.18583,100178,100134,2,0,2,1,1
Tianjin Hotel,Youyi South Road,6831.18583,100134,100178,1,0,1,0,1
Cuifu New Village,Zhongshan Road,6830.101062,100019,100190,235,33,202,144,58
Zhongshan Road,Cuifu New Village,6830.101062,100190,100019,205,36,169,110,59
Zhaoyuan Road,Wanshan Road,6830.087861,100186,100146,11,3,8,6,2
Wanshan Road,Zhaoyuan Road,6830.087861,100146,100186,5,0,5,2,3
Zhongshan Road,Guangkaisima Road,6827.347836,100190,100044,207,45,162,106,56
Guangkaisima Road,Zhongshan Road,6827.347836,100044,100190,184,41,143,85,58
Benxi Road,Erwei Road,6826.730246,100008,100036,1536,279,1257,929,328
Erwei Road,Benxi Road,6826.730246,100036,100008,1526,255,1271,793,478
Cuifu New Village,Airport Economic Zone,6825.624444,100019,100001,770,81,689,563,126
Airport Economic Zone,Cuifu New Village,6825.624444,100001,100019,680,77,603,423,180
Meijiang Road,Jintang Road,6824.011422,100097,100077,186,29,157,113,44
Jintang Road,Meijiang Road,6824.011422,100077,100097,162,24,138,112,26
Anshan Road,Yingfeng Road,6824.007068,100002,100173,131,19,112,77,35
Yingfeng Road,Anshan Road,6824.007068,100173,100002,112,20,92,64,28
Gulou,Benxi Road,6823.405113,100045,100008,1717,685,1032,357,675
Benxi Road,Gulou,6823.405113,100008,100045,1473,586,887,471,416
Zhigu,North Station,6821.416077,100188,100108,109,27,82,46,36
North Station,Zhigu,6821.416077,100108,100188,87,22,65,34,31
Minquan Gate,Dawang Zhuang,6820.734981,100099,100023,116,18,98,76,22
Dawang Zhuang,Minquan Gate,6820.734981,100023,100099,88,16,72,51,21
North Station,Guangkaisima Road,6820.432674,100108,100044,134,39,95,70,25
Guangkaisima Road,North Station,6820.432674,100044,100108,116,31,85,58,27
Siyuan Road,Yuanyang International Centre,6819.978891,100121,100179,132,22,110,77,33
Yuanyang International Centre,Siyuan Road,6819.978891,100179,100121,125,28,97,61,36
Jianshan Road,Chentang Zhuang,6819.33668,100066,100015,14,1,13,12,1
Chentang Zhuang,Jianshan Road,6819.33668,100015,100066,14,0,14,12,2
Fuxing Road,Jinwan Square,6817.754926,100042,100078,128,49,79,51,28
Jinwan Square,Fuxing Road,6817.754926,100078,100042,85,37,48,32,16
Jianguo Road,Anshan West Road,6815.976985,100064,100003,248,42,206,158,48
Anshan West Road,Jianguo Road,6815.976985,100003,100064,240,37,203,130,73
Yudongcheng,Liuwei Road,6815.422136,100180,100090,236,58,178,120,58
Liuwei Road,Yudongcheng,6815.422136,100090,100180,194,50,144,73,71
Wandong Road,JinZhong River Street,6815.116962,100144,100079,73,14,59,36,23
JinZhong River Street,Wandong Road,6815.116962,100079,100144,72,15,57,41,16
Longhan Road,Dongli Yijing Road,6812.454304,100092,100033,33,4,29,25,4
Dongli Yijing Road,Longhan Road,6812.454304,100033,100092,18,2,16,12,4
Southwest corner,Zhigu,6809.79982,100124,100188,295,67,228,132,96
Zhigu,Southwest corner,6809.79982,100188,100124,286,65,221,146,75
Shunchi Bridge,Wujiayao,6809.545524,100120,100150,411,61,350,273,77
Wujiayao,Shunchi Bridge,6809.545524,100150,100120,394,64,330,223,107
Wanshan Road,The Financial University,6806.533789,100146,100132,64,25,39,29,10
The Financial University,Wanshan Road,6806.533789,100132,100146,48,19,29,16,13
Bianxing,Bei Zhulin,6805.740071,100009,100004,12,0,12,12,0
Bei Zhulin,Bianxing,6805.740071,100004,100009,9,0,9,9,0
Yizhongxin Hospital,Northwest Corner,6804.135407,100177,100109,526,126,400,239,161
Northwest Corner,Yizhongxin Hospital,6804.135407,100109,100177,523,112,411,212,199
Haihe East Road,Laoshan Road,6801.786738,100049,100082,3,3,0,0,0
Laoshan Road,Haihe East Road,6801.786738,100082,100049,2,0,2,2,0
Meijiang Road,Tucheng,6801.661968,100097,100140,14,2,12,4,8
Tucheng,Meijiang Road,6801.661968,100140,100097,13,3,10,5,5
Bei Zhulin,Ruijing XinYuan,6800.585736,100004,100114,8,4,4,3,1
Ruijing XinYuan,Bei Zhulin,6800.585736,100114,100004,2,0,2,0,2
Anshan Road,Xinkai River,6800.377983,100002,100160,79,16,63,22,41
Xinkai River,Anshan Road,6800.377983,100160,100002,63,8,55,34,21
Leyuan Road,Wangdingdi,6799.068296,100083,100145,99,30,69,48,21
Wangdingdi,Leyuan Road,6799.068296,100145,100083,80,21,59,39,20
Jiefang South Road,Water Park Road East,6798.599573,100068,100147,735,251,484,300,184
Water Park Road East,Jiefang South Road,6798.599573,100147,100068,676,222,454,254,200
Yingfeng Road,Guangkaisima Road,6793.503303,100173,100044,509,78,431,294,137
Guangkaisima Road,Yingfeng Road,6793.503303,100044,100173,425,60,365,245,120
Magangchang,Yaohuan Road,6791.773875,100094,100170,183,46,137,81,56
Yaohuan Road,Magangchang,6791.773875,100170,100094,152,37,115,76,39
Xuelian South Road,Chentang Zhuang,6791.770748,100164,100015,9,0,9,6,3
Chentang Zhuang,Xuelian South Road,6791.770748,100015,100164,6,0,6,2,4
Zhaoyuan Road,Fuxing Gate,6791.203591,100186,100041,2,0,2,1,1
Fuxing Gate,Zhaoyuan Road,6791.203591,100041,100186,1,1,0,0,0
Jianchang Road,Nanhe Zhuang,6790.815609,100063,100101,29,5,24,15,9
Nanhe Zhuang,Jianchang Road,6790.815609,100101,100063,21,5,16,4,12
Changhong Park,Huayuan,6788.576556,100012,100061,691,84,607,450,157
Huayuan,Changhong Park,6788.576556,100061,100012,620,80,540,355,185
Wangdingdi,Anshan Road,6787.272826,100145,100002,402,65,337,250,87
Anshan Road,Wangdingdi,6787.272826,100002,100145,360,61,299,193,106
Hangshuang Road,Taichang Road,6787.149394,100051,100128,452,85,367,273,94
Taichang Road,Hangshuang Road,6787.149394,100128,100051,432,71,361,238,123
Nanlou,Yuanyang International Centre,6785.138294,100102,100179,196,39,157,98,59
Yuanyang International Centre,Nanlou,6785.138294,100179,100102,156,33,123,66,57
Xueyuan North Road,Dengzhou South Road,6781.631497,100165,100025,4,1,3,1,2
Dengzhou South Road,Xueyuan North Road,6781.631497,100025,100165,3,1,2,0,2
Southwest Tower,Jianguo Road,6780.393373,100125,100064,297,63,234,158,76
Jianguo Road,Southwest Tower,6780.393373,100064,100125,278,46,232,171,61
Jinwan Square,People's Hospital,6779.036725,100078,100111,119,32,87,49,38
People's Hospital,Jinwan Square,6779.036725,100111,100078,87,20,67,39,28
Changhong Park,Water Park Road East,6778.896172,100012,100147,728,237,491,310,181
Water Park Road East,Changhong Park,6778.896172,100147,100012,582,171,411,213,198
Dengzhou South Road,Cuifu New Village,6778.310168,100025,100019,23,2,21,12,9
Cuifu New Village,Dengzhou South Road,6778.310168,100019,100025,11,1,10,6,4
Honghu Li,Tiedong Road,6777.565696,100055,100139,80,21,59,44,15
Tiedong Road,Honghu Li,6777.565696,100139,100055,70,19,51,22,29
Jingjiang Road,Dengzhou South Road,6776.212342,100072,100025,157,23,134,91,43
Dengzhou South Road,Jingjiang Road,6776.212342,100025,100072,156,25,131,89,42
Lingbin Road,Anshan West Road,6775.684854,100087,100003,290,50,240,163,77
Anshan West Road,Lingbin Road,6775.684854,100003,100087,271,51,220,132,88
Chentang Zhuang,Longhan Road,6773.551181,100015,100092,86,11,75,47,28
Longhan Road,Chentang Zhuang,6773.551181,100092,100015,57,4,53,37,16
Jingjiang Road,Cultural centre,6772.893961,100072,100020,1014,301,713,449,264
Cultural centre,Jingjiang Road,6772.893961,100020,100072,934,288,646,383,263
Tucheng,Jin Street,6772.099578,100140,100070,80,19,61,33,28
Jin Street,Tucheng,6772.099578,100070,100140,63,20,43,24,19
Beiyangyuan Campus of Tianjin University,Lushui Road,6771.702043,100007,100093,517,211,306,138,168
Lushui Road,Beiyangyuan Campus of Tianjin University,6771.702043,100093,100007,502,198,304,129,175
Sports Centre,Xiaobailou,6771.66575,100126,100154,823,195,628,428,200
Xiaobailou,Sports Centre,6771.66575,100154,100126,786,194,592,358,234
Zhangxing Zhuang,Jianguo Road,6770.915393,100185,100064,156,26,130,111,19
Jianguo Road,Zhangxing Zhuang,6770.915393,100064,100185,109,16,93,63,30
JinZhong River Street,Zhigu,6770.874136,100079,100188,377,72,305,217,88
Zhigu,JinZhong River Street,6770.874136,100188,100079,332,68,264,159,105
Lingbin Road,Chunhai Road,6770.831331,100087,100017,60,11,49,29,20
Chunhai Road,Lingbin Road,6770.831331,100017,100087,48,6,42,24,18
Leyuan Road,Heping Road,6768.325023,100083,100053,96,42,54,26,28
Heping Road,Leyuan Road,6768.325023,100053,100083,71,28,43,15,28
Shunchi Bridge,Southwest Tower,6767.013111,100120,100125,273,44,229,168,61
Southwest Tower,Shunchi Bridge,6767.013111,100125,100120,241,42,199,109,90
Lushui Road,Leyuan Road,6766.933403,100093,100083,1310,384,926,588,338
Leyuan Road,Lushui Road,6766.933403,100083,100093,1259,382,877,390,487
Bianxing,Tiantuo,6765.876211,100009,100138,418,59,359,314,45
Tiantuo,Bianxing,6765.876211,100138,100009,349,57,292,208,84
Cuifu New Village,Nanlou,6765.426896,100019,100102,99,12,87,61,26
Nanlou,Cuifu New Village,6765.426896,100102,100019,85,15,70,41,29
Heping Road,Yueya River,6765.373241,100053,100182,1821,559,1262,617,645
Yueya River,Heping Road,6765.373241,100182,100053,1480,427,1053,658,395
Yudongcheng,Zhigu,6765.211024,100180,100188,755,103,652,485,167
Zhigu,Yudongcheng,6765.211024,100188,100180,703,93,610,379,231
Hongqi South Road,Xiaobailou,6765.172776,100057,100154,2260,456,1804,1349,455
Xiaobailou,Hongqi South Road,6765.172776,100154,100057,2122,443,1679,1080,599
Hongni River East,Donggu Road,6763.016539,100056,100026,283,19,264,88,176
Donggu Road,Hongni River East,6763.016539,100026,100056,157,15,142,65,77
Leyuan Road,Xikang Road,6761.680739,100083,100158,85,42,43,14,29
Xikang Road,Leyuan Road,6761.680739,100158,100083,54,23,31,21,10
Xuzhou Road,Southwest Tower,6761.489419,100167,100125,13,4,9,3,6
Southwest Tower,Xuzhou Road,6761.489419,100125,100167,9,1,8,4,4
Xikang Road,Xinkai River,6761.225566,100158,100160,68,14,54,34,20
Xinkai River,Xikang Road,6761.225566,100160,100158,63,21,42,24,18
Xueyuan North Road,Dongli Yijing Road,6760.626176,100165,100033,114,21,93,70,23
Dongli Yijing Road,Xueyuan North Road,6760.626176,100033,100165,107,17,90,51,39
Xiawafang,Zhou and Deng Memorial Museum,6760.078272,100157,100191,256,74,182,111,71
Zhou and Deng Memorial Museum,Xiawafang,6760.078272,100191,100157,235,53,182,128,54
Tianjin Station,Tucheng,6756.632016,100135,100140,1778,479,1299,591,708
Tucheng,Tianjin Station,6756.632016,100140,100135,1686,509,1177,704,473
Erwei Road,Zhongshan Road,6756.575839,100036,100190,202,53,149,92,57
Zhongshan Road,Erwei Road,6756.575839,100190,100036,177,44,133,69,64
Southwest Tower,Huashan Li,6756.461907,100125,100060,415,77,338,218,120
Huashan Li,Southwest Tower,6756.461907,100060,100125,359,69,290,193,97
Nanlou,Xingfu Park,6755.739101,100102,100159,367,70,297,191,106
Xingfu Park,Nanlou,6755.739101,100159,100102,360,69,291,227,64
Fuxing Gate,Dongxing Road,6755.598542,100041,100035,19,7,12,7,5
Dongxing Road,Fuxing Gate,6755.598542,100035,100041,12,1,11,8,3
Changling Road,Wangdingdi,6753.94176,100013,100145,50,7,43,29,14
Wangdingdi,Changling Road,6753.94176,100145,100013,31,7,24,14,10
Chentang Zhuang,Lilou,6753.685965,100015,100086,453,70,383,237,146
Lilou,Chentang Zhuang,6753.685965,100086,100015,441,47,394,285,109
People's Hospital,Wangdingdi,6752.627958,100111,100145,139,24,115,77,38
Wangdingdi,People's Hospital,6752.627958,100145,100111,112,19,93,61,32
Shuanglin,Fangshan Road,6750.946044,100119,100038,29,7,22,9,13
Fangshan Road,Shuanglin,6750.946044,100038,100119,26,7,19,19,0
JinZhong River Street,Huaihe Road,6750.064755,100079,100058,323,64,259,161,98
Huaihe Road,JinZhong River Street,6750.064755,100058,100079,289,60,229,156,73
North Station,Yibin Road,6749.220149,100108,100171,253,72,181,100,81
Yibin Road,North Station,6749.220149,100171,100108,213,42,171,93,78
Dengzhou South Road,Liuwei Road,6748.388733,100025,100090,469,78,391,299,92
Liuwei Road,Dengzhou South Road,6748.388733,100090,100025,426,77,349,236,113
Tucheng,Erwei Road,6746.999745,100140,100036,1532,304,1228,881,347
Erwei Road,Tucheng,6746.999745,100036,100140,1385,279,1106,722,384
Erwei Road,North Station,6745.873788,100036,100108,164,33,131,63,68
North Station,Erwei Road,6745.873788,100108,100036,149,35,114,68,46
Liuwei Road,North Station,6745.83805,100090,100108,19,2,17,11,6
North Station,Liuwei Road,6745.83805,100108,100090,19,4,15,9,6
Zhongshan Road,JinZhong Street,6745.577078,100190,100080,439,84,355,184,171
JinZhong Street,Zhongshan Road,6745.577078,100080,100190,425,81,344,228,116
Gulou,Taichang Road,6745.067892,100045,100128,876,341,535,241,294
Taichang Road,Gulou,6745.067892,100128,100045,771,282,489,215,274
Bei Zhulin,Xikang Road,6744.844232,100004,100158,23,4,19,18,1
Xikang Road,Bei Zhulin,6744.844232,100158,100004,22,4,18,16,2
Tucheng,Wujiayao,6743.851233,100140,100150,448,70,378,266,112
Wujiayao,Tucheng,6743.851233,100150,100140,401,56,345,239,106
Nanlou,Liuwei Road,6741.987772,100102,100090,23,5,18,10,8
Liuwei Road,Nanlou,6741.987772,100090,100102,19,8,11,5,6
West Station,JinZhong River Street,6741.163632,100149,100079,1422,380,1042,340,702
JinZhong River Street,West Station,6741.163632,100079,100149,1165,347,818,501,317
Jinwan Square,Hongqi South Road,6738.697316,100078,100057,1462,372,1090,611,479
Hongqi South Road,Jinwan Square,6738.697316,100057,100078,1437,311,1126,852,274
Chunhai Road,Zhaoyuan Road,6730.024428,100017,100186,36,7,29,23,6
Zhaoyuan Road,Chunhai Road,6730.024428,100186,100017,21,5,16,13,3
Professional University,Tianshili,6729.357729,100112,100136,69,19,50,32,18
Tianshili,Professional University,6729.357729,100136,100112,42,14,28,8,20
Yihao Bridge,Nanlou,6728.355269,100172,100102,52,9,43,27,16
Nanlou,Yihao Bridge,6728.355269,100102,100172,47,12,35,22,13
People's Hospital,Beining Park,6728.242796,100111,100006,616,115,501,271,230
Beining Park,People's Hospital,6728.242796,100006,100111,553,95,458,296,162
Jin Street,Beining Park,6727.091376,100070,100006,33,4,29,12,17
Beining Park,Jin Street,6727.091376,100006,100070,21,4,17,6,11
Yingkou Road,Beining Park,6726.586499,100174,100006,1323,343,980,491,489
Beining Park,Yingkou Road,6726.586499,100006,100174,1304,407,897,537,360
Huashan Li,Xiaobailou,6726.432569,100060,100154,5815,1316,4499,3381,1118
Xiaobailou,Huashan Li,6726.432569,100154,100060,5607,1253,4354,2581,1773
Xingfu Park,Gulou,6725.914391,100159,100045,760,253,507,273,234
Gulou,Xingfu Park,6725.914391,100045,100159,684,215,469,228,241
Anshan West Road,Xikang Road,6723.880906,100003,100158,163,37,126,92,34
Xikang Road,Anshan West Road,6723.880906,100158,100003,147,32,115,65,50
Foreign Languages High School,Shunchi Bridge,6722.227647,100040,100120,10,1,9,8,1
Shunchi Bridge,Foreign Languages High School,6722.227647,100120,100040,9,0,9,6,3
Minquan Gate,Taichang Road,6721.77058,100099,100128,259,92,167,80,87
Taichang Road,Minquan Gate,6721.77058,100128,100099,256,96,160,73,87
Shunchi Bridge,Guoshan Road,6721.216282,100120,100047,167,22,145,115,30
Guoshan Road,Shunchi Bridge,6721.216282,100047,100120,127,15,112,84,28
Southeast Corner,Tiantuo,6719.965501,100123,100138,529,151,378,215,163
Tiantuo,Southeast Corner,6719.965501,100138,100123,473,154,319,175,144
Zhanggui Zhuang,Zhigu,6717.055764,100184,100188,1076,203,873,643,230
Zhigu,Zhanggui Zhuang,6717.055764,100188,100184,1060,183,877,564,313
Cuifu New Village,Xuzhuangzi,6716.09417,100019,100168,15,4,11,7,4
Xuzhuangzi,Cuifu New Village,6716.09417,100168,100019,13,1,12,7,5
Shunchi Bridge,Tiedong Road,6716.091432,100120,100139,92,14,78,52,26
Tiedong Road,Shunchi Bridge,6716.091432,100139,100120,65,14,51,28,23
Second hospital of the Medical University,Lijiang Road,6714.189992,100115,100085,14,4,10,8,2
Lijiang Road,Second hospital of the Medical University,6714.189992,100085,100115,11,3,8,7,1
Bei Zhulin,Jinwan Square,6714.17865,100004,100078,47,22,25,18,7
Jinwan Square,Bei Zhulin,6714.17865,100078,100004,25,11,14,9,5
Shiyijing Road,Beining Park,6713.214238,100117,100006,104,6,98,62,36
Beining Park,Shiyijing Road,6713.214238,100006,100117,87,8,79,59,20
Yueya River,Xuzhou Road,6712.03,100182,100167,765,110,655,503,152
Xuzhou Road,Yueya River,6712.03,100167,100182,644,99,545,373,172
Chenglin Road,Zhicheng Road,6707.84429,100014,100187,293,73,220,115,105
Zhicheng Road,Chenglin Road,6707.84429,100187,100014,284,76,208,133,75
Nancuiping,Jiangwan Erzhi Road,6707.42525,100100,100065,13,4,9,2,7
Jiangwan Erzhi Road,Nancuiping,6707.42525,100065,100100,8,3,5,3,2
Wandong Road,Dengzhou Road,6706.479447,100144,100024,33,9,24,19,5
Dengzhou Road,Wandong Road,6706.479447,100024,100144,33,6,27,19,8
Chinese Medicine First Affiliated Hospital,Yingfeng Road,6705.971854,100016,100173,279,65,214,90,124
Yingfeng Road,Chinese Medicine First Affiliated Hospital,6705.971854,100173,100016,265,56,209,112,97
Tiantuo,High-Tech Zone,6704.316649,100138,100054,293,25,268,183,85
High-Tech Zone,Tiantuo,6704.316649,100054,100138,291,18,273,198,75
Fuxing Gate,Cultural centre,6700.857731,100041,100020,221,64,157,94,63
Cultural centre,Fuxing Gate,6700.857731,100020,100041,157,52,105,66,39
Jiefang South Road,Southwest Tower,6699.81613,100068,100125,240,34,206,136,70
Southwest Tower,Jiefang South Road,6699.81613,100125,100068,235,37,198,110,88
Xikang Road,Water Park Road East,6698.543784,100158,100147,326,73,253,162,91
Water Park Road East,Xikang Road,6698.543784,100147,100158,258,75,183,106,77
Jingjiang Road,Yixingbu,6698.239393,100072,100175,234,31,203,122,81
Yixingbu,Jingjiang Road,6698.239393,100175,100072,207,34,173,118,55
Donghai Road,Tanggu,6697.806784,100027,100131,3895,720,3175,2393,782
Tanggu,Donghai Road,6697.806784,100131,100027,3676,684,2992,2448,544
Jieyuan West Road,Jin Street,6695.668537,100069,100070,332,65,267,191,76
Jin Street,Jieyuan West Road,6695.668537,100070,100069,289,56,233,148,85
Second hospital of the Medical University,Hongqi South Road,6695.589774,100115,100057,629,104,525,370,155
Hongqi South Road,Second hospital of the Medical University,6695.589774,100057,100115,566,85,481,360,121
Xiaobailou,Zuojiang Road,6695.350711,100154,100192,392,75,317,208,109
Zuojiang Road,Xiaobailou,6695.350711,100192,100154,390,63,327,270,57
Airport Economic Zone,Xiangshan Road,6694.382494,100001,100151,200,35,165,112,53
Xiangshan Road,Airport Economic Zone,6694.382494,100151,100001,177,29,148,90,58
Huayuan,Tianjin Hotel,6694.242256,100061,100134,428,48,380,267,113
Tianjin Hotel,Huayuan,6694.242256,100134,100061,412,33,379,302,77
Jianshan Road,Yizhongxin Hospital,6694.060319,100066,100177,444,69,375,249,126
Yizhongxin Hospital,Jianshan Road,6694.060319,100177,100066,399,69,330,244,86
Yingfeng Road,People's Hospital,6694.027265,100173,100111,974,164,810,572,238
People's Hospital,Yingfeng Road,6694.027265,100111,100173,751,104,647,423,224
Tumour Hospital,Dongxing Road,6692.46355,100141,100035,226,26,200,125,75
Dongxing Road,Tumour Hospital,6692.46355,100035,100141,220,28,192,132,60
Xikang Road,Taichang Road,6692.017478,100158,100128,418,118,300,201,99
Taichang Road,Xikang Road,6692.017478,100128,100158,389,86,303,165,138
Chenglin Road,Chentang Zhuang,6691.990556,100014,100015,435,46,389,297,92
Chentang Zhuang,Chenglin Road,6691.990556,100015,100014,418,47,371,264,107
Yihao Bridge,Dongli Development Zone,6689.104731,100172,100030,947,153,794,573,221
Dongli Development Zone,Yihao Bridge,6689.104731,100030,100172,810,168,642,444,198
Zhangxing Zhuang,Jinwan Square,6688.428693,100185,100078,394,71,323,254,69
Jinwan Square,Zhangxing Zhuang,6688.428693,100078,100185,371,75,296,165,131
Dongjiang Road,Shuanglin,6687.560426,100028,100119,1,1,0,0,0
Shuanglin,Dongjiang Road,6687.560426,100119,100028,1,0,1,1,0
Jiefang South Road,Tianjin Hotel,6685.704276,100068,100134,781,142,639,481,158
Tianjin Hotel,Jiefang South Road,6685.704276,100134,100068,698,132,566,343,223
Chentang Zhuang,Anshan Road,6683.254587,100015,100002,2268,372,1896,1415,481
Anshan Road,Chentang Zhuang,6683.254587,100002,100015,2152,348,1804,1210,594
Jinshi Bridge,Changhong Park,6683.203685,100076,100012,200,64,136,77,59
Changhong Park,Jinshi Bridge,6683.203685,100012,100076,196,45,151,82,69
Xuelian South Road,Wandong Road,6678.994676,100164,100144,4,0,4,0,4
Anshan Road,Tianjin Hotel,6677.941594,100002,100134,684,143,541,336,205
Tianjin Hotel,Anshan Road,6677.941594,100134,100002,642,149,493,336,157
Sports Centre,Zhigu,6677.897689,100126,100188,546,144,402,234,168
Zhigu,Sports Centre,6677.897689,100188,100126,516,138,378,247,131
Tiantai Road,Dawang Zhuang,6677.531024,100137,100023,110,19,91,67,24
Dawang Zhuang,Tiantai Road,6677.531024,100023,100137,100,15,85,48,37
Wandong Road,Jin Street,6677.039631,100144,100070,1013,201,812,601,211
Jin Street,Wandong Road,6677.039631,100070,100144,811,148,663,408,255
Yixingbu,Bei Zhulin,6669.754134,100175,100004,13,2,11,10,1
Bei Zhulin,Yixingbu,6669.754134,100004,100175,10,2,8,8,0
Tiedong Road,Professional University,6668.544283,100139,100112,267,95,172,74,98
Professional University,Tiedong Road,6668.544283,100112,100139,252,81,171,115,56
Xinkai River,Xuzhou Road,6666.065794,100160,100167,13,1,12,9,3
Xuzhou Road,Xinkai River,6666.065794,100167,100160,10,2,8,7,1
Nancuiping,Xiawafang,6665.300841,100100,100157,447,88,359,269,90
Xiawafang,Nancuiping,6665.300841,100157,100100,441,87,354,250,104
Lijiang Road,Yingfeng Road,6664.500933,100085,100173,38,7,31,10,21
Yingfeng Road,Lijiang Road,6664.500933,100173,100085,30,7,23,15,8
Tian Tower,Jinshi Bridge,6664.297141,100133,100076,1792,502,1290,728,562
Jinshi Bridge,Tian Tower,6664.297141,100076,100133,1743,460,1283,769,514
Chentang Zhuang,Dawang Zhuang,6663.477963,100015,100023,185,27,158,122,36
Dawang Zhuang,Chentang Zhuang,6663.477963,100023,100015,121,27,94,57,37
Wandong Road,Nanlou,6662.801004,100144,100102,103,12,91,68,23
Nanlou,Wandong Road,6662.801004,100102,100144,103,6,97,66,31
Liqi Zhuang South,Cultural centre,6662.148991,100088,100020,77,28,49,35,14
Cultural centre,Liqi Zhuang South,6662.148991,100020,100088,69,27,42,19,23
Tucheng,Taichang Road,6661.309529,100140,100128,292,86,206,121,85
Taichang Road,Tucheng,6661.309529,100128,100140,264,79,185,92,93
Xingfu Park,Yingkou Road,6660.91708,100159,100174,1769,583,1186,734,452
Yingkou Road,Xingfu Park,6660.91708,100174,100159,1588,515,1073,531,542
South Station,Huayuan,6659.66113,100122,100061,6994,1152,5842,4259,1583
Huayuan,South Station,6659.66113,100061,100122,6700,1173,5527,3804,1723
Fuxing Road,Minquan Gate,6658.675634,100042,100099,192,46,146,85,61
Minquan Gate,Fuxing Road,6658.675634,100099,100042,187,49,138,97,41
Heping Road,Minquan Gate,6653.921591,100053,100099,1129,329,800,361,439
Minquan Gate,Heping Road,6653.921591,100099,100053,823,249,574,357,217
Shuanglin,Youyi South Road,6653.263801,100119,100178,121,36,85,59,26
Youyi South Road,Shuanglin,6653.263801,100178,100119,99,30,69,32,37
Southwest Tower,Southeast Corner,6652.4289,100125,100123,362,124,238,133,105
Southeast Corner,Southwest Tower,6652.4289,100123,100125,350,126,224,123,101
Changhong Park,Dawang Zhuang,6652.163394,100012,100023,289,57,232,158,74
Dawang Zhuang,Changhong Park,6652.163394,100023,100012,227,48,179,123,56
Cuifu New Village,Gulou,6651.271199,100019,100045,990,294,696,414,282
Gulou,Cuifu New Village,6651.271199,100045,100019,834,248,586,279,307
Xiaobailou,Water Park Road East,6649.883385,100154,100147,306,65,241,155,86
Water Park Road East,Xiaobailou,6649.883385,100147,100154,273,73,200,118,82
Number Two Bridge,Shiyijing Road,6648.001441,100110,100117,1077,165,912,730,182
Shiyijing Road,Number Two Bridge,6648.001441,100117,100110,978,132,846,563,283
Yingkou Road,Zhongshan Gate,6643.391921,100174,100189,1423,470,953,493,460
Zhongshan Gate,Yingkou Road,6643.391921,100189,100174,1350,465,885,528,357
Zhigu,Huashan Li,6642.53457,100188,100060,369,74,295,197,98
Huashan Li,Zhigu,6642.53457,100060,100188,356,68,288,226,62
Foreign Languages High School,Haiguang Temple,6641.423248,100040,100048,151,27,124,103,21
Haiguang Temple,Foreign Languages High School,6641.423248,100048,100040,146,26,120,65,55
Tianjin Station,Wandong Road,6639.444905,100135,100144,505,150,355,178,177
Wandong Road,Tianjin Station,6639.444905,100144,100135,379,107,272,195,77
Bei Zhulin,Yizhongxin Hospital,6639.37597,100004,100177,85,24,61,47,14
Yizhongxin Hospital,Bei Zhulin,6639.37597,100177,100004,83,24,59,44,15
Zhicheng Road,Bei Zhulin,6635.846961,100187,100004,10,5,5,5,0
Bei Zhulin,Zhicheng Road,6635.846961,100004,100187,5,2,3,3,0
Tianjin Station,Yixingbu,6635.331519,100135,100175,1614,450,1164,470,694
Yixingbu,Tianjin Station,6635.331519,100175,100135,1604,477,1127,726,401
Tianjin Station,Zhicheng Road,6633.688105,100135,100187,431,149,282,135,147
Zhicheng Road,Tianjin Station,6633.688105,100187,100135,376,110,266,166,100
Zhongshan Road,Haiguang Temple,6632.836719,100190,100048,647,149,498,349,149
Haiguang Temple,Zhongshan Road,6632.836719,100048,100190,646,143,503,297,206
Foreign Languages High School,Benxi Road,6632.695497,100040,100008,30,4,26,24,2
Benxi Road,Foreign Languages High School,6632.695497,100008,100040,18,5,13,11,2
Haiguang Temple,Dongxing Road,6632.544982,100048,100035,194,36,158,110,48
Dongxing Road,Haiguang Temple,6632.544982,100035,100048,193,32,161,127,34
Second hospital of the Medical University,Chinese Medicine First Affiliated Hospital,6631.189719,100115,100016,314,57,257,150,107
Chinese Medicine First Affiliated Hospital,Second hospital of the Medical University,6631.189719,100016,100115,287,56,231,112,119
Shaliu South Road,Xingfu Park,6630.679316,100116,100159,155,29,126,86,40
Xingfu Park,Shaliu South Road,6630.679316,100159,100116,151,29,122,77,45
Yibin Road,Cultural centre,6630.040767,100171,100020,431,107,324,252,72
Cultural centre,Yibin Road,6630.040767,100020,100171,429,109,320,226,94
Yuanyang International Centre,Dengzhou Road,6629.237068,100179,100024,1126,286,840,479,361
Dengzhou Road,Yuanyang International Centre,6629.237068,100024,100179,1125,278,847,593,254
Dabi Zhuang,Xingfu Park,6625.783986,100021,100159,550,73,477,373,104
Xingfu Park,Dabi Zhuang,6625.783986,100159,100021,533,65,468,334,134
Shunchi Bridge,Wanshan Road,6624.204822,100120,100146,13,4,9,6,3
Wanshan Road,Shunchi Bridge,6624.204822,100146,100120,9,4,5,2,3
Tian Tower,Gulou,6619.203347,100133,100045,565,261,304,118,186
Gulou,Tian Tower,6619.203347,100045,100133,499,251,248,88,160
Anshan Road,Anshan West Road,6617.488713,100002,100003,75,20,55,18,37
Anshan West Road,Anshan Road,6617.488713,100003,100002,71,15,56,20,36
Jingjiang Road,Xinkai River,6614.796308,100072,100160,100,17,83,51,32
Xinkai River,Jingjiang Road,6614.796308,100160,100072,92,13,79,55,24
Zhou and Deng Memorial Museum,Cultural centre,6611.817781,100191,100020,113,48,65,29,36
Cultural centre,Zhou and Deng Memorial Museum,6611.817781,100020,100191,85,34,51,16,35
Huaihe Road,North Beichen Tech Park,6606.586244,100058,100106,131,22,109,80,29
North Beichen Tech Park,Huaihe Road,6606.586244,100106,100058,127,13,114,86,28
Dongting Road,Tumour Hospital,6606.401772,100034,100141,169,19,150,114,36
Tumour Hospital,Dongting Road,6606.401772,100141,100034,131,19,112,55,57
Xinkai River,Yibin Road,6606.222392,100160,100171,223,40,183,132,51
Yibin Road,Xinkai River,6606.222392,100171,100160,195,36,159,126,33
Xiangshan Road,Liulin Road,6601.578924,100151,100089,323,74,249,150,99
Liulin Road,Xiangshan Road,6601.578924,100089,100151,311,63,248,133,115
Liqi Zhuang South,Nanzhu Bridge,6601.389183,100088,100104,13,3,10,6,4
Nanzhu Bridge,Liqi Zhuang South,6601.389183,100104,100088,6,0,6,5,1
Erwei Road,Yizhongxin Hospital,6599.176952,100036,100177,127,24,103,67,36
Yizhongxin Hospital,Erwei Road,6599.176952,100177,100036,74,13,61,49,12
Hongqi South Road,Jianshan Road,6597.501484,100057,100066,424,86,338,253,85
Jianshan Road,Hongqi South Road,6597.501484,100066,100057,389,74,315,216,99
Southwest Tower,Tiantuo,6595.542062,100125,100138,242,30,212,150,62
Tiantuo,Southwest Tower,6595.542062,100138,100125,232,34,198,137,61
Chenglin Road,Tianjin Hotel,6593.630014,100014,100134,737,150,587,430,157
Tianjin Hotel,Chenglin Road,6593.630014,100134,100014,698,154,544,354,190
Fangshan Road,Chunhai Road,6587.033716,100038,100017,103,14,89,67,22
Chunhai Road,Fangshan Road,6587.033716,100017,100038,94,9,85,62,23
Liuwei Road,Northwest Corner,6586.89524,100090,100109,102,27,75,44,31
Northwest Corner,Liuwei Road,6586.89524,100109,100090,101,15,86,42,44
Beining Park,Honghu Li,6586.767302,100006,100055,207,57,150,80,70
Honghu Li,Beining Park,6586.767302,100055,100006,174,46,128,72,56
Changling Road,Meijiang Park,6585.14149,100013,100096,13,4,9,8,1
Meijiang Park,Changling Road,6585.14149,100096,100013,8,1,7,0,7
Yingkou Road,Wandong Road,6583.857269,100174,100144,453,131,322,187,135
Wandong Road,Yingkou Road,6583.857269,100144,100174,440,123,317,217,100
Cuifu New Village,Yingkou Road,6583.704023,100019,100174,1338,365,973,700,273
Yingkou Road,Cuifu New Village,6583.704023,100174,100019,1209,361,848,482,366
Xuzhuangzi,Tiantai Road,6582.905461,100168,100137,162,22,140,107,33
Tiantai Road,Xuzhuangzi,6582.905461,100137,100168,149,20,129,104,25
Gulou,Yizhongxin Hospital,6582.739346,100045,100177,758,295,463,211,252
Yizhongxin Hospital,Gulou,6582.739346,100177,100045,744,237,507,284,223
Siyuan Road,Professional University,6581.986374,100121,100112,55,17,38,26,12
Professional University,Siyuan Road,6581.986374,100112,100121,50,20,30,20,10
West Station,Zhangxing Zhuang,6580.862556,100149,100185,202,59,143,49,94
Zhangxing Zhuang,West Station,6580.862556,100185,100149,128,38,90,69,21
Jinmao Industrial Area,Nanzhu Bridge,6579.686414,100074,100104,86,18,68,58,10
Nanzhu Bridge,Jinmao Industrial Area,6579.686414,100104,100074,61,12,49,40,9
Dongli Culture and Sports Centre,Fangshan Road,6579.230171,100029,100038,39,21,18,10,8
Fangshan Road,Dongli Culture and Sports Centre,6579.230171,100038,100029,38,16,22,17,5
Haiguang Temple,Cultural centre,6577.804171,100048,100020,579,189,390,234,156
Cultural centre,Haiguang Temple,6577.804171,100020,100048,480,158,322,198,124
Jianguo Road,Nanlou,6576.845822,100064,100102,125,15,110,52,58
Nanlou,Jianguo Road,6576.845822,100102,100064,107,21,86,54,32
Honghu Li,Yingkou Road,6565.582364,100055,100174,6403,2652,3751,2258,1493
Yingkou Road,Honghu Li,6565.582364,100174,100055,5521,2024,3497,1704,1793
Wangdingdi,Yangwu Zhuang,6564.093286,100145,100169,381,71,310,210,100
Yangwu Zhuang,Wangdingdi,6564.093286,100169,100145,347,62,285,206,79
Chunhai Road,Lilou,6561.352772,100017,100086,61,7,54,48,6
Lilou,Chunhai Road,6561.352772,100086,100017,59,8,51,37,14
Nanlou,Sports Centre,6559.851193,100102,100126,139,28,111,77,34
Sports Centre,Nanlou,6559.851193,100126,100102,132,27,105,57,48
Jinwan Square,Cultural centre,6559.806757,100078,100020,228,109,119,58,61
Cultural centre,Jinwan Square,6559.806757,100020,100078,147,61,86,50,36
Number Two Bridge,Xiawafang,6559.653602,100110,100157,643,102,541,417,124
Xiawafang,Number Two Bridge,6559.653602,100157,100110,619,83,536,380,156
Tianjin Hotel,Anshan West Road,6558.661709,100134,100003,565,127,438,304,134
Anshan West Road,Tianjin Hotel,6558.661709,100003,100134,516,117,399,283,116
Changhong Park,Zhongshan Road,6558.004163,100012,100190,125,30,95,58,37
Zhongshan Road,Changhong Park,6558.004163,100190,100012,101,34,67,37,30
High-Tech Zone,Nancuiping,6557.732392,100054,100100,108,19,89,68,21
Nancuiping,High-Tech Zone,6557.732392,100100,100054,106,25,81,63,18
Yihao Bridge,Dawang Zhuang,6557.147272,100172,100023,721,136,585,408,177
Dawang Zhuang,Yihao Bridge,6557.147272,100023,100172,604,128,476,238,238
Huashan Li,Fangshan Road,6556.346332,100060,100038,15,2,13,4,9
Fangshan Road,Huashan Li,6556.346332,100038,100060,6,1,5,3,2
Danhebei Road,Yixingbu North,6555.446026,100022,100176,37,15,22,10,12
Yixingbu North,Danhebei Road,6555.446026,100176,100022,24,8,16,13,3
Xuzhuangzi,Jinshi Bridge,6554.770271,100168,100076,84,10,74,60,14
Jinshi Bridge,Xuzhuangzi,6554.770271,100076,100168,71,5,66,52,14
Yuejin North Road,Chenglin Road,6552.903325,100181,100014,404,60,344,252,92
Chenglin Road,Yuejin North Road,6552.903325,100014,100181,343,49,294,175,119
Zhigu,Water Park Road East,6550.797841,100188,100147,225,68,157,114,43
Water Park Road East,Zhigu,6550.797841,100147,100188,164,53,111,76,35
Liaohe North Road,Beining Park,6548.993366,100084,100006,54,10,44,28,16
Beining Park,Liaohe North Road,6548.993366,100006,100084,49,13,36,21,15
Xiawafang,Guangkaisima Road,6548.216882,100157,100044,449,101,348,217,131
Guangkaisima Road,Xiawafang,6548.216882,100044,100157,420,125,295,197,98
Changhong Park,Benxi Road,6545.267798,100012,100008,316,100,216,109,107
Benxi Road,Changhong Park,6545.267798,100008,100012,277,73,204,136,68
Zhigu,Zuojiang Road,6543.939216,100188,100192,186,33,153,113,40
Zuojiang Road,Zhigu,6543.939216,100192,100188,185,40,145,104,41
The Financial University,Xiawafang,6543.650504,100132,100157,2075,467,1608,1181,427
Xiawafang,The Financial University,6543.650504,100157,100132,2064,453,1611,875,736
Zuojiang Road,Yingfeng Road,6543.575175,100192,100173,180,29,151,88,63
Yingfeng Road,Zuojiang Road,6543.575175,100173,100192,146,29,117,75,42
Shaliu South Road,Weishan Road,6541.87292,100116,100148,280,58,222,150,72
Weishan Road,Shaliu South Road,6541.87292,100148,100116,215,28,187,143,44
Qinjian Road,Haiguang Temple,6540.104671,100113,100048,2351,432,1919,1391,528
Haiguang Temple,Qinjian Road,6540.104671,100048,100113,2326,539,1787,1132,655
Anshan Road,Taichang Road,6537.245255,100002,100128,521,130,391,221,170
Taichang Road,Anshan Road,6537.245255,100128,100002,423,106,317,199,118
Nanlou,Shunchi Bridge,6535.221737,100102,100120,114,27,87,55,32
Shunchi Bridge,Nanlou,6535.221737,100120,100102,76,15,61,38,23
Weishan Road,Changling Road,6534.956081,100148,100013,404,97,307,197,110
Changling Road,Weishan Road,6534.956081,100013,100148,399,98,301,194,107
Leyuan Road,Anshan Road,6534.952683,100083,100002,75,33,42,20,22
Anshan Road,Leyuan Road,6534.952683,100002,100083,51,20,31,20,11
Chenglin Road,Longhan Road,6534.251013,100014,100092,47,5,42,30,12
Longhan Road,Chenglin Road,6534.251013,100092,100014,44,8,36,28,8
Northwest Corner,Bianxing,6534.094691,100109,100009,731,157,574,269,305
Bianxing,Northwest Corner,6534.094691,100009,100109,722,170,552,295,257
Yueya River,Laoshan Road,6534.077326,100182,100082,96,29,67,36,31
Laoshan Road,Yueya River,6534.077326,100082,100182,79,24,55,29,26
Leyuan Road,Anshan West Road,6528.316584,100083,100003,560,120,440,268,172
Anshan West Road,Leyuan Road,6528.316584,100003,100083,559,126,433,250,183
Jingjiang Road,Tucheng,6527.637145,100072,100140,697,117,580,426,154
Tucheng,Jingjiang Road,6527.637145,100140,100072,600,93,507,313,194
Second hospital of the Medical University,Yaohuan Road,6526.739213,100115,100170,44,4,40,29,11
Yaohuan Road,Second hospital of the Medical University,6526.739213,100170,100115,39,5,34,26,8
Taichang Road,Zhongshan Gate,6523.043632,100128,100189,203,63,140,61,79
Zhongshan Gate,Taichang Road,6523.043632,100189,100128,133,56,77,32,45
Shiyijing Road,Northwest Corner,6523.003614,100117,100109,265,43,222,130,92
Northwest Corner,Shiyijing Road,6523.003614,100109,100117,214,38,176,116,60
Changling Road,Yizhongxin Hospital,6522.058652,100013,100177,313,63,250,167,83
Yizhongxin Hospital,Changling Road,6522.058652,100177,100013,297,68,229,147,82
Taichang Road,Huanyu Road,6519.052271,100128,100059,42,15,27,5,22
Huanyu Road,Taichang Road,6519.052271,100059,100128,31,11,20,13,7
Cuifu New Village,Zhicheng Road,6516.462597,100019,100187,65,12,53,32,21
Zhicheng Road,Cuifu New Village,6516.462597,100187,100019,36,11,25,20,5
Fuxing Gate,Jintang Road,6513.191496,100041,100077,104,16,88,50,38
Jintang Road,Fuxing Gate,6513.191496,100077,100041,90,16,74,52,22
Jingjiang Road,Zhongshan Gate,6511.829555,100072,100189,331,73,258,175,83
Zhongshan Gate,Jingjiang Road,6511.829555,100189,100072,273,54,219,135,84
Nanzhu Bridge,Tumour Hospital,6511.135117,100104,100141,45,7,38,28,10
Tumour Hospital,Nanzhu Bridge,6511.135117,100141,100104,43,6,37,26,11
Heping Road,Tiantai Road,6510.717634,100053,100137,874,260,614,293,321
Tiantai Road,Heping Road,6510.717634,100137,100053,722,239,483,290,193
Yueya River,Nanhe Zhuang,6508.641322,100182,100101,61,9,52,34,18
Nanhe Zhuang,Yueya River,6508.641322,100101,100182,57,15,42,26,16
Tianjin Hotel,Dawang Zhuang,6506.138108,100134,100023,319,61,258,191,67
Dawang Zhuang,Tianjin Hotel,6506.138108,100023,100134,276,49,227,131,96
Xinkai River,Guangkaisima Road,6503.680256,100160,100044,92,22,70,45,25
Guangkaisima Road,Xinkai River,6503.680256,100044,100160,81,17,64,41,23
Tianjin Station,Yibin Road,6500.306716,100135,100171,702,203,499,241,258
Yibin Road,Tianjin Station,6500.306716,100171,100135,553,172,381,223,158
Dabi Zhuang,Siyuan Road,6496.381088,100021,100121,35,9,26,20,6
Siyuan Road,Dabi Zhuang,6496.381088,100121,100021,31,9,22,14,8
Tian Tower,Liuwei Road,6495.19153,100133,100090,91,24,67,28,39
Liuwei Road,Tian Tower,6495.19153,100090,100133,76,20,56,28,28
Erwei Road,Zhou and Deng Memorial Museum,6494.425582,100036,100191,175,42,133,82,51
Zhou and Deng Memorial Museum,Erwei Road,6494.425582,100191,100036,146,23,123,82,41
Longhan Road,Hangshuang Road,6494.103881,100092,100051,77,8,69,65,4
Hangshuang Road,Longhan Road,6494.103881,100051,100092,73,8,65,47,18
Huashan Li,Dongjiang Road,6492.960715,100060,100028,2,0,2,2,0
Tianshili,Tiantai Road,6491.546456,100136,100137,59,14,45,37,8
Tiantai Road,Tianshili,6491.546456,100137,100136,56,9,47,37,10
Jianshan Road,Lijiang Road,6488.472665,100066,100085,9,3,6,5,1
Lijiang Road,Jianshan Road,6488.472665,100085,100066,8,3,5,5,0
University town,Anshan West Road,6487.17971,100143,100003,1524,375,1149,832,317
Anshan West Road,University town,6487.17971,100003,100143,1401,387,1014,583,431
Xuzhuangzi,Shunchi Bridge,6485.889011,100168,100120,24,4,20,14,6
Shunchi Bridge,Xuzhuangzi,6485.889011,100120,100168,18,1,17,12,5
West Station,Yuanyang International Centre,6484.525725,100149,100179,917,288,629,179,450
Yuanyang International Centre,West Station,6484.525725,100179,100149,605,228,377,164,213
Nanlou,Zuojiang Road,6483.536154,100102,100192,18,6,12,7,5
Zuojiang Road,Nanlou,6483.536154,100192,100102,6,1,5,4,1
Second hospital of the Medical University,Yingfeng Road,6482.537294,100115,100173,412,71,341,213,128
Yingfeng Road,Second hospital of the Medical University,6482.537294,100173,100115,411,88,323,227,96
Nanhe Zhuang,Minquan Gate,6482.48805,100101,100099,106,36,70,36,34
Minquan Gate,Nanhe Zhuang,6482.48805,100099,100101,95,32,63,33,30
Tiantai Road,Anshan West Road,6480.804,100137,100003,1191,204,987,777,210
Anshan West Road,Tiantai Road,6480.804,100003,100137,1022,164,858,541,317
Xingfu Park,Jin Street,6477.588559,100159,100070,495,106,389,274,115
Jin Street,Xingfu Park,6477.588559,100070,100159,457,92,365,224,141
Yingfeng Road,Yaohuan Road,6477.050154,100173,100170,28,5,23,13,10
Yaohuan Road,Yingfeng Road,6477.050154,100170,100173,20,1,19,11,8
Haiguang Temple,Chenglin Road,6474.715066,100048,100014,958,153,805,534,271
Chenglin Road,Haiguang Temple,6474.715066,100014,100048,911,146,765,593,172
Jinmao Industrial Area,Fuxing Gate,6473.177073,100074,100041,20,0,20,12,8
Fuxing Gate,Jinmao Industrial Area,6473.177073,100041,100074,14,0,14,10,4
Jianguo Road,Taichang Road,6471.921376,100064,100128,258,55,203,129,74
Taichang Road,Jianguo Road,6471.921376,100128,100064,210,65,145,89,56
Huanyu Road,Dongli Sanjing Road,6469.300825,100059,100032,38,6,32,22,10
Dongli Sanjing Road,Huanyu Road,6469.300825,100032,100059,23,2,21,12,9
Changhong Park,Xiaobailou,6468.293837,100012,100154,737,179,558,363,195
Xiaobailou,Changhong Park,6468.293837,100154,100012,668,162,506,299,207
Heping Road,Yibin Road,6468.282,100053,100171,579,189,390,177,213
Yibin Road,Heping Road,6468.282,100171,100053,386,110,276,180,96
Dongxing Road,Southeast Corner,6464.333589,100035,100123,293,86,207,126,81
Southeast Corner,Dongxing Road,6464.333589,100123,100035,256,67,189,98,91
Shaliu South Road,Dongjiang Road,6464.076508,100116,100028,17,4,13,10,3
Dongjiang Road,Shaliu South Road,6464.076508,100028,100116,14,3,11,8,3
Zhangxing Zhuang,Beichen Road,6463.997863,100185,100005,129,27,102,58,44
Beichen Road,Zhangxing Zhuang,6463.997863,100005,100185,127,32,95,61,34
Meijiang Exhibition Centre,Nancuiping,6462.915918,100095,100100,150,67,83,54,29
Nancuiping,Meijiang Exhibition Centre,6462.915918,100100,100095,147,48,99,63,36
Nancuiping,Changhong Park,6462.56771,100100,100012,380,98,282,196,86
Changhong Park,Nancuiping,6462.56771,100012,100100,351,79,272,147,125
University town,Water Park Road East,6461.842588,100143,100147,868,415,453,280,173
Water Park Road East,University town,6461.842588,100147,100143,864,385,479,186,293
Jieyuan West Road,Yizhongxin Hospital,6461.497716,100069,100177,474,65,409,339,70
Yizhongxin Hospital,Jieyuan West Road,6461.497716,100177,100069,446,62,384,262,122
Tian Tower,Yuanyang International Centre,6461.319834,100133,100179,424,138,286,150,136
Yuanyang International Centre,Tian Tower,6461.319834,100179,100133,411,131,280,138,142
Tianjin Station,Xianyang Road,6461.007266,100135,100153,2307,641,1666,779,887
Xianyang Road,Tianjin Station,6461.007266,100153,100135,1997,591,1406,891,515
Liaohe North Road,North China Group,6460.487715,100084,100107,74,13,61,38,23
North China Group,Liaohe North Road,6460.487715,100107,100084,69,22,47,33,14
Zhou and Deng Memorial Museum,Lingbin Road,6459.07516,100191,100087,39,10,29,17,12
Lingbin Road,Zhou and Deng Memorial Museum,6459.07516,100087,100191,38,10,28,10,18
Huashan Li,Youyi South Road,6458.66409,100060,100178,22,4,18,10,8
Youyi South Road,Huashan Li,6458.66409,100178,100060,18,4,14,10,4
Yingfeng Road,Jianshan Road,6457.64089,100173,100066,449,140,309,231,78
Jianshan Road,Yingfeng Road,6457.64089,100066,100173,369,106,263,165,98
National Exhibition Centre,Lilou,6457.606276,100105,100086,37,8,29,24,5
Lilou,National Exhibition Centre,6457.606276,100086,100105,32,5,27,25,2
Xianyang Road,Qinjian Road,6455.854458,100153,100113,359,75,284,223,61
Qinjian Road,Xianyang Road,6455.854458,100113,100153,331,53,278,166,112
Tumour Hospital,Jintang Road,6455.525218,100141,100077,967,163,804,402,402
Jintang Road,Tumour Hospital,6455.525218,100077,100141,911,144,767,473,294
Jingjiang Road,Xikang Road,6454.293981,100072,100158,866,110,756,565,191
Xikang Road,Jingjiang Road,6454.293981,100158,100072,679,108,571,402,169
Guangkaisima Road,Liuwei Road,6454.041008,100044,100090,126,37,89,46,43
Liuwei Road,Guangkaisima Road,6454.041008,100090,100044,124,25,99,58,41
Liulin Road,Dengzhou South Road,6453.789482,100089,100025,65,23,42,21,21
Dengzhou South Road,Liulin Road,6453.789482,100025,100089,61,27,34,20,14
Foreign Languages High School,Xianyang Road,6453.647083,100040,100153,81,8,73,52,21
Xianyang Road,Foreign Languages High School,6453.647083,100153,100040,76,9,67,59,8
Hongqi South Road,Xuefu Industrial Area,6453.290499,100057,100163,968,54,914,804,110
Xuefu Industrial Area,Hongqi South Road,6453.290499,100163,100057,897,60,837,651,186
Jin Street,Zhou and Deng Memorial Museum,6450.81283,100070,100191,70,37,33,9,24
Zhou and Deng Memorial Museum,Jin Street,6450.81283,100191,100070,47,22,25,8,17
Chentang Zhuang,Tianjin Hotel,6450.768053,100015,100134,183,12,171,130,41
Tianjin Hotel,Chentang Zhuang,6450.768053,100134,100015,179,21,158,108,50
Leyuan Road,Chenglin Road,6450.641104,100083,100014,103,32,71,38,33
Chenglin Road,Leyuan Road,6450.641104,100014,100083,72,15,57,40,17
Nanlou,Tian Tower,6449.07856,100102,100133,406,87,319,181,138
Tian Tower,Nanlou,6449.07856,100133,100102,353,107,246,138,108
Tianshili,Xingfu Park,6448.834679,100136,100159,109,26,83,56,27
Xingfu Park,Tianshili,6448.834679,100159,100136,90,21,69,38,31
Anshan West Road,Jin Street,6447.780545,100003,100070,88,15,73,43,30
Jin Street,Anshan West Road,6447.780545,100070,100003,80,26,54,22,32
Southwest corner,Chenglin Road,6445.206645,100124,100014,340,97,243,140,103
Chenglin Road,Southwest corner,6445.206645,100014,100124,338,92,246,168,78
Tianjin Station,Zhou and Deng Memorial Museum,6444.324782,100135,100191,1649,619,1030,444,586
Zhou and Deng Memorial Museum,Tianjin Station,6444.324782,100191,100135,1610,560,1050,568,482
Hujiayuan,Taida,6443.298369,100062,100129,331,50,281,243,38
Taida,Hujiayuan,6443.298369,100129,100062,321,58,263,197,66
Zhongshan Road,Xiaobailou,6438.737066,100190,100154,1344,311,1033,736,297
Xiaobailou,Zhongshan Road,6438.737066,100154,100190,1245,294,951,604,347
Nanlou,Water Park Road East,6438.068827,100102,100147,62,27,35,24,11
Water Park Road East,Nanlou,6438.068827,100147,100102,41,12,29,21,8
Tiantai Road,Yixingbu North,6435.357084,100137,100176,36,8,28,16,12
Yixingbu North,Tiantai Road,6435.357084,100176,100137,30,9,21,12,9
Nanzhu Bridge,Xuelian South Road,6432.479537,100104,100164,33,6,27,22,5
Xuelian South Road,Nanzhu Bridge,6432.479537,100164,100104,26,4,22,18,4
Haihe East Road,Chentang Zhuang,6429.74097,100049,100015,1,1,0,0,0
Sports Centre,Huayuan,6429.584486,100126,100061,70,26,44,21,23
Huayuan,Sports Centre,6429.584486,100061,100126,45,6,39,20,19
Xinkai River,Erwei Road,6429.121371,100160,100036,127,32,95,65,30
Erwei Road,Xinkai River,6429.121371,100036,100160,103,26,77,50,27
Heping Road,Xianyang Road,6428.532083,100053,100153,1433,397,1036,595,441
Xianyang Road,Heping Road,6428.532083,100153,100053,1243,258,985,740,245
Meijiang Exhibition Centre,Lingbin Road,6427.870355,100095,100087,49,18,31,16,15
Lingbin Road,Meijiang Exhibition Centre,6427.870355,100087,100095,38,12,26,17,9
Haiguang Temple,Shiyijing Road,6419.003131,100048,100117,155,20,135,77,58
Shiyijing Road,Haiguang Temple,6419.003131,100117,100048,153,25,128,79,49
Liaohe North Road,Minquan Gate,6417.411625,100084,100099,53,10,43,28,15
Minquan Gate,Liaohe North Road,6417.411625,100099,100084,49,10,39,16,23
Xiaodian,Zhangxing Zhuang,6415.946708,100155,100185,163,29,134,101,33
Zhangxing Zhuang,Xiaodian,6415.946708,100185,100155,144,25,119,85,34
Nanlou,Southwest corner,6414.558919,100102,100124,1141,245,896,545,351
Southwest corner,Nanlou,6414.558919,100124,100102,1093,245,848,499,349
Zhongshan Gate,Xinli,6407.940662,100189,100161,1078,249,829,567,262
Xinli,Zhongshan Gate,6407.940662,100161,100189,988,202,786,521,265
Qinjian Road,Southeast Corner,6407.157276,100113,100123,633,185,448,318,130
Southeast Corner,Qinjian Road,6407.157276,100123,100113,579,156,423,245,178
Yingkou Road,Second hospital of the Medical University,6406.992357,100174,100115,404,115,289,159,130
Second hospital of the Medical University,Yingkou Road,6406.992357,100115,100174,390,123,267,170,97
Tiantai Road,Siyuan Road,6405.887883,100137,100121,15,4,11,6,5
Siyuan Road,Tiantai Road,6405.887883,100121,100137,15,1,14,7,7
Tiedong Road,Northwest Corner,6405.623865,100139,100109,410,95,315,205,110
Northwest Corner,Tiedong Road,6405.623865,100109,100139,386,86,300,150,150
Chinese Medicine First Affiliated Hospital,Jianshan Road,6405.472391,100016,100066,202,52,150,96,54
Jianshan Road,Chinese Medicine First Affiliated Hospital,6405.472391,100066,100016,202,42,160,90,70
Jinmao Industrial Area,Dengzhou Road,6404.173069,100074,100024,39,5,34,32,2
Dengzhou Road,Jinmao Industrial Area,6404.173069,100024,100074,20,4,16,14,2
Cuifu New Village,Jin Street,6402.141336,100019,100070,194,45,149,108,41
Jin Street,Cuifu New Village,6402.141336,100070,100019,169,49,120,66,54
Huaihe Road,North Station,6396.352011,100058,100108,269,62,207,138,69
North Station,Huaihe Road,6396.352011,100108,100058,235,53,182,118,64
Cao Zhuang,Yibin Road,6395.801696,100011,100171,555,117,438,272,166
Yibin Road,Cao Zhuang,6395.801696,100171,100011,511,121,390,270,120
Jinghe Road,Meijiang Exhibition Centre,6392.40562,100071,100095,98,35,63,40,23
Meijiang Exhibition Centre,Jinghe Road,6392.40562,100095,100071,86,34,52,22,30
Xuzhou Road,Dongxing Road,6390.826568,100167,100035,4,1,3,0,3
Dongxing Road,Xuzhou Road,6390.826568,100035,100167,1,0,1,1,0
Jintang Road,Haiguang Temple,6390.137936,100077,100048,561,113,448,318,130
Haiguang Temple,Jintang Road,6390.137936,100048,100077,557,99,458,267,191
Guangkaisima Road,Shiyijing Road,6388.817155,100044,100117,410,53,357,265,92
Shiyijing Road,Guangkaisima Road,6388.817155,100117,100044,367,53,314,185,129
Xinkai River,JinZhong Street,6388.419603,100160,100080,385,98,287,181,106
JinZhong Street,Xinkai River,6388.419603,100080,100160,355,104,251,164,87
Jintang Road,Wanshan Road,6388.034137,100077,100146,13,3,10,4,6
Wanshan Road,Jintang Road,6388.034137,100146,100077,10,3,7,2,5
Tiedong Road,Xingfu Park,6388.021233,100139,100159,150,32,118,38,80
Xingfu Park,Tiedong Road,6388.021233,100159,100139,146,25,121,85,36
Jinghe Road,Jinnan Campus of Nankai University,6385.028831,100071,100075,203,64,139,35,104
Jinnan Campus of Nankai University,Jinghe Road,6385.028831,100075,100071,195,58,137,88,49
Xiangshan Road,Xuelian South Road,6382.464533,100151,100164,28,5,23,14,9
Xuelian South Road,Xiangshan Road,6382.464533,100164,100151,25,6,19,11,8
Tumour Hospital,Tucheng,6379.371437,100141,100140,458,63,395,188,207
Tucheng,Tumour Hospital,6379.371437,100140,100141,430,63,367,213,154
Xingfu Park,Yixingbu North,6373.385645,100159,100176,554,117,437,265,172
Yixingbu North,Xingfu Park,6373.385645,100176,100159,526,111,415,271,144
Shunchi Bridge,Northwest Corner,6372.636148,100120,100109,504,119,385,247,138
Northwest Corner,Shunchi Bridge,6372.636148,100109,100120,422,111,311,185,126
Xiawafang,Northwest Corner,6370.616213,100157,100109,2277,540,1737,1065,672
Northwest Corner,Xiawafang,6370.616213,100109,100157,2148,514,1634,946,688
Tiantai Road,Anshan Road,6369.401713,100137,100002,772,147,625,466,159
Anshan Road,Tiantai Road,6369.401713,100002,100137,669,144,525,303,222
Jintang Road,Fangshan Road,6368.329311,100077,100038,42,6,36,18,18
Fangshan Road,Jintang Road,6368.329311,100038,100077,35,4,31,25,6
Chenglin Road,Beining Park,6366.081053,100014,100006,192,44,148,106,42
Beining Park,Chenglin Road,6366.081053,100006,100014,171,31,140,81,59
Zhigu,Shaliu South Road,6363.339028,100188,100116,238,20,218,151,67
Shaliu South Road,Zhigu,6363.339028,100116,100188,182,16,166,148,18
Leyuan Road,Dawang Zhuang,6363.149197,100083,100023,26,16,10,2,8
Dawang Zhuang,Leyuan Road,6363.149197,100023,100083,21,8,13,10,3
Yueya River,Liaohe North Road,6362.443534,100182,100084,341,59,282,197,85
Liaohe North Road,Yueya River,6362.443534,100084,100182,284,54,230,153,77
Southwest Tower,Yizhongxin Hospital,6360.591936,100125,100177,239,26,213,149,64
Yizhongxin Hospital,Southwest Tower,6360.591936,100177,100125,230,29,201,149,52
Laoshan Road,Hangshuang Road,6355.10477,100082,100051,77,11,66,55,11
Hangshuang Road,Laoshan Road,6355.10477,100051,100082,66,14,52,42,10
Jingjiang Road,Anshan Road,6339.525643,100072,100002,938,172,766,514,252
Anshan Road,Jingjiang Road,6339.525643,100002,100072,909,165,744,439,305
Yizhongxin Hospital,Yingkou Road,6338.898795,100177,100174,1165,384,781,453,328
Yingkou Road,Yizhongxin Hospital,6338.898795,100174,100177,1087,368,719,356,363
North Station,Qinjian Road,6338.137154,100108,100113,347,138,209,111,98
Qinjian Road,North Station,6338.137154,100113,100108,285,33,252,126,126
Yixingbu,Xuzhuangzi,6336.67364,100175,100168,40,6,34,26,8
Xuzhuangzi,Yixingbu,6336.67364,100168,100175,38,5,33,21,12
Changhong Park,Zhou and Deng Memorial Museum,6336.386314,100012,100191,109,44,65,42,23
Zhou and Deng Memorial Museum,Changhong Park,6336.386314,100191,100012,91,36,55,31,24
Yibin Road,Qinjian Road,6335.845668,100171,100113,260,33,227,163,64
Qinjian Road,Yibin Road,6335.845668,100113,100171,259,39,220,155,65
Honghu Li,Anshan West Road,6334.707218,100055,100003,673,109,564,432,132
Anshan West Road,Honghu Li,6334.707218,100003,100055,612,89,523,352,171
Foreign Languages High School,Southeast Corner,6333.948384,100040,100123,50,6,44,41,3
Southeast Corner,Foreign Languages High School,6333.948384,100123,100040,32,4,28,20,8
Cultural centre,Yutai,6333.860357,100020,100183,192,61,131,70,61
Yutai,Cultural centre,6333.860357,100183,100020,165,59,106,65,41
Shunchi Bridge,Shaliu South Road,6329.242412,100120,100116,52,7,45,24,21
Shaliu South Road,Shunchi Bridge,6329.242412,100116,100120,50,13,37,24,13
Bianxing,Erwei Road,6329.136236,100009,100036,461,71,390,309,81
Erwei Road,Bianxing,6329.136236,100036,100009,440,50,390,270,120
Huanyu Road,Youyi South Road,6328.88917,100059,100178,45,12,33,23,10
Youyi South Road,Huanyu Road,6328.88917,100178,100059,36,6,30,20,10
Tiedong Road,Southeast Corner,6327.81217,100139,100123,682,161,521,342,179
Southeast Corner,Tiedong Road,6327.81217,100123,100139,632,165,467,269,198
Honghu Li,Jianguo Road,6325.854816,100055,100064,369,125,244,165,79
Jianguo Road,Honghu Li,6325.854816,100064,100055,315,84,231,161,70
Foreign Languages High School,Xingfu Park,6322.181956,100040,100159,96,7,89,69,20
Xingfu Park,Foreign Languages High School,6322.181956,100159,100040,85,10,75,59,16
Changling Road,Xiawafang,6321.879278,100013,100157,2063,358,1705,1212,493
Xiawafang,Changling Road,6321.879278,100157,100013,1947,365,1582,969,613
Yibin Road,Tian Tower,6321.656296,100171,100133,421,117,304,196,108
Tian Tower,Yibin Road,6321.656296,100133,100171,418,139,279,142,137
Zhicheng Road,JinZhong Street,6319.009283,100187,100080,86,24,62,32,30
JinZhong Street,Zhicheng Road,6319.009283,100080,100187,73,16,57,38,19
Shiyijing Road,Erwei Road,6318.045159,100117,100036,67,19,48,27,21
Erwei Road,Shiyijing Road,6318.045159,100036,100117,62,13,49,28,21
Haihe East Road,Wandong Road,6316.964897,100049,100144,1,0,1,1,0
North Station,Anshan Road,6315.983235,100108,100002,520,145,375,228,147
Anshan Road,North Station,6315.983235,100002,100108,482,118,364,183,181
Haihe East Road,Dongli Yijing Road,6310.841017,100049,100033,16,0,16,11,5
Dongli Yijing Road,Haihe East Road,6310.841017,100033,100049,15,0,15,13,2
Zhongshan Road,Zhigu,6307.895886,100190,100188,340,49,291,181,110
Zhigu,Zhongshan Road,6307.895886,100188,100190,334,45,289,179,110
Leyuan Road,Chentang Zhuang,6307.779142,100083,100015,25,13,12,4,8
Chentang Zhuang,Leyuan Road,6307.779142,100015,100083,13,8,5,5,0
Xiawafang,Meijiang Park,6305.823988,100157,100096,202,44,158,90,68
Meijiang Park,Xiawafang,6305.823988,100096,100157,181,41,140,96,44
Bianxing,Gulou,6305.130527,100009,100045,1663,515,1148,681,467
Gulou,Bianxing,6305.130527,100045,100009,1628,489,1139,486,653
JinZhong River Street,Yudongcheng,6301.92001,100079,100180,273,85,188,128,60
Yudongcheng,JinZhong River Street,6301.92001,100180,100079,269,47,222,147,75
Yaohuan Road,Jianshan Road,6301.021886,100170,100066,47,10,37,23,14
Jianshan Road,Yaohuan Road,6301.021886,100066,100170,38,9,29,22,7
Nanzhu Bridge,Sports Centre,6300.226955,100104,100126,51,18,33,19,14
Sports Centre,Nanzhu Bridge,6300.226955,100126,100104,39,15,24,12,12
Shiyijing Road,Xingfu Park,6300.061239,100117,100159,208,31,177,109,68
Xingfu Park,Shiyijing Road,6300.061239,100159,100117,207,35,172,115,57
Number Two Bridge,Jintang Road,6300.057731,100110,100077,51,5,46,36,10
Jintang Road,Number Two Bridge,6300.057731,100077,100110,51,9,42,27,15
Haiguang Temple,Jieyuan West Road,6297.948339,100048,100069,979,200,779,519,260
Jieyuan West Road,Haiguang Temple,6297.948339,100069,100048,956,176,780,609,171
Second hospital of the Medical University,Shiyijing Road,6297.541957,100115,100117,140,23,117,93,24
Shiyijing Road,Second hospital of the Medical University,6297.541957,100117,100115,98,16,82,62,20
Jianchang Road,North China Group,6295.525918,100063,100107,158,33,125,91,34
North China Group,Jianchang Road,6295.525918,100107,100063,134,42,92,55,37
Jin Street,Tiantai Road,6294.414277,100070,100137,93,26,67,26,41
Tiantai Road,Jin Street,6294.414277,100137,100070,70,16,54,46,8
Sports Centre,Anshan West Road,6294.00394,100126,100003,89,23,66,26,40
Anshan West Road,Sports Centre,6294.00394,100003,100126,73,26,47,33,14
Tiedong Road,Xuzhuangzi,6291.323416,100139,100168,70,6,64,51,13
Xuzhuangzi,Tiedong Road,6291.323416,100168,100139,63,8,55,48,7
Xinli,Xiaodong Zhuang,6287.362067,100161,100156,1187,284,903,558,345
Xiaodong Zhuang,Xinli,6287.362067,100156,100161,1154,262,892,608,284
West Station,Xiaobailou,6286.778732,100149,100154,3123,1013,2110,712,1398
Xiaobailou,West Station,6286.778732,100154,100149,2692,1050,1642,804,838
Zhicheng Road,Shunchi Bridge,6286.257438,100187,100120,68,16,52,37,15
Shunchi Bridge,Zhicheng Road,6286.257438,100120,100187,62,17,45,21,24
Huanyu Road,Yuejin North Road,6283.623711,100059,100181,4,2,2,1,1
Yuejin North Road,Huanyu Road,6283.623711,100181,100059,4,1,3,1,2
Beining Park,Dabi Zhuang,6283.445634,100006,100021,575,60,515,325,190
Dabi Zhuang,Beining Park,6283.445634,100021,100006,558,74,484,324,160
Shunchi Bridge,Haiguang Temple,6283.089561,100120,100048,713,115,598,464,134
Haiguang Temple,Shunchi Bridge,6283.089561,100048,100120,571,96,475,310,165
Tianjin Hotel,Liqi Zhuang South,6281.243674,100134,100088,81,18,63,35,28
Liqi Zhuang South,Tianjin Hotel,6281.243674,100088,100134,81,21,60,42,18
Northwest Corner,Jiayuan Li,6281.115065,100109,100067,4336,1116,3220,1637,1583
Jiayuan Li,Northwest Corner,6281.115065,100067,100109,4225,1013,3212,2012,1200
Jingjiang Road,Southwest corner,6280.353672,100072,100124,1327,299,1028,711,317
Southwest corner,Jingjiang Road,6280.353672,100124,100072,1184,281,903,535,368
Shuanglin,Tucheng,6279.123168,100119,100140,1711,248,1463,1094,369
Tucheng,Shuanglin,6279.123168,100140,100119,1615,249,1366,904,462
Xikang Road,North Station,6276.830818,100158,100108,962,180,782,534,248
North Station,Xikang Road,6276.830818,100108,100158,951,194,757,479,278
Meilin Road,Cultural centre,6270.477879,100098,100020,874,174,700,590,110
Cultural centre,Meilin Road,6270.477879,100020,100098,757,155,602,416,186
Erwei Road,Southwest Tower,6269.923941,100036,100125,437,91,346,223,123
Southwest Tower,Erwei Road,6269.923941,100125,100036,424,98,326,208,118
Dengzhou South Road,Dengzhou Road,6260.428875,100025,100024,54,12,42,27,15
Dengzhou Road,Dengzhou South Road,6260.428875,100024,100025,42,8,34,22,12
Jianchang Road,Yuanyang International Centre,6258.720551,100063,100179,291,88,203,144,59
Yuanyang International Centre,Jianchang Road,6258.720551,100179,100063,235,65,170,107,63
Yibin Road,Yingkou Road,6257.995733,100171,100174,679,245,434,240,194
Yingkou Road,Yibin Road,6257.995733,100174,100171,656,239,417,207,210
Tianjin Station,Zhongshan Gate,6257.921782,100135,100189,3201,1017,2184,1034,1150
Zhongshan Gate,Tianjin Station,6257.921782,100189,100135,2808,846,1962,1159,803
Weishan Road,Tucheng,6257.901471,100148,100140,50,9,41,28,13
Tucheng,Weishan Road,6257.901471,100140,100148,14,2,12,8,4
Tiantai Road,Yuanyang International Centre,6257.542986,100137,100179,176,47,129,96,33
Yuanyang International Centre,Tiantai Road,6257.542986,100179,100137,168,41,127,74,53
Cuifu New Village,Shiyijing Road,6253.938035,100019,100117,178,18,160,126,34
Shiyijing Road,Cuifu New Village,6253.938035,100117,100019,158,20,138,78,60
Tian Tower,Jianguo Road,6253.027362,100133,100064,255,77,178,93,85
Jianguo Road,Tian Tower,6253.027362,100064,100133,216,70,146,79,67
Jinshi Bridge,Xiawafang,6249.078006,100076,100157,617,120,497,350,147
Xiawafang,Jinshi Bridge,6249.078006,100157,100076,574,111,463,280,183
Jintang Road,Jin Street,6248.803202,100077,100070,249,41,208,148,60
Jin Street,Jintang Road,6248.803202,100070,100077,230,42,188,118,70
Tian Tower,University town,6247.944089,100133,100143,6143,2548,3595,1269,2326
University town,Tian Tower,6247.944089,100143,100133,5262,2033,3229,1674,1555
Wujiayao,Guangkaisima Road,6247.806313,100150,100044,237,31,206,146,60
Guangkaisima Road,Wujiayao,6247.806313,100044,100150,205,24,181,145,36
Southwest Tower,Jin Street,6246.880666,100125,100070,228,40,188,131,57
Jin Street,Southwest Tower,6246.880666,100070,100125,208,40,168,104,64
Shuanglin,Zhaoyuan Road,6243.281041,100119,100186,12,4,8,5,3
Zhaoyuan Road,Shuanglin,6243.281041,100186,100119,9,1,8,3,5
Southwest Tower,Hongqi South Road,6243.262616,100125,100057,293,55,238,167,71
Hongqi South Road,Southwest Tower,6243.262616,100057,100125,274,46,228,171,57
Tianjin Hotel,Zhou and Deng Memorial Museum,6242.052014,100134,100191,55,15,40,21,19
Zhou and Deng Memorial Museum,Tianjin Hotel,6242.052014,100191,100134,48,16,32,23,9
Fuxing Road,Tianjin Station,6242.001846,100042,100135,298,99,199,112,87
Tianjin Station,Fuxing Road,6242.001846,100135,100042,274,102,172,70,102
Nanlou,Xuzhou Road,6241.32305,100102,100167,2,0,2,0,2
Jintang Road,Southeast Corner,6235.442991,100077,100123,221,94,127,74,53
Southeast Corner,Jintang Road,6235.442991,100123,100077,212,81,131,62,69
Shunchi Bridge,Guangkaisima Road,6234.285594,100120,100044,674,124,550,369,181
Guangkaisima Road,Shunchi Bridge,6234.285594,100044,100120,607,114,493,351,142
Dengzhou South Road,Xuelian South Road,6232.944104,100025,100164,9,1,8,4,4
Xuelian South Road,Dengzhou South Road,6232.944104,100164,100025,4,0,4,4,0
Xianyang Road,Hongqi South Road,6222.620647,100153,100057,432,78,354,228,126
Hongqi South Road,Xianyang Road,6222.620647,100057,100153,385,69,316,227,89
Tiantuo,Leyuan Road,6219.40397,100138,100083,605,180,425,259,166
Leyuan Road,Tiantuo,6219.40397,100083,100138,600,183,417,255,162
Southwest Tower,Wujiayao,6218.632322,100125,100150,26,7,19,8,11
Wujiayao,Southwest Tower,6218.632322,100150,100125,24,4,20,14,6
Xianyang Road,Yingkou Road,6218.411561,100153,100174,2342,661,1681,1150,531
Yingkou Road,Xianyang Road,6218.411561,100174,100153,2160,592,1568,903,665
Jinshi Bridge,Dongxing Road,6218.372733,100076,100035,333,48,285,223,62
Dongxing Road,Jinshi Bridge,6218.372733,100035,100076,270,30,240,169,71
Changhong Park,Yuanyang International Centre,6217.843429,100012,100179,725,174,551,345,206
Yuanyang International Centre,Changhong Park,6217.843429,100179,100012,676,165,511,282,229
Beining Park,Northwest Corner,6214.825471,100006,100109,457,117,340,212,128
Northwest Corner,Beining Park,6214.825471,100109,100006,438,113,325,156,169
Heping Road,Fuxing Road,6208.421615,100053,100042,198,72,126,60,66
Fuxing Road,Heping Road,6208.421615,100042,100053,170,56,114,68,46
Chentang Zhuang,Chunhai Road,6207.333677,100015,100017,22,6,16,4,12
Chunhai Road,Chentang Zhuang,6207.333677,100017,100015,12,11,1,1,0
Meijiang Road,Changling Road,6206.632669,100097,100013,90,8,82,57,25
Changling Road,Meijiang Road,6206.632669,100013,100097,83,6,77,57,20
Chinese Medicine First Affiliated Hospital,Chunhai Road,6205.192473,100016,100017,144,29,115,87,28
Chunhai Road,Chinese Medicine First Affiliated Hospital,6205.192473,100017,100016,137,24,113,78,35
Tianjin Station,JinZhong River Street,6205.129546,100135,100079,801,270,531,221,310
JinZhong River Street,Tianjin Station,6205.129546,100079,100135,635,189,446,263,183
Meijiang Road,Shuanggang,6203.01802,100097,100118,216,33,183,126,57
Shuanggang,Meijiang Road,6203.01802,100118,100097,209,40,169,118,51
Liuwei Road,Zhongshan Road,6202.467888,100090,100190,33,7,26,16,10
Zhongshan Road,Liuwei Road,6202.467888,100190,100090,24,5,19,11,8
Tianjin Station,People's Hospital,6201.728131,100135,100111,520,138,382,201,181
People's Hospital,Tianjin Station,6201.728131,100111,100135,416,100,316,131,185
Jingjiang Road,Fangshan Road,6201.605943,100072,100038,104,8,96,70,26
Fangshan Road,Jingjiang Road,6201.605943,100038,100072,83,8,75,56,19
West Station,Bianxing,6201.13326,100149,100009,238,91,147,43,104
Bianxing,West Station,6201.13326,100009,100149,216,58,158,100,58
Yueya River,Jianguo Road,6197.757838,100182,100064,671,137,534,407,127
Jianguo Road,Yueya River,6197.757838,100064,100182,570,108,462,310,152
Yuanyang International Centre,Laoshan Road,6195.634229,100179,100082,349,108,241,140,101
Laoshan Road,Yuanyang International Centre,6195.634229,100082,100179,293,88,205,158,47
Heping Road,Hongqi South Road,6194.057396,100053,100057,4435,1316,3119,1461,1658
Hongqi South Road,Heping Road,6194.057396,100057,100053,3162,859,2303,1539,764
Jianguo Road,Minquan Gate,6192.454471,100064,100099,94,17,77,55,22
Minquan Gate,Jianguo Road,6192.454471,100099,100064,69,7,62,48,14
Foreign Languages High School,Yibin Road,6192.00815,100040,100171,157,14,143,112,31
Yibin Road,Foreign Languages High School,6192.00815,100171,100040,129,16,113,91,22
Southeast Corner,Beining Park,6189.021405,100123,100006,116,43,73,36,37
Beining Park,Southeast Corner,6189.021405,100006,100123,103,31,72,50,22
Nanzhu Bridge,Yutai,6187.8228,100104,100183,235,59,176,109,67
Yutai,Nanzhu Bridge,6187.8228,100183,100104,215,48,167,126,41
Jianchang Road,Tiantai Road,6187.073815,100063,100137,69,23,46,25,21
Tiantai Road,Jianchang Road,6187.073815,100137,100063,59,17,42,23,19
Gulou,Xiawafang,6185.874414,100045,100157,693,265,428,187,241
Xiawafang,Gulou,6185.874414,100157,100045,665,241,424,209,215
Cao Zhuang,Guangkaisima Road,6185.593832,100011,100044,2308,488,1820,1323,497
Guangkaisima Road,Cao Zhuang,6185.593832,100044,100011,2277,507,1770,1121,649
Jingjiang Road,North Station,6183.432117,100072,100108,170,42,128,92,36
North Station,Jingjiang Road,6183.432117,100108,100072,160,45,115,66,49
Xuzhou Road,North Station,6181.671046,100167,100108,27,7,20,15,5
North Station,Xuzhou Road,6181.671046,100108,100167,20,5,15,12,3
Jianshan Road,Yingkou Road,6181.27503,100066,100174,135,65,70,47,23
Yingkou Road,Jianshan Road,6181.27503,100174,100066,74,33,41,12,29
Zuojiang Road,Shuanggang,6176.436007,100192,100118,346,73,273,161,112
Shuanggang,Zuojiang Road,6176.436007,100118,100192,305,76,229,117,112
Fuxing Road,Jinshi Bridge,6175.39701,100042,100076,88,24,64,47,17
Jinshi Bridge,Fuxing Road,6175.39701,100076,100042,87,21,66,51,15
JinZhong Street,North Station,6174.524781,100080,100108,723,128,595,349,246
North Station,JinZhong Street,6174.524781,100108,100080,689,133,556,215,341
Heping Road,People's Hospital,6169.703414,100053,100111,397,106,291,132,159
People's Hospital,Heping Road,6169.703414,100111,100053,342,97,245,129,116
Zhongshan Gate,Cultural centre,6168.082402,100189,100020,380,116,264,171,93
Cultural centre,Zhongshan Gate,6168.082402,100020,100189,329,93,236,130,106
Shunchi Bridge,Erwei Road,6167.677693,100120,100036,208,33,175,133,42
Erwei Road,Shunchi Bridge,6167.677693,100036,100120,181,33,148,90,58
West Station,Ruijing XinYuan,6166.504367,100149,100114,2541,885,1656,541,1115
Ruijing XinYuan,West Station,6166.504367,100114,100149,2206,719,1487,774,713
Xingfu Park,Xiangshan Road,6165.464071,100159,100151,48,9,39,26,13
Xiangshan Road,Xingfu Park,6165.464071,100151,100159,45,13,32,13,19
Xueyuan North Road,Wanshan Road,6164.826146,100165,100146,7,1,6,6,0
Wanshan Road,Xueyuan North Road,6164.826146,100146,100165,6,2,4,4,0
Jinwan Square,Yueya River,6159.107744,100078,100182,321,70,251,132,119
Yueya River,Jinwan Square,6159.107744,100182,100078,304,70,234,175,59
Jieyuan West Road,Southeast Corner,6157.598566,100069,100123,1235,298,937,650,287
Southeast Corner,Jieyuan West Road,6157.598566,100123,100069,1167,308,859,462,397
Erwei Road,Zhigu,6155.996604,100036,100188,281,43,238,173,65
Zhigu,Erwei Road,6155.996604,100188,100036,259,53,206,135,71
Xunhai Road,Liulin Road,6155.656304,100166,100089,15,1,14,7,7
Liulin Road,Xunhai Road,6155.656304,100089,100166,11,1,10,6,4
Fangshan Road,Magangchang,6154.429085,100038,100094,78,14,64,47,17
Magangchang,Fangshan Road,6154.429085,100094,100038,76,12,64,33,31
JinZhong River Street,Bei Zhulin,6153.926733,100079,100004,80,24,56,43,13
Bei Zhulin,JinZhong River Street,6153.926733,100004,100079,48,8,40,30,10
Wanshan Road,Liuwei Road,6152.45318,100146,100090,41,10,31,22,9
Liuwei Road,Wanshan Road,6152.45318,100090,100146,32,10,22,15,7
The Financial University,Jiangwan Erzhi Road,6146.990655,100132,100065,322,59,263,174,89
Jiangwan Erzhi Road,The Financial University,6146.990655,100065,100132,319,66,253,157,96
Wujiayao,Northwest Corner,6146.230786,100150,100109,966,197,769,513,256
Northwest Corner,Wujiayao,6146.230786,100109,100150,900,174,726,474,252
Fangshan Road,Cuifu New Village,6146.04875,100038,100019,24,6,18,9,9
Cuifu New Village,Fangshan Road,6146.04875,100019,100038,21,4,17,11,6
West Station,Yizhongxin Hospital,6145.011209,100149,100177,2471,829,1642,499,1143
Yizhongxin Hospital,West Station,6145.011209,100177,100149,1710,531,1179,737,442
Wujiayao,Dawang Zhuang,6144.265115,100150,100023,382,47,335,259,76
Dawang Zhuang,Wujiayao,6144.265115,100023,100150,334,53,281,182,99
Tiantuo,Northwest Corner,6144.139036,100138,100109,456,106,350,213,137
Northwest Corner,Tiantuo,6144.139036,100109,100138,449,102,347,212,135
Lingbin Road,Tiantuo,6143.03692,100087,100138,184,28,156,101,55
Tiantuo,Lingbin Road,6143.03692,100138,100087,163,27,136,78,58
Xinkai River,Gulou,6140.360949,100160,100045,126,58,68,39,29
Gulou,Xinkai River,6140.360949,100045,100160,92,48,44,18,26
Zhigu,Gulou,6138.731188,100188,100045,359,135,224,108,116
Gulou,Zhigu,6138.731188,100045,100188,348,135,213,107,106
Tianjin Station,Bei Zhulin,6138.425571,100135,100004,50,18,32,16,16
Bei Zhulin,Tianjin Station,6138.425571,100004,100135,44,19,25,16,9
Minquan Gate,Yuanyang International Centre,6134.0968,100099,100179,213,64,149,90,59
Yuanyang International Centre,Minquan Gate,6134.0968,100179,100099,177,48,129,71,58
Fangshan Road,Liuwei Road,6132.748354,100038,100090,111,25,86,68,18
Liuwei Road,Fangshan Road,6132.748354,100090,100038,94,25,69,50,19
Nanlou,Southeast Corner,6132.262531,100102,100123,325,105,220,124,96
Southeast Corner,Nanlou,6132.262531,100123,100102,321,116,205,107,98
Gaozhuangzi,Shuanglin,6129.030325,100043,100119,115,26,89,56,33
Shuanglin,Gaozhuangzi,6129.030325,100119,100043,106,29,77,42,35
Tucheng,Jinwan Square,6128.154273,100140,100078,489,86,403,284,119
Jinwan Square,Tucheng,6128.154273,100078,100140,447,111,336,180,156
Yudongcheng,Tianjin Station,6124.384398,100180,100135,4312,1206,3106,1890,1216
Tianjin Station,Yudongcheng,6124.384398,100135,100180,4241,1382,2859,1183,1676
Southwest Tower,Lijiang Road,6122.398434,100125,100085,153,24,129,90,39
Lijiang Road,Southwest Tower,6122.398434,100085,100125,148,24,124,88,36
Wanshan Road,University of Civil Aviation,6122.318375,100146,100142,16,3,13,8,5
University of Civil Aviation,Wanshan Road,6122.318375,100142,100146,13,0,13,7,6
The Financial University,Hongni River East,6120.823491,100132,100056,295,55,240,132,108
Hongni River East,The Financial University,6120.823491,100056,100132,290,64,226,134,92
Cuifu New Village,Beining Park,6120.336674,100019,100006,48,11,37,30,7
Beining Park,Cuifu New Village,6120.336674,100006,100019,41,9,32,19,13
JinZhong River Street,Jintang Road,6119.38323,100079,100077,382,91,291,182,109
Jintang Road,JinZhong River Street,6119.38323,100077,100079,368,86,282,178,104
Yueya River,Liuwei Road,6118.125729,100182,100090,269,63,206,125,81
Liuwei Road,Yueya River,6118.125729,100090,100182,246,81,165,83,82
Southwest Tower,Yingfeng Road,6116.749013,100125,100173,255,31,224,156,68
Yingfeng Road,Southwest Tower,6116.749013,100173,100125,223,33,190,136,54
Tianshili,Jinshi Bridge,6116.119305,100136,100076,411,61,350,274,76
Jinshi Bridge,Tianshili,6116.119305,100076,100136,376,67,309,210,99
West Station,Xikang Road,6110.762863,100149,100158,764,245,519,158,361
Xikang Road,West Station,6110.762863,100158,100149,703,242,461,213,248
Tian Tower,Southwest corner,6110.135369,100133,100124,514,153,361,171,190
Southwest corner,Tian Tower,6110.135369,100124,100133,465,122,343,185,158
Yutai,Tianjin Hotel,6110.127014,100183,100134,108,16,92,76,16
Tianjin Hotel,Yutai,6110.127014,100134,100183,98,9,89,64,25
Binhai International Airport,Dengzhou Road,6105.549865,100010,100024,370,99,271,95,176
Dengzhou Road,Binhai International Airport,6105.549865,100024,100010,327,90,237,100,137
Bei Zhulin,Heping Road,6104.84534,100004,100053,77,19,58,51,7
Heping Road,Bei Zhulin,6104.84534,100053,100004,65,16,49,30,19
Exhibition Centre,Tanggu,6104.826264,100037,100131,4773,1165,3608,2346,1262
Tanggu,Exhibition Centre,6104.826264,100131,100037,4617,1095,3522,2536,986
Wujiayao,Zhigu,6104.704985,100150,100188,245,27,218,142,76
Zhigu,Wujiayao,6104.704985,100188,100150,209,20,189,135,54
University of Civil Aviation,Fangshan Road,6102.613549,100142,100038,38,5,33,15,18
Fangshan Road,University of Civil Aviation,6102.613549,100038,100142,30,5,25,6,19
Jiangwan Erzhi Road,Cultural centre,6099.466169,100065,100020,115,31,84,52,32
Cultural centre,Jiangwan Erzhi Road,6099.466169,100020,100065,87,29,58,19,39
Zhicheng Road,Fengchan River,6097.268473,100187,100039,25,2,23,19,4
Fengchan River,Zhicheng Road,6097.268473,100039,100187,15,2,13,11,2
People's Hospital,Cao Zhuang,6097.223111,100111,100011,619,132,487,214,273
Cao Zhuang,People's Hospital,6097.223111,100011,100111,544,116,428,244,184
Chenglin Road,Siyuan Road,6095.869216,100014,100121,82,18,64,40,24
Siyuan Road,Chenglin Road,6095.869216,100121,100014,72,16,56,41,15
Jinwan Square,Wandong Road,6094.583049,100078,100144,25,6,19,4,15
Wandong Road,Jinwan Square,6094.583049,100144,100078,22,7,15,9,6
Guoshan Road,Shaliu South Road,6091.632936,100047,100116,9,8,1,1,0
Shaliu South Road,Guoshan Road,6091.632936,100116,100047,6,1,5,3,2
Minquan Gate,Jinwan Square,6090.26551,100099,100078,442,85,357,268,89
Jinwan Square,Minquan Gate,6090.26551,100078,100099,382,69,313,182,131
Xiaobailou,Shunchi Bridge,6088.989908,100154,100120,134,45,89,47,42
Shunchi Bridge,Xiaobailou,6088.989908,100120,100154,127,38,89,51,38
Xiaobailou,Meijiang Road,6088.30008,100154,100097,374,76,298,204,94
Meijiang Road,Xiaobailou,6088.30008,100097,100154,373,69,304,243,61
Changhong Park,Xikang Road,6085.734964,100012,100158,184,42,142,106,36
Xikang Road,Changhong Park,6085.734964,100158,100012,180,38,142,91,51
High-Tech Zone,Zhou and Deng Memorial Museum,6085.076891,100054,100191,413,161,252,142,110
Zhou and Deng Memorial Museum,High-Tech Zone,6085.076891,100191,100054,343,105,238,142,96
Dongli Culture and Sports Centre,The Financial University,6083.518062,100029,100132,245,101,144,48,96
The Financial University,Dongli Culture and Sports Centre,6083.518062,100132,100029,207,87,120,64,56
Hongqi South Road,Anshan Road,6082.963042,100057,100002,1040,168,872,612,260
Anshan Road,Hongqi South Road,6082.963042,100002,100057,943,165,778,514,264
Magangchang,Zhaoyuan Road,6082.944834,100094,100186,27,4,23,17,6
Zhaoyuan Road,Magangchang,6082.944834,100186,100094,13,5,8,7,1
Tian Tower,Tumour Hospital,6082.173242,100133,100141,278,102,176,65,111
Tumour Hospital,Tian Tower,6082.173242,100141,100133,262,78,184,76,108
Shaliu South Road,Xuzhou Road,6080.80683,100116,100167,1921,292,1629,1271,358
Xuzhou Road,Shaliu South Road,6080.80683,100167,100116,1687,271,1416,961,455
West Station,Jinwan Square,6080.097281,100149,100078,640,199,441,125,316
Jinwan Square,West Station,6080.097281,100078,100149,632,331,301,100,201
People's Hospital,Zhongshan Road,6079.859456,100111,100190,208,47,161,89,72
Zhongshan Road,People's Hospital,6079.859456,100190,100111,191,30,161,84,77
Fuxing Gate,Nanzhu Bridge,6079.262561,100041,100104,56,9,47,29,18
Nanzhu Bridge,Fuxing Gate,6079.262561,100104,100041,43,8,35,29,6
Meilin Road,Leyuan Road,6074.761979,100098,100083,1475,438,1037,763,274
Leyuan Road,Meilin Road,6074.761979,100083,100098,1454,442,1012,576,436
Jianshan Road,Shiyijing Road,6071.824629,100066,100117,74,14,60,44,16
Shiyijing Road,Jianshan Road,6071.824629,100117,100066,49,6,43,24,19
Haihe East Road,Nanzhu Bridge,6070.449758,100049,100104,3,0,3,2,1
Nanzhu Bridge,Haihe East Road,6070.449758,100104,100049,1,0,1,0,1
Chunhai Road,Xueyuan North Road,6064.762713,100017,100165,5,3,2,2,0
Xueyuan North Road,Chunhai Road,6064.762713,100165,100017,3,3,0,0,0
Tumour Hospital,Yibin Road,6064.263842,100141,100171,905,139,766,414,352
Yibin Road,Tumour Hospital,6064.263842,100171,100141,848,121,727,500,227
Lushui Road,Jianshan Road,6063.332679,100093,100066,516,95,421,313,108
Jianshan Road,Lushui Road,6063.332679,100066,100093,515,100,415,277,138
Guangkaisima Road,Hongqi South Road,6062.57799,100044,100057,546,95,451,325,126
Hongqi South Road,Guangkaisima Road,6062.57799,100057,100044,489,79,410,281,129
Wangdingdi,Cultural centre,6062.414293,100145,100020,89,28,61,46,15
Cultural centre,Wangdingdi,6062.414293,100020,100145,81,35,46,29,17
Foreign Languages High School,Dawang Zhuang,6056.947237,100040,100023,39,3,36,29,7
Dawang Zhuang,Foreign Languages High School,6056.947237,100023,100040,15,4,11,6,5
Yudongcheng,Jintang Road,6052.778736,100180,100077,630,91,539,371,168
Jintang Road,Yudongcheng,6052.778736,100077,100180,585,89,496,340,156
Zhigu,Yueya River,6052.554302,100188,100182,567,110,457,302,155
Yueya River,Zhigu,6052.554302,100182,100188,556,98,458,328,130
Tiedong Road,Dawang Zhuang,6050.811023,100139,100023,460,79,381,270,111
Dawang Zhuang,Tiedong Road,6050.811023,100023,100139,409,71,338,238,100
Jianguo Road,Tiantai Road,6049.250514,100064,100137,100,13,87,59,28
Tiantai Road,Jianguo Road,6049.250514,100137,100064,94,10,84,61,23
Jinshi Bridge,Yixingbu North,6048.887832,100076,100176,416,86,330,233,97
Yixingbu North,Jinshi Bridge,6048.887832,100176,100076,409,80,329,231,98
High-Tech Zone,Yizhongxin Hospital,6046.349882,100054,100177,373,45,328,232,96
Yizhongxin Hospital,High-Tech Zone,6046.349882,100177,100054,344,33,311,216,95
Haiguang Temple,Anshan West Road,6044.634168,100048,100003,69,19,50,21,29
Anshan West Road,Haiguang Temple,6044.634168,100003,100048,56,9,47,18,29
Lingbin Road,Xiawafang,6041.455077,100087,100157,754,159,595,388,207
Xiawafang,Lingbin Road,6041.455077,100157,100087,710,150,560,346,214
Leyuan Road,Yizhongxin Hospital,6040.795455,100083,100177,650,220,430,234,196
Yizhongxin Hospital,Leyuan Road,6040.795455,100177,100083,643,190,453,282,171
Wandong Road,Yueya River,6038.938961,100144,100182,143,34,109,64,45
Yueya River,Wandong Road,6038.938961,100182,100144,122,32,90,57,33
Laoshan Road,Huanyu Road,6036.090933,100082,100059,43,11,32,7,25
Huanyu Road,Laoshan Road,6036.090933,100059,100082,39,6,33,24,9
Xuzhou Road,Northwest Corner,6032.061807,100167,100109,35,12,23,18,5
Northwest Corner,Xuzhou Road,6032.061807,100109,100167,5,2,3,3,0
Tumour Hospital,Jiefang South Road,6029.522017,100141,100068,1020,160,860,418,442
Jiefang South Road,Tumour Hospital,6029.522017,100068,100141,980,156,824,550,274
Wandong Road,Shiyijing Road,6028.853837,100144,100117,33,5,28,22,6
Shiyijing Road,Wandong Road,6028.853837,100117,100144,22,1,21,11,10
Southwest corner,Benxi Road,6023.648851,100124,100008,1486,451,1035,531,504
Benxi Road,Southwest corner,6023.648851,100008,100124,1397,409,988,600,388
Wujiayao,Anshan West Road,6023.101239,100150,100003,203,34,169,106,63
Anshan West Road,Wujiayao,6023.101239,100003,100150,180,38,142,93,49
Qinjian Road,Xinkai River,6021.384736,100113,100160,139,19,120,72,48
Xinkai River,Qinjian Road,6021.384736,100160,100113,132,36,96,72,24
Haihe East Road,Xiangshan Road,6020.434755,100049,100151,5,1,4,2,2
Xiangshan Road,Haihe East Road,6020.434755,100151,100049,1,0,1,0,1
Shaliu South Road,Zhaoyuan Road,6019.797122,100116,100186,30,1,29,24,5
Zhaoyuan Road,Shaliu South Road,6019.797122,100186,100116,22,4,18,13,5
Siyuan Road,Jinshi Bridge,6019.418632,100121,100076,93,19,74,46,28
Jinshi Bridge,Siyuan Road,6019.418632,100076,100121,72,17,55,25,30
Chinese Medicine First Affiliated Hospital,Southwest Tower,6018.361377,100016,100125,1544,229,1315,809,506
Southwest Tower,Chinese Medicine First Affiliated Hospital,6018.361377,100125,100016,1503,227,1276,793,483
Lilou,Huanyu Road,6018.064259,100086,100059,3,0,3,3,0
Honghu Li,Anshan Road,6016.679516,100055,100002,3393,687,2706,1852,854
Anshan Road,Honghu Li,6016.679516,100002,100055,3046,620,2426,1457,969
Shaliu South Road,The Financial University,6016.094894,100116,100132,318,61,257,182,75
The Financial University,Shaliu South Road,6016.094894,100132,100116,266,50,216,141,75
Bei Zhulin,Tiantuo,6014.346214,100004,100138,86,10,76,62,14
Tiantuo,Bei Zhulin,6014.346214,100138,100004,68,10,58,41,17
Heping Road,Dongxing Road,6010.023429,100053,100035,444,160,284,130,154
Dongxing Road,Heping Road,6010.023429,100035,100053,340,122,218,135,83
Leyuan Road,Hongqi South Road,6009.773451,100083,100057,850,289,561,283,278
Hongqi South Road,Leyuan Road,6009.773451,100057,100083,826,278,548,387,161
Yudongcheng,Yuejin North Road,6006.186097,100180,100181,233,42,191,132,59
Yuejin North Road,Yudongcheng,6006.186097,100181,100180,231,43,188,120,68
Anshan West Road,Cultural centre,6005.38912,100003,100020,605,144,461,315,146
Cultural centre,Anshan West Road,6005.38912,100020,100003,560,144,416,290,126
Xikang Road,Dongxing Road,6003.379146,100158,100035,217,33,184,130,54
Dongxing Road,Xikang Road,6003.379146,100035,100158,198,35,163,111,52
Zuojiang Road,Changling Road,5998.830661,100192,100013,8,2,6,1,5
Changling Road,Zuojiang Road,5998.830661,100013,100192,5,2,3,2,1
Wujiayao,Water Park Road East,5997.764117,100150,100147,200,37,163,103,60
Water Park Road East,Wujiayao,5997.764117,100147,100150,134,43,91,53,38
Jingjiang Road,Zhangxing Zhuang,5993.283595,100072,100185,255,46,209,141,68
Zhangxing Zhuang,Jingjiang Road,5993.283595,100185,100072,241,37,204,146,58
Haihe Education Zone,Shuanggang,5993.171335,100050,100118,432,115,317,231,86
Shuanggang,Haihe Education Zone,5993.171335,100118,100050,420,116,304,123,181
Tucheng,Haiguang Temple,5992.645777,100140,100048,3137,586,2551,1799,752
Haiguang Temple,Tucheng,5992.645777,100048,100140,2892,503,2389,1555,834
Tianjin Station,Southwest Tower,5992.593189,100135,100125,2319,625,1694,789,905
Southwest Tower,Tianjin Station,5992.593189,100125,100135,2183,590,1593,1023,570
Jinshi Bridge,Wujiayao,5991.073997,100076,100150,2438,365,2073,1590,483
Wujiayao,Jinshi Bridge,5991.073997,100150,100076,2406,383,2023,1404,619
Jintang Road,Jinshi Bridge,5989.482136,100077,100076,52,9,43,23,20
Jinshi Bridge,Jintang Road,5989.482136,100076,100077,52,10,42,30,12
Xingfu Park,Dongxing Road,5988.942931,100159,100035,138,18,120,80,40
Dongxing Road,Xingfu Park,5988.942931,100035,100159,105,17,88,55,33
North Station,Changhong Park,5986.951866,100108,100012,310,96,214,133,81
Changhong Park,North Station,5986.951866,100012,100108,283,69,214,136,78
Dongxing Road,Second hospital of the Medical University,5986.423649,100035,100115,43,1,42,32,10
Second hospital of the Medical University,Dongxing Road,5986.423649,100115,100035,31,4,27,25,2
Zhangxing Zhuang,Bei Zhulin,5985.274066,100185,100004,3,0,3,1,2
Bei Zhulin,Zhangxing Zhuang,5985.274066,100004,100185,1,1,0,0,0
Tianjin Station,Zhangxing Zhuang,5983.115209,100135,100185,575,188,387,167,220
Zhangxing Zhuang,Tianjin Station,5983.115209,100185,100135,507,167,340,190,150
Zhou and Deng Memorial Museum,Sports Centre,5977.394245,100191,100126,5,3,2,1,1
Sports Centre,Zhou and Deng Memorial Museum,5977.394245,100126,100191,2,2,0,0,0
Leyuan Road,Lijiang Road,5976.915127,100083,100085,40,21,19,10,9
Lijiang Road,Leyuan Road,5976.915127,100085,100083,34,20,14,10,4
Yaohuan Road,Chunhai Road,5970.813006,100170,100017,226,38,188,115,73
Chunhai Road,Yaohuan Road,5970.813006,100017,100170,205,45,160,101,59
Longhan Road,Nanzhu Bridge,5964.952269,100092,100104,975,178,797,569,228
Nanzhu Bridge,Longhan Road,5964.952269,100104,100092,890,173,717,541,176
Changling Road,Hongqi South Road,5964.646914,100013,100057,382,86,296,213,83
Hongqi South Road,Changling Road,5964.646914,100057,100013,372,69,303,188,115
People's Hospital,Hongqi South Road,5963.333112,100111,100057,1046,179,867,474,393
Hongqi South Road,People's Hospital,5963.333112,100057,100111,981,158,823,563,260
Dongjiang Road,Dongli Culture and Sports Centre,5962.856426,100028,100029,370,119,251,129,122
Dongli Culture and Sports Centre,Dongjiang Road,5962.856426,100029,100028,341,110,231,135,96
Southwest Tower,Taichang Road,5962.178962,100125,100128,843,193,650,398,252
Taichang Road,Southwest Tower,5962.178962,100128,100125,756,163,593,415,178
Zhongshan Gate,Tucheng,5962.057051,100189,100140,138,26,112,77,35
Tucheng,Zhongshan Gate,5962.057051,100140,100189,134,40,94,56,38
People's Hospital,Yingkou Road,5959.417148,100111,100174,963,268,695,322,373
Yingkou Road,People's Hospital,5959.417148,100174,100111,836,212,624,335,289
Bianxing,Anshan West Road,5955.621285,100009,100003,703,108,595,465,130
Anshan West Road,Bianxing,5955.621285,100003,100009,688,107,581,359,222
Heping Road,Cultural centre,5955.282618,100053,100020,550,265,285,142,143
Cultural centre,Heping Road,5955.282618,100020,100053,410,182,228,130,98
Jin Street,Honghu Li,5952.409703,100070,100055,220,78,142,72,70
Honghu Li,Jin Street,5952.409703,100055,100070,211,70,141,89,52
Xunhai Road,Xueyuan North Road,5951.621532,100166,100165,117,36,81,49,32
Xueyuan North Road,Xunhai Road,5951.621532,100165,100166,97,23,74,44,30
Nancuiping,Meijiang Park,5949.315627,100100,100096,58,23,35,18,17
Meijiang Park,Nancuiping,5949.315627,100096,100100,56,15,41,23,18
Cultural centre,Xikang Road,5948.638334,100020,100158,140,67,73,28,45
Xikang Road,Cultural centre,5948.638334,100158,100020,140,69,71,48,23
Chenglin Road,Dengzhou Road,5948.180806,100014,100024,261,34,227,160,67
Dengzhou Road,Chenglin Road,5948.180806,100024,100014,209,41,168,113,55
Xiaobailou,Taichang Road,5947.947641,100154,100128,113,50,63,26,37
Taichang Road,Xiaobailou,5947.947641,100128,100154,76,33,43,16,27
Southeast Corner,Taichang Road,5947.828552,100123,100128,1823,747,1076,511,565
Taichang Road,Southeast Corner,5947.828552,100128,100123,1671,636,1035,524,511
Tiantai Road,Jinwan Square,5947.061553,100137,100078,310,83,227,174,53
Jinwan Square,Tiantai Road,5947.061553,100078,100137,233,53,180,116,64
Meijiang Exhibition Centre,Sports Centre,5946.189441,100095,100126,39,18,21,9,12
Sports Centre,Meijiang Exhibition Centre,5946.189441,100126,100095,36,20,16,3,13
Cuifu New Village,Dongxing Road,5942.819727,100019,100035,57,4,53,39,14
Dongxing Road,Cuifu New Village,5942.819727,100035,100019,48,11,37,23,14
Zhongshan Road,Southwest corner,5940.398038,100190,100124,388,103,285,168,117
Southwest corner,Zhongshan Road,5940.398038,100124,100190,323,87,236,145,91
Southeast Corner,Xingfu Park,5939.518587,100123,100159,536,198,338,172,166
Xingfu Park,Southeast Corner,5939.518587,100159,100123,535,198,337,216,121
Erwei Road,Tiantuo,5939.180581,100036,100138,144,35,109,68,41
Tiantuo,Erwei Road,5939.180581,100138,100036,106,28,78,44,34
Xunhai Road,Longhan Road,5937.836084,100166,100092,47,8,39,22,17
Longhan Road,Xunhai Road,5937.836084,100092,100166,31,7,24,11,13
Zhigu,Meijiang Road,5936.888586,100188,100097,206,38,168,131,37
Meijiang Road,Zhigu,5936.888586,100097,100188,174,22,152,115,37
Southwest Tower,Yaohuan Road,5934.947655,100125,100170,254,24,230,147,83
Yaohuan Road,Southwest Tower,5934.947655,100170,100125,249,36,213,147,66
Southwest Tower,Meijiang Exhibition Centre,5934.125329,100125,100095,198,42,156,91,65
Meijiang Exhibition Centre,Southwest Tower,5934.125329,100095,100125,173,35,138,117,21
North Station,Southwest corner,5932.149123,100108,100124,196,52,144,73,71
Southwest corner,North Station,5932.149123,100124,100108,164,44,120,74,46
Xuzhou Road,Tian Tower,5931.024526,100167,100133,24,6,18,9,9
Tian Tower,Xuzhou Road,5931.024526,100133,100167,11,6,5,0,5
Nancuiping,Meijiang Road,5929.987276,100100,100097,300,57,243,190,53
Meijiang Road,Nancuiping,5929.987276,100097,100100,279,57,222,153,69
Changling Road,Magangchang,5926.523777,100013,100094,234,61,173,100,73
Magangchang,Changling Road,5926.523777,100094,100013,186,52,134,74,60
Dongting Road,Cultural centre,5926.44635,100034,100020,240,38,202,175,27
Cultural centre,Dongting Road,5926.44635,100020,100034,209,25,184,132,52
Tiantuo,Tianjin Hotel,5926.013775,100138,100134,467,91,376,260,116
Tianjin Hotel,Tiantuo,5926.013775,100134,100138,421,78,343,239,104
Shuanglin,Jinmao Industrial Area,5925.254522,100119,100074,9,4,5,5,0
Jinmao Industrial Area,Shuanglin,5925.254522,100074,100119,5,4,1,1,0
Tiantuo,Gulou,5922.742975,100138,100045,780,270,510,273,237
Gulou,Tiantuo,5922.742975,100045,100138,669,239,430,191,239
Yingfeng Road,Leyuan Road,5922.044528,100173,100083,776,213,563,341,222
Leyuan Road,Yingfeng Road,5922.044528,100083,100173,699,217,482,216,266
West Station,Minquan Gate,5921.519763,100149,100099,984,335,649,208,441
Minquan Gate,West Station,5921.519763,100099,100149,868,280,588,340,248
Tianjin Hotel,Meijiang Exhibition Centre,5920.013475,100134,100095,392,91,301,198,103
Meijiang Exhibition Centre,Tianjin Hotel,5920.013475,100095,100134,369,86,283,202,81
Zhou and Deng Memorial Museum,Haiguang Temple,5916.388549,100191,100048,255,69,186,126,60
Haiguang Temple,Zhou and Deng Memorial Museum,5916.388549,100048,100191,251,89,162,80,82
Tiantuo,Xikang Road,5914.922525,100138,100158,377,78,299,190,109
Xikang Road,Tiantuo,5914.922525,100158,100138,336,46,290,192,98
Beining Park,Dawang Zhuang,5912.020258,100006,100023,110,15,95,67,28
Dawang Zhuang,Beining Park,5912.020258,100023,100006,95,15,80,61,19
Tiedong Road,Fuxing Road,5911.950155,100139,100042,121,29,92,62,30
Fuxing Road,Tiedong Road,5911.950155,100042,100139,118,23,95,71,24
Anshan West Road,Southeast Corner,5909.710574,100003,100123,468,117,351,209,142
Southeast Corner,Anshan West Road,5909.710574,100123,100003,372,93,279,145,134
Lingbin Road,Wangdingdi,5909.671671,100087,100145,23,8,15,11,4
Wangdingdi,Lingbin Road,5909.671671,100145,100087,20,4,16,10,6
Yingfeng Road,Yingkou Road,5907.996313,100173,100174,1099,368,731,392,339
Yingkou Road,Yingfeng Road,5907.996313,100174,100173,908,255,653,341,312
Liulin Road,Tucheng,5907.169607,100089,100140,284,41,243,151,92
Tucheng,Liulin Road,5907.169607,100140,100089,268,42,226,148,78
Dawang Zhuang,Taichang Road,5905.068023,100023,100128,221,55,166,94,72
Taichang Road,Dawang Zhuang,5905.068023,100128,100023,201,69,132,78,54
Tiantai Road,Yueya River,5904.899528,100137,100182,471,88,383,222,161
Yueya River,Tiantai Road,5904.899528,100182,100137,453,80,373,208,165
Guangkaisima Road,Xuzhou Road,5899.207575,100044,100167,392,62,330,274,56
Xuzhou Road,Guangkaisima Road,5899.207575,100167,100044,372,55,317,220,97
Chinese Medicine First Affiliated Hospital,Leyuan Road,5893.914854,100016,100083,223,81,142,66,76
Leyuan Road,Chinese Medicine First Affiliated Hospital,5893.914854,100083,100016,187,62,125,55,70
Heping Road,Foreign Languages High School,5890.133847,100053,100040,177,57,120,50,70
Foreign Languages High School,Heping Road,5890.133847,100040,100053,141,45,96,62,34
Beining Park,Shunchi Bridge,5890.131516,100006,100120,34,7,27,13,14
Shunchi Bridge,Beining Park,5890.131516,100120,100006,23,8,15,10,5
Liulin Road,Youyi South Road,5889.012894,100089,100178,375,82,293,152,141
Youyi South Road,Liulin Road,5889.012894,100178,100089,317,95,222,130,92
Taichang Road,JinZhong River Street,5888.449042,100128,100079,774,229,545,260,285
JinZhong River Street,Taichang Road,5888.449042,100079,100128,736,231,505,277,228
Tiantai Road,Haiguang Temple,5888.411319,100137,100048,785,132,653,508,145
Haiguang Temple,Tiantai Road,5888.411319,100048,100137,673,140,533,340,193
Yudongcheng,Longhan Road,5884.998158,100180,100092,1019,174,845,617,228
Longhan Road,Yudongcheng,5884.998158,100092,100180,966,170,796,533,263
Yixingbu,Professional University,5884.937475,100175,100112,896,292,604,194,410
Professional University,Yixingbu,5884.937475,100112,100175,866,254,612,336,276
Xinkai River,Jin Street,5884.872105,100160,100070,6,3,3,1,2
Jin Street,Xinkai River,5884.872105,100070,100160,5,3,2,1,1
Xinkai River,Yingkou Road,5884.367228,100160,100174,325,135,190,90,100
Yingkou Road,Xinkai River,5884.367228,100174,100160,228,86,142,69,73
Zhigu,Jin Street,5883.242343,100188,100070,95,19,76,57,19
Jin Street,Zhigu,5883.242343,100070,100188,65,10,55,33,22
Zhongshan Road,Honghu Li,5882.871156,100190,100055,93,32,61,36,25
Honghu Li,Zhongshan Road,5882.871156,100055,100190,93,32,61,42,19
Tiantai Road,Benxi Road,5879.683568,100137,100008,110,28,82,31,51
Benxi Road,Tiantai Road,5879.683568,100008,100137,91,20,71,43,28
Heping Road,Tiedong Road,5879.546863,100053,100139,3748,1067,2681,1275,1406
Tiedong Road,Heping Road,5879.546863,100139,100053,2986,856,2130,1373,757
Nanlou,Meijiang Road,5876.485523,100102,100097,38,6,32,19,13
Meijiang Road,Nanlou,5876.485523,100097,100102,27,10,17,8,9
Airport Economic Zone,Laoshan Road,5875.891066,100001,100082,338,53,285,215,70
Laoshan Road,Airport Economic Zone,5875.891066,100082,100001,271,53,218,155,63
Tianjin Hotel,Jiangwan Erzhi Road,5875.732825,100134,100065,47,11,36,28,8
Jiangwan Erzhi Road,Tianjin Hotel,5875.732825,100065,100134,47,10,37,31,6
Fuxing Road,Yizhongxin Hospital,5875.281137,100042,100177,210,43,167,100,67
Yizhongxin Hospital,Fuxing Road,5875.281137,100177,100042,182,33,149,118,31
Siyuan Road,Cuifu New Village,5873.192798,100121,100019,17,3,14,11,3
Cuifu New Village,Siyuan Road,5873.192798,100019,100121,12,3,9,9,0
Liuwei Road,Shiyijing Road,5871.279669,100090,100117,4,1,3,1,2
Shiyijing Road,Liuwei Road,5871.279669,100117,100090,1,1,0,0,0
Jinshi Bridge,Jianchang Road,5871.271028,100076,100063,103,23,80,59,21
Jianchang Road,Jinshi Bridge,5871.271028,100063,100076,80,16,64,46,18
Wangdingdi,Yingkou Road,5871.262071,100145,100174,2079,612,1467,972,495
Yingkou Road,Wangdingdi,5871.262071,100174,100145,1701,529,1172,597,575
Jinshi Bridge,Chenglin Road,5871.182477,100076,100014,58,14,44,34,10
Chenglin Road,Jinshi Bridge,5871.182477,100014,100076,52,6,46,23,23
Chentang Zhuang,Yingkou Road,5871.087425,100015,100174,3923,1022,2901,1915,986
Yingkou Road,Chentang Zhuang,5871.087425,100174,100015,3581,903,2678,1467,1211
Shiyijing Road,Xinkai River,5870.994967,100117,100160,28,5,23,11,12
Xinkai River,Shiyijing Road,5870.994967,100160,100117,20,6,14,7,7
Foreign Languages High School,Tianshili,5870.962669,100040,100136,12,0,12,9,3
Tianshili,Foreign Languages High School,5870.962669,100136,100040,6,0,6,6,0
Haihe East Road,Dengzhou South Road,5870.914325,100049,100025,1,0,1,0,1
Dengzhou South Road,Haihe East Road,5870.914325,100025,100049,1,0,1,0,1
Cuifu New Village,Southeast Corner,5864.071365,100019,100123,846,267,579,393,186
Southeast Corner,Cuifu New Village,5864.071365,100123,100019,753,235,518,250,268
Chunhai Road,Jinmao Industrial Area,5862.747195,100017,100074,45,7,38,32,6
Jinmao Industrial Area,Chunhai Road,5862.747195,100074,100017,41,4,37,31,6
Wujiayao,Gulou,5861.841863,100150,100045,427,147,280,153,127
Gulou,Wujiayao,5861.841863,100045,100150,361,119,242,123,119
Chentang Zhuang,Shiyijing Road,5860.595857,100015,100117,145,20,125,94,31
Shiyijing Road,Chentang Zhuang,5860.595857,100117,100015,128,23,105,77,28
Shunchi Bridge,Xiangshan Road,5860.426411,100120,100151,90,16,74,58,16
Xiangshan Road,Shunchi Bridge,5860.426411,100151,100120,81,10,71,36,35
Water Park Road East,Liqi Zhuang South,5856.205535,100147,100088,10,6,4,3,1
Liqi Zhuang South,Water Park Road East,5856.205535,100088,100147,7,5,2,0,2
Fuxing Road,Jiayuan Li,5855.351566,100042,100067,114,21,93,61,32
Jiayuan Li,Fuxing Road,5855.351566,100067,100042,105,21,84,70,14
Xinxing Village,Dengzhou South Road,5854.096962,100162,100025,21,3,18,9,9
Dengzhou South Road,Xinxing Village,5854.096962,100025,100162,21,3,18,10,8
Xikang Road,Huayuan,5850.067324,100158,100061,2194,337,1857,1282,575
Huayuan,Xikang Road,5850.067324,100061,100158,2168,351,1817,1245,572
Jieyuan West Road,Bei Zhulin,5841.365204,100069,100004,28,8,20,9,11
Bei Zhulin,Jieyuan West Road,5841.365204,100004,100069,17,5,12,5,7
Liulin Road,Wanshan Road,5836.401372,100089,100146,53,15,38,27,11
Wanshan Road,Liulin Road,5836.401372,100146,100089,39,9,30,25,5
Jingjiang Road,Southwest Tower,5834.252075,100072,100125,1675,212,1463,1115,348
Southwest Tower,Jingjiang Road,5834.252075,100125,100072,1342,186,1156,789,367
Professional University,Zhicheng Road,5830.294819,100112,100187,242,87,155,65,90
Zhicheng Road,Professional University,5830.294819,100187,100112,226,90,136,51,85
Fangshan Road,Weishan Road,5827.395233,100038,100148,157,39,118,83,35
Weishan Road,Fangshan Road,5827.395233,100148,100038,152,39,113,63,50
Dongting Road,Leyuan Road,5826.790017,100034,100083,324,80,244,172,72
Leyuan Road,Dongting Road,5826.790017,100083,100034,299,82,217,124,93
Tian Tower,Southeast Corner,5821.964007,100133,100123,497,240,257,125,132
Southeast Corner,Tian Tower,5821.964007,100123,100133,445,212,233,106,127
People's Hospital,Benxi Road,5821.917676,100111,100008,323,78,245,90,155
Benxi Road,People's Hospital,5821.917676,100008,100111,303,76,227,136,91
Yihao Bridge,Shiyijing Road,5820.493352,100172,100117,1036,157,879,641,238
Shiyijing Road,Yihao Bridge,5820.493352,100117,100172,951,163,788,486,302
Wandong Road,Hangshuang Road,5817.657283,100144,100051,202,34,168,145,23
Hangshuang Road,Wandong Road,5817.657283,100051,100144,187,34,153,123,30
Number Two Bridge,Dongli Development Zone,5817.566328,100110,100030,951,139,812,625,187
Dongli Development Zone,Number Two Bridge,5817.566328,100030,100110,850,121,729,579,150
Foreign Languages High School,Yixingbu North,5814.773297,100040,100176,14,0,14,12,2
Yixingbu North,Foreign Languages High School,5814.773297,100176,100040,1,0,1,1,0
Xiaobailou,Jingjiang Road,5814.275258,100154,100072,835,234,601,327,274
Jingjiang Road,Xiaobailou,5814.275258,100072,100154,807,198,609,383,226
Jinwan Square,Changhong Park,5813.391294,100078,100012,193,54,139,75,64
Changhong Park,Jinwan Square,5813.391294,100012,100078,152,40,112,68,44
Chinese Medicine First Affiliated Hospital,Nancuiping,5813.302724,100016,100100,167,47,120,59,61
Nancuiping,Chinese Medicine First Affiliated Hospital,5813.302724,100100,100016,143,44,99,52,47
Yingkou Road,Tianjin Hotel,5812.706402,100174,100134,1264,394,870,458,412
Tianjin Hotel,Yingkou Road,5812.706402,100134,100174,1249,409,840,554,286
Jiefang South Road,Jingli Road,5810.769611,100068,100073,466,127,339,168,171
Jingli Road,Jiefang South Road,5810.769611,100073,100068,357,104,253,156,97
Yudongcheng,Taichang Road,5809.567448,100180,100128,1939,727,1212,647,565
Taichang Road,Yudongcheng,5809.567448,100128,100180,1930,766,1164,522,642
Xuzhuangzi,Foreign Languages High School,5808.813911,100168,100040,49,9,40,30,10
Foreign Languages High School,Xuzhuangzi,5808.813911,100040,100168,38,4,34,25,9
The Financial University,Nanlou,5803.078218,100132,100102,2194,315,1879,1445,434
Nanlou,The Financial University,5803.078218,100102,100132,2106,317,1789,1151,638
Jieyuan West Road,Tiantuo,5801.501345,100069,100138,398,51,347,278,69
Tiantuo,Jieyuan West Road,5801.501345,100138,100069,372,62,310,223,87
Guangkaisima Road,Foreign Languages High School,5800.645011,100044,100040,85,5,80,64,16
Foreign Languages High School,Guangkaisima Road,5800.645011,100040,100044,82,5,77,64,13
Yuanyang International Centre,Xiawafang,5798.049677,100179,100157,546,154,392,213,179
Xiawafang,Yuanyang International Centre,5798.049677,100157,100179,544,152,392,258,134
Dongxing Road,Liuwei Road,5796.922297,100035,100090,7,3,4,3,1
Liuwei Road,Dongxing Road,5796.922297,100090,100035,7,3,4,0,4
Beiyangyuan Campus of Tianjin University,Xianshuigu West,5796.910534,100007,100152,7680,2967,4713,2479,2234
Xianshuigu West,Beiyangyuan Campus of Tianjin University,5796.910534,100152,100007,7307,2845,4462,1079,3383
Erwei Road,Liuwei Road,5796.209907,100036,100090,14,5,9,4,5
Liuwei Road,Erwei Road,5796.209907,100090,100036,12,2,10,3,7
Nansun Zhuang,Xuzhuangzi,5794.512956,100103,100168,47,11,36,31,5
Xuzhuangzi,Nansun Zhuang,5794.512956,100168,100103,41,12,29,29,0
Leyuan Road,Yaohuan Road,5789.464348,100083,100170,77,20,57,36,21
Yaohuan Road,Leyuan Road,5789.464348,100170,100083,75,18,57,27,30
Tianjin Station,Nanlou,5789.045638,100135,100102,1623,417,1206,571,635
Nanlou,Tianjin Station,5789.045638,100102,100135,1603,442,1161,705,456
Jingjiang Road,Guoshan Road,5788.796265,100072,100047,284,51,233,161,72
Guoshan Road,Jingjiang Road,5788.796265,100047,100072,224,44,180,117,63
Zhongshan Road,Liaohe North Road,5788.64281,100190,100084,276,53,223,151,72
Liaohe North Road,Zhongshan Road,5788.64281,100084,100190,247,54,193,151,42
Changhong Park,Wangdingdi,5786.982826,100012,100145,129,31,98,61,37
Wangdingdi,Changhong Park,5786.982826,100145,100012,114,29,85,55,30
Foreign Languages High School,Siyuan Road,5785.304097,100040,100121,5,1,4,4,0
Siyuan Road,Foreign Languages High School,5785.304097,100121,100040,4,0,4,4,0
Southwest corner,Yizhongxin Hospital,5782.999151,100124,100177,417,118,299,161,138
Yizhongxin Hospital,Southwest corner,5782.999151,100177,100124,395,106,289,197,92
Zhou and Deng Memorial Museum,Jinwan Square,5782.525182,100191,100078,585,222,363,214,149
Jinwan Square,Zhou and Deng Memorial Museum,5782.525182,100078,100191,438,157,281,128,153
Jiefang South Road,Leyuan Road,5779.116474,100068,100083,2315,590,1725,1185,540
Leyuan Road,Jiefang South Road,5779.116474,100083,100068,2167,587,1580,955,625
Anshan Road,Dongxing Road,5776.65109,100002,100035,186,41,145,74,71
Dongxing Road,Anshan Road,5776.65109,100035,100002,174,38,136,88,48
Xingfu Park,Dengzhou Road,5775.628079,100159,100024,323,51,272,155,117
Dengzhou Road,Xingfu Park,5775.628079,100024,100159,264,56,208,119,89
Changhong Park,Xinkai River,5773.501021,100012,100160,179,52,127,81,46
Xinkai River,Changhong Park,5773.501021,100160,100012,169,44,125,82,43
Dabi Zhuang,Jianchang Road,5773.227435,100021,100063,88,18,70,46,24
Jianchang Road,Dabi Zhuang,5773.227435,100063,100021,79,12,67,36,31
Lijiang Road,Nancuiping,5771.831804,100085,100100,15,11,4,3,1
Nancuiping,Lijiang Road,5771.831804,100100,100085,12,6,6,5,1
Zhanggui Zhuang,Dongxing Road,5771.502304,100184,100035,1110,172,938,763,175
Dongxing Road,Zhanggui Zhuang,5771.502304,100035,100184,978,145,833,594,239
Xikang Road,Nancuiping,5768.338268,100158,100100,270,57,213,150,63
Nancuiping,Xikang Road,5768.338268,100100,100158,267,56,211,155,56
Dongxing Road,Yuanyang International Centre,5767.344404,100035,100179,284,65,219,148,71
Yuanyang International Centre,Dongxing Road,5767.344404,100179,100035,276,66,210,139,71
Xikang Road,Jintang Road,5760.9721,100158,100077,173,25,148,98,50
Jintang Road,Xikang Road,5760.9721,100077,100158,171,33,138,101,37
Jianshan Road,Dongxing Road,5760.706322,100066,100035,35,2,33,26,7
Dongxing Road,Jianshan Road,5760.706322,100035,100066,28,3,25,24,1
Dongli Culture and Sports Centre,Jinmao Industrial Area,5756.576732,100029,100074,10,9,1,0,1
Jinmao Industrial Area,Dongli Culture and Sports Centre,5756.576732,100074,100029,3,0,3,2,1
Zhongshan Road,Anshan Road,5756.527332,100190,100002,794,148,646,419,227
Anshan Road,Zhongshan Road,5756.527332,100002,100190,742,132,610,321,289
Fuxing Road,Yingkou Road,5756.45726,100042,100174,458,181,277,161,116
Yingkou Road,Fuxing Road,5756.45726,100174,100042,345,108,237,133,104
Southeast Corner,Tiantai Road,5756.344306,100123,100137,168,71,97,42,55
Tiantai Road,Southeast Corner,5756.344306,100137,100123,163,55,108,62,46
Chenglin Road,Xikang Road,5753.177901,100014,100158,212,40,172,130,42
Xikang Road,Chenglin Road,5753.177901,100158,100014,205,50,155,101,54
Jinshi Bridge,Northwest Corner,5752.849926,100076,100109,133,37,96,51,45
Northwest Corner,Jinshi Bridge,5752.849926,100109,100076,126,38,88,38,50
Bei Zhulin,Jiayuan Li,5751.775291,100004,100067,8,0,8,7,1
Jiayuan Li,Bei Zhulin,5751.775291,100067,100004,5,0,5,1,4
Second hospital of the Medical University,Jintang Road,5748.006941,100115,100077,162,22,140,105,35
Jintang Road,Second hospital of the Medical University,5748.006941,100077,100115,120,20,100,69,31
Heping Road,Beining Park,5745.206868,100053,100006,1001,363,638,243,395
Beining Park,Heping Road,5745.206868,100006,100053,712,246,466,261,205
Fuxing Gate,Southwest Tower,5743.986335,100041,100125,178,15,163,111,52
Southwest Tower,Fuxing Gate,5743.986335,100125,100041,127,23,104,58,46
Meijiang Park,Lingbin Road,5740.871401,100096,100087,22,4,18,11,7
Lingbin Road,Meijiang Park,5740.871401,100087,100096,20,5,15,10,5
Meijiang Park,Shuanggang,5740.232654,100096,100118,107,23,84,45,39
Shuanggang,Meijiang Park,5740.232654,100118,100096,98,25,73,39,34
Wujiayao,Liuwei Road,5737.830046,100150,100090,52,15,37,22,15
Liuwei Road,Wujiayao,5737.830046,100090,100150,42,17,25,15,10
Xianyang Road,Tiantai Road,5736.797161,100153,100137,391,56,335,213,122
Tiantai Road,Xianyang Road,5736.797161,100137,100153,350,57,293,208,85
Nanlou,Taichang Road,5736.133084,100102,100128,223,52,171,85,86
Taichang Road,Nanlou,5736.133084,100128,100102,177,48,129,67,62
Cuifu New Village,Xiawafang,5735.928345,100019,100157,442,67,375,279,96
Xiawafang,Cuifu New Village,5735.928345,100157,100019,401,70,331,215,116
Fuxing Road,Bianxing,5735.662282,100042,100009,16,3,13,4,9
Bianxing,Fuxing Road,5735.662282,100009,100042,15,1,14,8,6
Wandong Road,Yuanyang International Centre,5735.090621,100144,100179,153,36,117,80,37
Yuanyang International Centre,Wandong Road,5735.090621,100179,100144,148,46,102,44,58
Xinkai River,Shunchi Bridge,5735.081397,100160,100120,27,1,26,13,13
Shunchi Bridge,Xinkai River,5735.081397,100120,100160,15,1,14,8,6
Huashan Li,Jinmao Industrial Area,5730.654811,100060,100074,5,0,5,4,1
Jinmao Industrial Area,Huashan Li,5730.654811,100074,100060,4,0,4,3,1
Jiefang South Road,Cultural centre,5729.672961,100068,100020,1449,249,1200,903,297
Cultural centre,Jiefang South Road,5729.672961,100020,100068,1383,291,1092,735,357
Magangchang,Lilou,5729.201042,100094,100086,121,9,112,89,23
Lilou,Magangchang,5729.201042,100086,100094,115,12,103,82,21
Yingfeng Road,Changhong Park,5728.613293,100173,100012,967,163,804,479,325
Changhong Park,Yingfeng Road,5728.613293,100012,100173,884,114,770,459,311
Nanlou,Jin Street,5726.714297,100102,100070,47,6,41,28,13
Jin Street,Nanlou,5726.714297,100070,100102,43,8,35,17,18
Xingfu Park,Xiawafang,5726.240551,100159,100157,1519,296,1223,793,430
Xiawafang,Xingfu Park,5726.240551,100157,100159,1467,288,1179,724,455
Foreign Languages High School,Erwei Road,5726.086125,100040,100036,136,22,114,99,15
Erwei Road,Foreign Languages High School,5726.086125,100036,100040,105,17,88,59,29
Beining Park,Tianshili,5726.03569,100006,100136,84,18,66,43,23
Tianshili,Beining Park,5726.03569,100136,100006,70,11,59,40,19
Second hospital of the Medical University,Tucheng,5725.657486,100115,100140,13,2,11,6,5
Tucheng,Second hospital of the Medical University,5725.657486,100140,100115,12,1,11,8,3
Fuxing Road,Beining Park,5724.774768,100042,100006,247,64,183,112,71
Beining Park,Fuxing Road,5724.774768,100006,100042,226,64,162,104,58
Wujiayao,Yuanyang International Centre,5724.277077,100150,100179,596,95,501,320,181
Yuanyang International Centre,Wujiayao,5724.277077,100179,100150,562,107,455,343,112
Xiaobailou,Zhou and Deng Memorial Museum,5722.288896,100154,100191,737,179,558,348,210
Zhou and Deng Memorial Museum,Xiaobailou,5722.288896,100191,100154,730,155,575,408,167
Anshan Road,Cultural centre,5721.910279,100002,100020,615,218,397,252,145
Cultural centre,Anshan Road,5721.910279,100020,100002,443,150,293,159,134
Northwest Corner,Dawang Zhuang,5721.809634,100109,100023,322,76,246,140,106
Dawang Zhuang,Northwest Corner,5721.809634,100023,100109,295,71,224,144,80
Nancuiping,Jianshan Road,5720.626286,100100,100066,313,35,278,224,54
Jianshan Road,Nancuiping,5720.626286,100066,100100,248,44,204,145,59
Jianguo Road,Yibin Road,5720.530733,100064,100171,229,41,188,129,59
Yibin Road,Jianguo Road,5720.530733,100171,100064,218,33,185,152,33
Yixingbu,Xiaodian,5717.877788,100175,100155,979,258,721,443,278
Xiaodian,Yixingbu,5717.877788,100155,100175,885,254,631,424,207
Dongxing Road,Wandong Road,5717.73553,100035,100144,18,6,12,11,1
Wandong Road,Dongxing Road,5717.73553,100144,100035,12,4,8,6,2
Liuyuan,Honghu Li,5715.781063,100091,100055,1955,496,1459,975,484
Honghu Li,Liuyuan,5715.781063,100055,100091,1757,456,1301,810,491
Tianjin Station,Taichang Road,5712.776985,100135,100128,1268,448,820,352,468
Taichang Road,Tianjin Station,5712.776985,100128,100135,943,353,590,311,279
Shunchi Bridge,Dongxing Road,5712.614569,100120,100035,83,15,68,44,24
Dongxing Road,Shunchi Bridge,5712.614569,100035,100120,82,21,61,39,22
Xiawafang,Liuwei Road,5712.489222,100157,100090,40,16,24,10,14
Liuwei Road,Xiawafang,5712.489222,100090,100157,40,23,17,2,15
Foreign Languages High School,Gulou,5712.117723,100040,100045,75,27,48,24,24
Gulou,Foreign Languages High School,5712.117723,100045,100040,68,28,40,20,20
Lingbin Road,Nanzhu Bridge,5709.065438,100087,100104,51,12,39,22,17
Nanzhu Bridge,Lingbin Road,5709.065438,100104,100087,49,9,40,27,13
Zhongshan Road,Xikang Road,5707.744546,100190,100158,1821,341,1480,1011,469
Xikang Road,Zhongshan Road,5707.744546,100158,100190,1712,333,1379,924,455
Xinkai River,Liaohe North Road,5706.774096,100160,100084,30,5,25,13,12
Liaohe North Road,Xinkai River,5706.774096,100084,100160,29,3,26,16,10
Xiawafang,Tian Tower,5705.451103,100157,100133,638,168,470,269,201
Tian Tower,Xiawafang,5705.451103,100133,100157,613,195,418,228,190
Jin Street,Taichang Road,5703.746187,100070,100128,1980,503,1477,800,677
Taichang Road,Jin Street,5703.746187,100128,100070,1956,479,1477,925,552
Nanlou,Erwei Road,5703.485654,100102,100036,1078,217,861,588,273
Erwei Road,Nanlou,5703.485654,100036,100102,1039,226,813,511,302
Tianjin Hotel,Shiyijing Road,5703.256002,100134,100117,379,46,333,275,58
Shiyijing Road,Tianjin Hotel,5703.256002,100117,100134,289,47,242,162,80
Yihao Bridge,Xiawafang,5698.856719,100172,100157,614,113,501,340,161
Xiawafang,Yihao Bridge,5698.856719,100157,100172,510,85,425,290,135
Xingfu Park,Jinshi Bridge,5698.62975,100159,100076,149,34,115,79,36
Jinshi Bridge,Xingfu Park,5698.62975,100076,100159,137,37,100,65,35
Nanlou,Wujiayao,5698.465953,100102,100150,348,48,300,174,126
Wujiayao,Nanlou,5698.465953,100150,100102,344,45,299,178,121
Qinjian Road,Guangkaisima Road,5698.446052,100113,100044,306,52,254,191,63
Guangkaisima Road,Qinjian Road,5698.446052,100044,100113,304,54,250,193,57
Wangdingdi,Xuefu Industrial Area,5698.347361,100145,100163,927,46,881,828,53
Xuefu Industrial Area,Wangdingdi,5698.347361,100163,100145,866,40,826,676,150
Wangdingdi,Tianjin Hotel,5692.648526,100145,100134,87,20,67,55,12
Tianjin Hotel,Wangdingdi,5692.648526,100134,100145,72,20,52,34,18
Jingjiang Road,Wanshan Road,5691.84029,100072,100146,74,8,66,47,19
Wanshan Road,Jingjiang Road,5691.84029,100146,100072,50,4,46,36,10
Fuxing Gate,Xiaobailou,5687.611699,100041,100154,2089,492,1597,1150,447
Xiaobailou,Fuxing Gate,5687.611699,100154,100041,1627,412,1215,732,483
JinZhong River Street,Nanhe Zhuang,5687.408188,100079,100101,205,63,142,90,52
Nanhe Zhuang,JinZhong River Street,5687.408188,100101,100079,136,40,96,58,38
Yutai,Water Park Road East,5685.088874,100183,100147,32,9,23,14,9
Water Park Road East,Yutai,5685.088874,100147,100183,21,1,20,12,8
Dongli Yijing Road,Huanyu Road,5681.694955,100033,100059,21,4,17,12,5
Huanyu Road,Dongli Yijing Road,5681.694955,100059,100033,19,1,18,11,7
Xianyang Road,Jianguo Road,5680.882442,100153,100064,708,118,590,464,126
Jianguo Road,Xianyang Road,5680.882442,100064,100153,642,104,538,367,171
Tiantuo,University town,5678.221329,100138,100143,578,113,465,274,191
University town,Tiantuo,5678.221329,100143,100138,569,120,449,306,143
Yizhongxin Hospital,Lingbin Road,5677.788563,100177,100087,215,49,166,109,57
Lingbin Road,Yizhongxin Hospital,5677.788563,100087,100177,206,56,150,97,53
Weishan Road,Lijiang Road,5676.56337,100148,100085,343,65,278,194,84
Lijiang Road,Weishan Road,5676.56337,100085,100148,298,52,246,149,97
Danhebei Road,Liaohe North Road,5676.397612,100022,100084,9,2,7,7,0
Liaohe North Road,Danhebei Road,5676.397612,100084,100022,4,2,2,1,1
Zhongshan Road,Jingjiang Road,5669.911926,100190,100072,378,70,308,169,139
Jingjiang Road,Zhongshan Road,5669.911926,100072,100190,369,69,300,192,108
Yixingbu North,Beining Park,5669.846319,100176,100006,161,35,126,81,45
Beining Park,Yixingbu North,5669.846319,100006,100176,140,17,123,72,51
Leyuan Road,Yingkou Road,5669.717492,100083,100174,398,193,205,77,128
Yingkou Road,Leyuan Road,5669.717492,100174,100083,149,63,86,47,39
Zhaoyuan Road,Dongli Liujing Road,5669.313303,100186,100031,246,27,219,193,26
Dongli Liujing Road,Zhaoyuan Road,5669.313303,100031,100186,245,22,223,164,59
Second hospital of the Medical University,Nancuiping,5667.791162,100115,100100,300,70,230,156,74
Nancuiping,Second hospital of the Medical University,5667.791162,100100,100115,278,64,214,162,52
Xingfu Park,Dawang Zhuang,5667.589459,100159,100023,223,54,169,110,59
Dawang Zhuang,Xingfu Park,5667.589459,100023,100159,209,44,165,105,60
Dongjiang Road,Fangshan Road,5667.212511,100028,100038,7,1,6,0,6
Fangshan Road,Dongjiang Road,5667.212511,100038,100028,7,2,5,4,1
Tumour Hospital,Xiaobailou,5666.00955,100141,100154,1434,268,1166,712,454
Xiaobailou,Tumour Hospital,5666.00955,100154,100141,1348,284,1064,656,408
Chentang Zhuang,Huanyu Road,5664.045164,100015,100059,21,3,18,13,5
Huanyu Road,Chentang Zhuang,5664.045164,100059,100015,17,4,13,8,5
Sports Centre,Tiantuo,5661.356006,100126,100138,58,21,37,16,21
Tiantuo,Sports Centre,5661.356006,100138,100126,49,16,33,23,10
Xiawafang,Southwest corner,5659.933331,100157,100124,1253,312,941,548,393
Southwest corner,Xiawafang,5659.933331,100124,100157,1233,309,924,544,380
Xikang Road,Shiyijing Road,5657.462082,100158,100117,293,60,233,148,85
Shiyijing Road,Xikang Road,5657.462082,100117,100158,259,43,216,110,106
North Station,Gulou,5655.966201,100108,100045,380,148,232,115,117
Gulou,North Station,5655.966201,100045,100108,318,116,202,95,107
Second hospital of the Medical University,Changling Road,5653.167795,100115,100013,237,29,208,121,87
Changling Road,Second hospital of the Medical University,5653.167795,100013,100115,227,24,203,160,43
Bei Zhulin,Yingkou Road,5652.880985,100004,100174,141,65,76,58,18
Yingkou Road,Bei Zhulin,5652.880985,100174,100004,100,37,63,33,30
Tianshili,Minquan Gate,5652.310432,100136,100099,52,15,37,28,9
Minquan Gate,Tianshili,5652.310432,100099,100136,52,13,39,24,15
Huaihe Road,Jianchang Road,5647.881672,100058,100063,170,42,128,91,37
Jianchang Road,Huaihe Road,5647.881672,100063,100058,165,35,130,83,47
Chenglin Road,Gulou,5645.451209,100014,100045,416,130,286,173,113
Gulou,Chenglin Road,5645.451209,100045,100014,408,141,267,121,146
Tiantai Road,Yixingbu,5645.069803,100137,100175,113,44,69,34,35
Yixingbu,Tiantai Road,5645.069803,100175,100137,112,41,71,38,33
Siyuan Road,Shunchi Bridge,5642.987639,100121,100120,14,2,12,8,4
Shunchi Bridge,Siyuan Road,5642.987639,100120,100121,11,2,9,5,4
JinZhong Street,Xingfu Park,5638.882783,100080,100159,699,110,589,438,151
Xingfu Park,JinZhong Street,5638.882783,100159,100080,698,111,587,382,205
Xuzhou Road,Zhongshan Road,5638.300883,100167,100190,71,10,61,39,22
Zhongshan Road,Xuzhou Road,5638.300883,100190,100167,43,4,39,24,15
Chenglin Road,Cultural centre,5637.598699,100014,100020,927,251,676,437,239
Cultural centre,Chenglin Road,5637.598699,100020,100014,847,219,628,363,265
Foreign Languages High School,Yuanyang International Centre,5636.959199,100040,100179,35,3,32,27,5
Yuanyang International Centre,Foreign Languages High School,5636.959199,100179,100040,20,6,14,10,4
Wandong Road,Xiawafang,5633.302454,100144,100157,407,67,340,274,66
Xiawafang,Wandong Road,5633.302454,100157,100144,398,74,324,224,100
Xuzhuangzi,Zhangxing Zhuang,5631.717842,100168,100185,44,4,40,35,5
Zhangxing Zhuang,Xuzhuangzi,5631.717842,100185,100168,39,2,37,33,4
Yuanyang International Centre,Tiedong Road,5630.822985,100179,100139,461,109,352,213,139
Tiedong Road,Yuanyang International Centre,5630.822985,100139,100179,373,91,282,178,104
Fuxing Gate,Zhigu,5630.058998,100041,100188,150,28,122,77,45
Zhigu,Fuxing Gate,5630.058998,100188,100041,150,25,125,94,31
Fangshan Road,Dengzhou Road,5628.167457,100038,100024,51,10,41,37,4
Dengzhou Road,Fangshan Road,5628.167457,100024,100038,31,12,19,13,6
Qinjian Road,Erwei Road,5625.760087,100113,100036,1468,195,1273,951,322
Erwei Road,Qinjian Road,5625.760087,100036,100113,1320,205,1115,748,367
Tiantuo,Cultural centre,5625.398893,100138,100020,450,109,341,205,136
Cultural centre,Tiantuo,5625.398893,100020,100138,427,120,307,212,95
Cuifu New Village,Jinshi Bridge,5621.416693,100019,100076,155,35,120,80,40
Jinshi Bridge,Cuifu New Village,5621.416693,100076,100019,111,23,88,60,28
Yingkou Road,Taichang Road,5621.2345,100174,100128,1257,441,816,424,392
Taichang Road,Yingkou Road,5621.2345,100128,100174,1013,349,664,339,325
Haiguang Temple,Southwest Tower,5620.932775,100048,100125,741,140,601,365,236
Southwest Tower,Haiguang Temple,5620.932775,100125,100048,737,161,576,392,184
Jinshi Bridge,Guangkaisima Road,5618.663467,100076,100044,322,67,255,176,79
Guangkaisima Road,Jinshi Bridge,5618.663467,100044,100076,284,56,228,146,82
Haiguang Temple,Dawang Zhuang,5617.809152,100048,100023,248,47,201,130,71
Dawang Zhuang,Haiguang Temple,5617.809152,100023,100048,244,39,205,123,82
Wanshan Road,Xuelian South Road,5616.138753,100146,100164,2,1,1,1,0
Xuelian South Road,Wanshan Road,5616.138753,100164,100146,1,1,0,0,0
Yingfeng Road,High-Tech Zone,5615.4474,100173,100054,155,12,143,117,26
High-Tech Zone,Yingfeng Road,5615.4474,100054,100173,154,18,136,96,40
Southwest corner,Xinkai River,5615.396706,100124,100160,109,33,76,47,29
Xinkai River,Southwest corner,5615.396706,100160,100124,107,35,72,48,24
Weishan Road,Zhaoyuan Road,5611.471891,100148,100186,27,4,23,18,5
Zhaoyuan Road,Weishan Road,5611.471891,100186,100148,22,4,18,6,12
Tiantai Road,Zhicheng Road,5611.16263,100137,100187,63,15,48,30,18
Zhicheng Road,Tiantai Road,5611.16263,100187,100137,44,18,26,15,11
Qinjian Road,Gulou,5609.918764,100113,100045,1051,357,694,312,382
Gulou,Qinjian Road,5609.918764,100045,100113,1033,391,642,236,406
Chenglin Road,Jinmao Industrial Area,5606.100549,100014,100074,74,6,68,62,6
Jinmao Industrial Area,Chenglin Road,5606.100549,100074,100014,64,4,60,51,9
Xingfu Park,Yixingbu,5604.414425,100159,100175,222,68,154,91,63
Yixingbu,Xingfu Park,5604.414425,100175,100159,220,50,170,93,77
Yingfeng Road,Changling Road,5603.478736,100173,100013,174,31,143,99,44
Changling Road,Yingfeng Road,5603.478736,100013,100173,167,38,129,70,59
Southwest Tower,Jinwan Square,5602.935361,100125,100078,176,53,123,78,45
Jinwan Square,Southwest Tower,5602.935361,100078,100125,143,41,102,42,60
Jingjiang Road,Nanlou,5602.460701,100072,100102,459,67,392,308,84
Nanlou,Jingjiang Road,5602.460701,100102,100072,399,51,348,247,101
Chenglin Road,Anshan Road,5598.405678,100014,100002,966,169,797,582,215
Anshan Road,Chenglin Road,5598.405678,100002,100014,941,170,771,467,304
Cuifu New Village,Dawang Zhuang,5590.376402,100019,100023,219,37,182,132,50
Dawang Zhuang,Cuifu New Village,5590.376402,100023,100019,188,41,147,81,66
Xiawafang,Jianguo Road,5589.757205,100157,100064,259,49,210,124,86
Jianguo Road,Xiawafang,5589.757205,100064,100157,239,38,201,132,69
Yueya River,Jinshi Bridge,5589.096741,100182,100076,404,82,322,218,104
Jinshi Bridge,Yueya River,5589.096741,100076,100182,347,65,282,176,106
Guangkaisima Road,Dawang Zhuang,5587.623176,100044,100023,400,68,332,257,75
Dawang Zhuang,Guangkaisima Road,5587.623176,100023,100044,363,63,300,206,94
Northwest Corner,Jieyuan West Road,5587.19828,100109,100069,834,199,635,296,339
Jieyuan West Road,Northwest Corner,5587.19828,100069,100109,754,170,584,380,204
Yibin Road,Water Park Road East,5586.741879,100171,100147,715,184,531,385,146
Water Park Road East,Yibin Road,5586.741879,100147,100171,637,152,485,291,194
Chenglin Road,Xiangshan Road,5585.869017,100014,100151,91,17,74,55,19
Xiangshan Road,Chenglin Road,5585.869017,100151,100014,75,20,55,24,31
Yaohuan Road,Nancuiping,5584.381024,100170,100100,34,4,30,23,7
Nancuiping,Yaohuan Road,5584.381024,100100,100170,25,3,22,18,4
JinZhong River Street,Liaohe North Road,5584.090087,100079,100084,224,34,190,142,48
Liaohe North Road,JinZhong River Street,5584.090087,100084,100079,216,33,183,138,45
Yixingbu North,North China Group,5581.340667,100176,100107,495,123,372,217,155
North China Group,Yixingbu North,5581.340667,100107,100176,425,99,326,177,149
Heping Road,Xingfu Park,5578.268559,100053,100159,1089,329,760,334,426
Xingfu Park,Heping Road,5578.268559,100159,100053,974,280,694,415,279
Xueyuan North Road,Shuanglin,5578.019326,100165,100119,3,1,2,2,0
Tiedong Road,North China Group,5577.790834,100139,100107,1255,264,991,667,324
North China Group,Tiedong Road,5577.790834,100107,100139,1116,258,858,533,325
Xuelian South Road,Fuxing Gate,5577.254483,100164,100041,6,0,6,5,1
Fuxing Gate,Xuelian South Road,5577.254483,100041,100164,1,0,1,1,0
Yueya River,Tianshili,5575.007052,100182,100136,123,27,96,65,31
Tianshili,Yueya River,5575.007052,100136,100182,97,16,81,57,24
Tumour Hospital,Zhigu,5566.924006,100141,100188,1109,187,922,482,440
Zhigu,Tumour Hospital,5566.924006,100188,100141,1081,176,905,590,315
Hangshuang Road,Jinmao Industrial Area,5565.953417,100051,100074,3,0,3,2,1
Jinmao Industrial Area,Hangshuang Road,5565.953417,100074,100051,2,0,2,1,1
Southwest corner,Liuwei Road,5565.758983,100124,100090,175,62,113,69,44
Liuwei Road,Southwest corner,5565.758983,100090,100124,171,54,117,78,39
Zhongshan Road,Xingfu Park,5565.686184,100190,100159,330,71,259,138,121
Xingfu Park,Zhongshan Road,5565.686184,100159,100190,317,73,244,164,80
Lushui Road,Second hospital of the Medical University,5564.166027,100093,100115,1166,188,978,715,263
Second hospital of the Medical University,Lushui Road,5564.166027,100115,100093,1116,196,920,560,360
Shaliu South Road,Jintang Road,5563.204744,100116,100077,163,37,126,73,53
Jintang Road,Shaliu South Road,5563.204744,100077,100116,158,32,126,64,62
Leyuan Road,Shiyijing Road,5560.267091,100083,100117,33,16,17,8,9
Shiyijing Road,Leyuan Road,5560.267091,100117,100083,12,8,4,1,3
Dongxing Road,Jianguo Road,5559.051932,100035,100064,165,42,123,78,45
Jianguo Road,Dongxing Road,5559.051932,100064,100035,160,36,124,83,41
Fuxing Gate,Longhan Road,5559.034916,100041,100092,60,14,46,35,11
Longhan Road,Fuxing Gate,5559.034916,100092,100041,42,7,35,29,6
Jianchang Road,Chenglin Road,5553.643872,100063,100014,200,40,160,121,39
Chenglin Road,Jianchang Road,5553.643872,100014,100063,190,40,150,92,58
Xuzhuangzi,Jingjiang Road,5553.127975,100168,100072,144,15,129,106,23
Jingjiang Road,Xuzhuangzi,5553.127975,100072,100168,121,14,107,83,24
North China Group,Siyuan Road,5551.871466,100107,100121,33,8,25,9,16
Siyuan Road,North China Group,5551.871466,100121,100107,30,5,25,19,6
Wandong Road,Huanyu Road,5551.269092,100144,100059,11,2,9,3,6
Huanyu Road,Wandong Road,5551.269092,100059,100144,6,1,5,2,3
Minquan Gate,Yixingbu North,5550.274718,100099,100176,113,42,71,37,34
Yixingbu North,Minquan Gate,5550.274718,100176,100099,100,43,57,32,25
Dawang Zhuang,Cultural centre,5550.106793,100023,100020,314,78,236,138,98
Cultural centre,Dawang Zhuang,5550.106793,100020,100023,301,77,224,121,103
Chentang Zhuang,Dongxing Road,5549.477549,100015,100035,26,4,22,14,8
Dongxing Road,Chentang Zhuang,5549.477549,100035,100015,14,2,12,10,2
Erwei Road,Jinshi Bridge,5547.891471,100036,100076,247,42,205,129,76
Jinshi Bridge,Erwei Road,5547.891471,100076,100036,204,43,161,125,36
Honghu Li,Haiguang Temple,5547.745433,100055,100048,2917,738,2179,1682,497
Haiguang Temple,Honghu Li,5547.745433,100048,100055,2723,687,2036,1327,709
Xiangshan Road,Hangshuang Road,5545.721885,100151,100051,40,6,34,26,8
Hangshuang Road,Xiangshan Road,5545.721885,100051,100151,37,4,33,23,10
Anshan Road,Shiyijing Road,5542.693744,100002,100117,106,11,95,69,26
Shiyijing Road,Anshan Road,5542.693744,100117,100002,92,24,68,48,20
Zuojiang Road,Nancuiping,5535.509576,100192,100100,181,48,133,80,53
Nancuiping,Zuojiang Road,5535.509576,100100,100192,172,38,134,88,46
Yudongcheng,Yueya River,5535.403911,100180,100182,554,97,457,273,184
Yueya River,Yudongcheng,5535.403911,100182,100180,397,75,322,215,107
Anshan Road,Jintang Road,5534.244044,100002,100077,747,137,610,417,193
Jintang Road,Anshan Road,5534.244044,100077,100002,691,122,569,414,155
Lilou,Fuxing Gate,5533.719505,100086,100041,230,28,202,148,54
Fuxing Gate,Lilou,5533.719505,100041,100086,225,30,195,120,75
Xingfu Park,Xuzhou Road,5532.627312,100159,100167,845,113,732,591,141
Xuzhou Road,Xingfu Park,5532.627312,100167,100159,773,112,661,466,195
Nancuiping,University town,5531.637072,100100,100143,158,72,86,46,40
University town,Nancuiping,5531.637072,100143,100100,132,30,102,64,38
Nanzhu Bridge,Shuanglin,5531.34001,100104,100119,131,17,114,95,19
Shuanglin,Nanzhu Bridge,5531.34001,100119,100104,120,18,102,75,27
Sports Centre,Xiawafang,5530.352642,100126,100157,1179,295,884,584,300
Xiawafang,Sports Centre,5530.352642,100157,100126,1091,280,811,491,320
Huayuan,Yangwu Zhuang,5526.3655,100061,100169,2078,366,1712,955,757
Yangwu Zhuang,Huayuan,5526.3655,100169,100061,2025,347,1678,1351,327
Tiantai Road,Yibin Road,5526.266577,100137,100171,635,126,509,385,124
Yibin Road,Tiantai Road,5526.266577,100171,100137,585,127,458,301,157
Huayuan,Yibin Road,5524.813336,100061,100171,632,83,549,388,161
Yibin Road,Huayuan,5524.813336,100171,100061,626,76,550,440,110
Heping Road,Tucheng,5523.630133,100053,100140,1266,361,905,416,489
Tucheng,Heping Road,5523.630133,100140,100053,1174,330,844,541,303
Jianshan Road,Jintang Road,5522.289614,100066,100077,103,17,86,61,25
Jintang Road,Jianshan Road,5522.289614,100077,100066,75,7,68,56,12
Anshan Road,Yibin Road,5522.042461,100002,100171,119,30,89,54,35
Yibin Road,Anshan Road,5522.042461,100171,100002,113,42,71,49,22
Shunchi Bridge,Xikang Road,5521.548512,100120,100158,548,97,451,344,107
Xikang Road,Shunchi Bridge,5521.548512,100158,100120,485,83,402,281,121
Chenglin Road,Laoshan Road,5519.525371,100014,100082,100,32,68,33,35
Laoshan Road,Chenglin Road,5519.525371,100082,100014,53,14,39,16,23
Tucheng,Xikang Road,5516.98585,100140,100158,626,116,510,366,144
Xikang Road,Tucheng,5516.98585,100158,100140,559,96,463,312,151
Erwei Road,Dawang Zhuang,5516.851179,100036,100023,102,17,85,56,29
Dawang Zhuang,Erwei Road,5516.851179,100023,100036,95,21,74,43,31
Chunhai Road,Xuelian South Road,5516.07532,100017,100164,36,7,29,17,12
Xuelian South Road,Chunhai Road,5516.07532,100164,100017,32,4,28,23,5
Wujiayao,Jianguo Road,5515.984604,100150,100064,345,52,293,184,109
Jianguo Road,Wujiayao,5515.984604,100064,100150,275,43,232,161,71
Southwest corner,Bianxing,5512.958435,100124,100009,1187,311,876,413,463
Bianxing,Southwest corner,5512.958435,100009,100124,1179,316,863,578,285
Liqi Zhuang South,Youyi South Road,5512.527922,100088,100178,23,0,23,17,6
Youyi South Road,Liqi Zhuang South,5512.527922,100178,100088,11,1,10,6,4
Northwest Corner,Zhongshan Road,5510.929326,100109,100190,167,70,97,33,64
Zhongshan Road,Northwest Corner,5510.929326,100190,100109,126,50,76,39,37
Siyuan Road,JinZhong Street,5509.479885,100121,100080,61,15,46,30,16
JinZhong Street,Siyuan Road,5509.479885,100080,100121,34,11,23,13,10
People's Hospital,North Station,5508.80716,100111,100108,485,91,394,225,169
North Station,People's Hospital,5508.80716,100108,100111,483,100,383,203,180
West Station,Tiantuo,5507.669308,100149,100138,1832,480,1352,530,822
Tiantuo,West Station,5507.669308,100138,100149,1494,431,1063,656,407
Zhigu,Haiguang Temple,5507.005438,100188,100048,748,129,619,439,180
Haiguang Temple,Zhigu,5507.005438,100048,100188,699,116,583,362,221
Shunchi Bridge,Xiawafang,5505.723187,100120,100157,339,62,277,188,89
Xiawafang,Shunchi Bridge,5505.723187,100157,100120,315,77,238,147,91
Tianjin Station,West Station,5504.344201,100135,100149,4407,1561,2846,1038,1808
West Station,Tianjin Station,5504.344201,100149,100135,4141,1386,2755,820,1935
Shiyijing Road,Southwest corner,5501.867357,100117,100124,451,89,362,225,137
Southwest corner,Shiyijing Road,5501.867357,100124,100117,429,80,349,241,108
Heping Road,Cuifu New Village,5501.055502,100053,100019,752,240,512,226,286
Cuifu New Village,Heping Road,5501.055502,100019,100053,709,226,483,312,171
Tucheng,Jianshan Road,5499.940159,100140,100066,16,1,15,12,3
Jianshan Road,Tucheng,5499.940159,100066,100140,16,0,16,13,3
Xuzhou Road,Xiawafang,5497.695593,100167,100157,6,1,5,3,2
Xiawafang,Xuzhou Road,5497.695593,100157,100167,1,1,0,0,0
Taihu Road,Tanggu,5495.646463,100130,100131,3429,670,2759,1952,807
Tanggu,Taihu Road,5495.646463,100131,100130,3153,653,2500,1669,831
Jinshi Bridge,Haiguang Temple,5495.410049,100076,100048,932,197,735,563,172
Haiguang Temple,Jinshi Bridge,5495.410049,100048,100076,910,185,725,442,283
Chentang Zhuang,Cultural centre,5494.736738,100015,100020,214,71,143,86,57
Cultural centre,Chentang Zhuang,5494.736738,100020,100015,192,68,124,54,70
Huashan Li,Xiawafang,5492.668081,100060,100157,3508,651,2857,2118,739
Xiawafang,Huashan Li,5492.668081,100157,100060,3493,672,2821,1743,1078
Yuanyang International Centre,Beining Park,5492.032221,100179,100006,141,50,91,33,58
Beining Park,Yuanyang International Centre,5492.032221,100006,100179,131,55,76,47,29
Jinwan Square,Dongxing Road,5491.746045,100078,100035,140,36,104,57,47
Dongxing Road,Jinwan Square,5491.746045,100035,100078,97,17,80,54,26
Yueya River,Dabi Zhuang,5491.053148,100182,100021,481,81,400,245,155
Dabi Zhuang,Yueya River,5491.053148,100021,100182,448,77,371,260,111
Yueya River,Yixingbu North,5489.203805,100182,100176,770,178,592,392,200
Yixingbu North,Yueya River,5489.203805,100176,100182,724,142,582,381,201
Jingjiang Road,Gulou,5488.512198,100072,100045,1779,523,1256,693,563
Gulou,Jingjiang Road,5488.512198,100045,100072,1748,564,1184,581,603
Water Park Road East,Meijiang Exhibition Centre,5487.229862,100147,100095,320,97,223,127,96
Meijiang Exhibition Centre,Water Park Road East,5487.229862,100095,100147,306,119,187,89,98
Heping Road,Wandong Road,5485.249739,100053,100144,1522,440,1082,536,546
Wandong Road,Heping Road,5485.249739,100144,100053,1485,374,1111,777,334
Xianyang Road,Anshan Road,5482.458289,100153,100002,1007,201,806,575,231
Anshan Road,Xianyang Road,5482.458289,100002,100153,894,150,744,475,269
Jingli Road,Jinnan Campus of Nankai University,5478.583636,100073,100075,58,8,50,24,26
Jinnan Campus of Nankai University,Jingli Road,5478.583636,100075,100073,46,9,37,22,15
Shunchi Bridge,Dengzhou Road,5470.986856,100120,100024,500,74,426,282,144
Dengzhou Road,Shunchi Bridge,5470.986856,100024,100120,437,70,367,267,100
Heping Road,West Station,5470.763971,100053,100149,1401,758,643,196,447
West Station,Heping Road,5470.763971,100149,100053,986,333,653,184,469
Foreign Languages High School,Jianchang Road,5469.625405,100040,100063,28,3,25,15,10
Jianchang Road,Foreign Languages High School,5469.625405,100063,100040,19,4,15,8,7
Fuxing Road,Jianguo Road,5465.919021,100042,100064,67,30,37,13,24
Jianguo Road,Fuxing Road,5465.919021,100064,100042,42,15,27,15,12
Tianjin Station,Tian Tower,5465.227178,100135,100133,4188,1485,2703,1240,1463
Tian Tower,Tianjin Station,5465.227178,100133,100135,4110,1405,2705,1257,1448
Cuifu New Village,Xuzhou Road,5461.395566,100019,100167,345,44,301,227,74
Xuzhou Road,Cuifu New Village,5461.395566,100167,100019,257,39,218,155,63
Tianjin Hotel,Yizhongxin Hospital,5460.765418,100134,100177,482,90,392,287,105
Yizhongxin Hospital,Tianjin Hotel,5460.765418,100177,100134,466,98,368,259,109
Xunhai Road,Haihe East Road,5454.569196,100166,100049,16,2,14,6,8
Haihe East Road,Xunhai Road,5454.569196,100049,100166,12,4,8,7,1
Tumour Hospital,Nanlou,5454.194993,100141,100102,353,52,301,181,120
Nanlou,Tumour Hospital,5454.194993,100102,100141,345,47,298,173,125
Zuojiang Road,Xiawafang,5454.037603,100192,100157,519,79,440,355,85
Xiawafang,Zuojiang Road,5454.037603,100157,100192,497,56,441,308,133
Jiangwan Erzhi Road,Water Park Road East,5450.694686,100065,100147,10,5,5,2,3
Water Park Road East,Jiangwan Erzhi Road,5450.694686,100147,100065,5,0,5,0,5
Zhangxing Zhuang,Fengchan River,5446.695578,100185,100039,30,9,21,11,10
Fengchan River,Zhangxing Zhuang,5446.695578,100039,100185,18,9,9,9,0
Taichang Road,Yuejin North Road,5444.907039,100128,100181,2208,682,1526,641,885
Yuejin North Road,Taichang Road,5444.907039,100181,100128,2158,698,1460,847,613
West Station,Jinshi Bridge,5441.591297,100149,100076,517,174,343,110,233
Jinshi Bridge,West Station,5441.591297,100076,100149,352,113,239,152,87
Minquan Gate,Dabi Zhuang,5440.548034,100099,100021,620,205,415,192,223
Dabi Zhuang,Minquan Gate,5440.548034,100021,100099,611,187,424,243,181
Erwei Road,Tian Tower,5439.798412,100036,100133,342,82,260,124,136
Tian Tower,Erwei Road,5439.798412,100133,100036,313,98,215,114,101
Yihao Bridge,Jintang Road,5439.260849,100172,100077,77,17,60,28,32
Jintang Road,Yihao Bridge,5439.260849,100077,100172,77,15,62,41,21
Tianjin Station,Yueya River,5438.613447,100135,100182,1466,447,1019,451,568
Yueya River,Tianjin Station,5438.613447,100182,100135,1312,443,869,546,323
Minquan Gate,Chenglin Road,5433.055087,100099,100014,167,46,121,78,43
Chenglin Road,Minquan Gate,5433.055087,100014,100099,163,45,118,78,40
Honghu Li,Xianyang Road,5429.536164,100055,100153,437,109,328,228,100
Xianyang Road,Honghu Li,5429.536164,100153,100055,410,95,315,224,91
Foreign Languages High School,Jianguo Road,5428.666727,100040,100064,19,2,17,9,8
Jianguo Road,Foreign Languages High School,5428.666727,100064,100040,12,1,11,5,6
Wangdingdi,Sports Centre,5427.990756,100145,100126,17,5,12,10,2
Sports Centre,Wangdingdi,5427.990756,100126,100145,13,5,8,2,6
Changling Road,Jianshan Road,5427.450468,100013,100066,253,39,214,140,74
Jianshan Road,Changling Road,5427.450468,100066,100013,201,34,167,99,68
Jingjiang Road,Yingkou Road,5423.514888,100072,100174,2005,542,1463,943,520
Yingkou Road,Jingjiang Road,5423.514888,100174,100072,1943,552,1391,731,660
Tiedong Road,Jianguo Road,5422.530513,100139,100064,377,55,322,238,84
Jianguo Road,Tiedong Road,5422.530513,100064,100139,319,42,277,184,93
Tumour Hospital,Youyi South Road,5422.273856,100141,100178,9,1,8,5,3
Youyi South Road,Tumour Hospital,5422.273856,100178,100141,7,3,4,2,2
People's Hospital,Jianguo Road,5421.952148,100111,100064,150,37,113,67,46
Jianguo Road,People's Hospital,5421.952148,100064,100111,141,22,119,65,54
Nancuiping,Southwest Tower,5419.705289,100100,100125,272,58,214,168,46
Southwest Tower,Nancuiping,5419.705289,100125,100100,245,55,190,121,69
Xueyuan North Road,Magangchang,5417.683119,100165,100094,26,6,20,12,8
Magangchang,Xueyuan North Road,5417.683119,100094,100165,25,7,18,15,3
Jin Street,Tian Tower,5416.415773,100070,100133,143,51,92,35,57
Tian Tower,Jin Street,5416.415773,100133,100070,134,48,86,39,47
Honghu Li,Southeast Corner,5414.339732,100055,100123,842,360,482,309,173
Southeast Corner,Honghu Li,5414.339732,100123,100055,824,302,522,254,268
Number Two Bridge,Zhigu,5409.787113,100110,100188,830,102,728,538,190
Zhigu,Number Two Bridge,5409.787113,100188,100110,794,99,695,444,251
Xiawafang,Water Park Road East,5408.570277,100157,100147,365,78,287,192,95
Water Park Road East,Xiawafang,5408.570277,100147,100157,333,78,255,162,93
Meijiang Exhibition Centre,Shuanggang,5407.641322,100095,100118,181,80,101,60,41
Shuanggang,Meijiang Exhibition Centre,5407.641322,100118,100095,163,57,106,52,54
Anshan Road,Shunchi Bridge,5406.780174,100002,100120,284,58,226,118,108
Shunchi Bridge,Anshan Road,5406.780174,100120,100002,278,42,236,178,58
Meilin Road,Jianshan Road,5404.677486,100098,100066,448,70,378,306,72
Jianshan Road,Meilin Road,5404.677486,100066,100098,394,57,337,228,109
Tianjin Station,Minquan Gate,5404.654287,100135,100099,688,210,478,181,297
Minquan Gate,Tianjin Station,5404.654287,100099,100135,545,176,369,209,160
Xiaobailou,Guangkaisima Road,5403.499803,100154,100044,922,207,715,446,269
Guangkaisima Road,Xiaobailou,5403.499803,100044,100154,902,231,671,474,197
Jin Street,North Station,5400.477357,100070,100108,47,21,26,13,13
North Station,Jin Street,5400.477357,100108,100070,46,20,26,17,9
North Station,Yingkou Road,5399.97248,100108,100174,2071,748,1323,755,568
Yingkou Road,North Station,5399.97248,100174,100108,1949,649,1300,711,589
Xuzhuangzi,Zhongshan Road,5396.628876,100168,100190,63,12,51,36,15
Zhongshan Road,Xuzhuangzi,5396.628876,100190,100168,61,17,44,24,20
Jingjiang Road,Shaliu South Road,5396.481376,100072,100116,208,31,177,112,65
Shaliu South Road,Jingjiang Road,5396.481376,100116,100072,187,38,149,99,50
Dongxing Road,Tianjin Hotel,5392.137694,100035,100134,120,23,97,75,22
Tianjin Hotel,Dongxing Road,5392.137694,100134,100035,98,23,75,52,23
Cultural centre,Yizhongxin Hospital,5390.448767,100020,100177,577,158,419,238,181
Yizhongxin Hospital,Cultural centre,5390.448767,100177,100020,535,156,379,238,141
Longhan Road,Taichang Road,5388.654398,100092,100128,343,108,235,119,116
Taichang Road,Longhan Road,5388.654398,100128,100092,328,135,193,91,102
Xiawafang,Southeast Corner,5388.635074,100157,100123,421,186,235,134,101
Southeast Corner,Xiawafang,5388.635074,100123,100157,392,153,239,131,108
Magangchang,Jinmao Industrial Area,5388.538406,100094,100074,44,4,40,32,8
Jinmao Industrial Area,Magangchang,5388.538406,100074,100094,32,3,29,23,6
Shiyijing Road,North Station,5386.600218,100117,100108,163,32,131,76,55
North Station,Shiyijing Road,5386.600218,100108,100117,153,27,126,89,37
Erwei Road,Jieyuan West Road,5382.239825,100036,100069,703,70,633,481,152
Jieyuan West Road,Erwei Road,5382.239825,100069,100036,585,56,529,453,76
Xinkai River,Xingfu Park,5379.737306,100160,100159,200,58,142,88,54
Xingfu Park,Xinkai River,5379.737306,100159,100160,194,47,147,105,42
Magangchang,Chentang Zhuang,5375.181947,100094,100015,67,7,60,41,19
Chentang Zhuang,Magangchang,5375.181947,100015,100094,46,9,37,28,9
Tucheng,Chenglin Road,5372.594035,100140,100014,516,86,430,306,124
Chenglin Road,Tucheng,5372.594035,100014,100140,514,84,430,319,111
Dengzhou South Road,Chenglin Road,5366.257422,100025,100014,433,71,362,243,119
Chenglin Road,Dengzhou South Road,5366.257422,100014,100025,407,65,342,200,142
Jintang Road,Yueya River,5365.906832,100077,100182,822,173,649,403,246
Yueya River,Jintang Road,5365.906832,100182,100077,765,162,603,386,217
Gulou,Jieyuan West Road,5362.612476,100045,100069,1939,560,1379,677,702
Jieyuan West Road,Gulou,5362.612476,100069,100045,1869,543,1326,844,482
Meijiang Road,Lingbin Road,5362.36258,100097,100087,56,11,45,36,9
Lingbin Road,Meijiang Road,5362.36258,100087,100097,44,10,34,21,13
Bei Zhulin,Jianguo Road,5362.342745,100004,100064,13,1,12,12,0
Jianguo Road,Bei Zhulin,5362.342745,100064,100004,7,1,6,5,1
Wujiayao,Southwest corner,5359.522762,100150,100124,564,108,456,293,163
Southwest corner,Wujiayao,5359.522762,100124,100150,456,92,364,240,124
Xueyuan North Road,Shaliu South Road,5354.535407,100165,100116,34,10,24,13,11
Shaliu South Road,Xueyuan North Road,5354.535407,100116,100165,31,7,24,20,4
Jingjiang Road,Zhicheng Road,5353.496402,100072,100187,341,54,287,163,124
Zhicheng Road,Jingjiang Road,5353.496402,100187,100072,314,73,241,158,83
Xuelian South Road,Dongli Sanjing Road,5352.98362,100164,100032,172,11,161,142,19
Dongli Sanjing Road,Xuelian South Road,5352.98362,100032,100164,148,8,140,112,28
Jin Street,Yibin Road,5352.334293,100070,100171,104,33,71,47,24
Yibin Road,Jin Street,5352.334293,100171,100070,94,30,64,40,24
Shunchi Bridge,Southwest corner,5351.499892,100120,100124,878,201,677,430,247
Southwest corner,Shunchi Bridge,5351.499892,100124,100120,813,188,625,375,250
Cuifu New Village,Shaliu South Road,5351.214078,100019,100116,24,11,13,10,3
Shaliu South Road,Cuifu New Village,5351.214078,100116,100019,15,3,12,6,6
Laoshan Road,Xingfu Park,5346.972644,100082,100159,85,18,67,29,38
Xingfu Park,Laoshan Road,5346.972644,100159,100082,66,15,51,16,35
Xinkai River,Southeast Corner,5346.802134,100160,100123,34,13,21,9,12
Southeast Corner,Xinkai River,5346.802134,100123,100160,30,3,27,11,16
Southeast Corner,Zhigu,5345.172372,100123,100188,284,104,180,98,82
Zhigu,Southeast Corner,5345.172372,100188,100123,272,93,179,101,78
Tucheng,Dawang Zhuang,5344.081442,100140,100023,161,25,136,99,37
Dawang Zhuang,Tucheng,5344.081442,100023,100140,145,23,122,78,44
Gaozhuangzi,Donggu Road,5343.489186,100043,100026,45,12,33,21,12
Donggu Road,Gaozhuangzi,5343.489186,100026,100043,39,13,26,21,5
Bei Zhulin,Minquan Gate,5341.152536,100004,100099,38,10,28,18,10
Minquan Gate,Bei Zhulin,5341.152536,100099,100004,35,15,20,8,12
Huashan Li,Nanzhu Bridge,5336.740299,100060,100104,28,4,24,17,7
Nanzhu Bridge,Huashan Li,5336.740299,100104,100060,27,6,21,21,0
Anshan West Road,Northwest Corner,5333.88411,100003,100109,506,103,403,233,170
Northwest Corner,Anshan West Road,5333.88411,100109,100003,419,93,326,171,155
Jintang Road,Jianguo Road,5330.161334,100077,100064,104,37,67,37,30
Jianguo Road,Jintang Road,5330.161334,100064,100077,93,30,63,31,32
Shaliu South Road,Liuwei Road,5327.623787,100116,100090,583,119,464,331,133
Liuwei Road,Shaliu South Road,5327.623787,100090,100116,571,100,471,238,233
Foreign Languages High School,Jinwan Square,5326.477767,100040,100078,90,15,75,60,15
Jinwan Square,Foreign Languages High School,5326.477767,100078,100040,74,13,61,45,16
Yueya River,Tiedong Road,5325.649885,100182,100139,352,62,290,203,87
Tiedong Road,Yueya River,5325.649885,100139,100182,332,66,266,149,117
Tiedong Road,Jinwan Square,5319.947051,100139,100078,1409,233,1176,913,263
Jinwan Square,Tiedong Road,5319.947051,100078,100139,1228,227,1001,668,333
Foreign Languages High School,Qinjian Road,5318.349491,100040,100113,51,10,41,35,6
Qinjian Road,Foreign Languages High School,5318.349491,100113,100040,46,7,39,23,16
Xianyang Road,Jin Street,5312.584377,100153,100070,410,105,305,238,67
Jin Street,Xianyang Road,5312.584377,100070,100153,395,97,298,172,126
Cuifu New Village,Jianchang Road,5311.934458,100019,100063,38,5,33,23,10
Jianchang Road,Cuifu New Village,5311.934458,100063,100019,35,5,30,21,9
North Station,Honghu Li,5311.81886,100108,100055,196,41,155,78,77
Honghu Li,North Station,5311.81886,100055,100108,180,46,134,76,58
Honghu Li,Yibin Road,5309.527374,100055,100171,348,84,264,189,75
Yibin Road,Honghu Li,5309.527374,100171,100055,287,67,220,169,51
Shiyijing Road,Xuzhou Road,5307.112664,100117,100167,2,0,2,2,0
Xuzhou Road,Shiyijing Road,5307.112664,100167,100117,2,0,2,1,1
Jintang Road,Chentang Zhuang,5307.070503,100077,100015,173,24,149,108,41
Chentang Zhuang,Jintang Road,5307.070503,100015,100077,141,23,118,76,42
Nanzhu Bridge,Huanyu Road,5304.753953,100104,100059,47,6,41,37,4
Huanyu Road,Nanzhu Bridge,5304.753953,100059,100104,47,5,42,38,4
Xiaobailou,Jinshi Bridge,5301.310396,100154,100076,1677,368,1309,818,491
Jinshi Bridge,Xiaobailou,5301.310396,100076,100154,1644,359,1285,949,336
Yuanyang International Centre,JinZhong River Street,5300.775262,100179,100079,474,144,330,177,153
JinZhong River Street,Yuanyang International Centre,5300.775262,100079,100179,472,121,351,226,125
University of Civil Aviation,Shaliu South Road,5297.488982,100142,100116,367,113,254,124,130
Shaliu South Road,University of Civil Aviation,5297.488982,100116,100142,340,109,231,120,111
Yuanyang International Centre,Northwest Corner,5285.910464,100179,100109,725,272,453,256,197
Northwest Corner,Yuanyang International Centre,5285.910464,100109,100179,667,209,458,218,240
Tumour Hospital,Huayuan,5285.330282,100141,100061,637,63,574,364,210
Huayuan,Tumour Hospital,5285.330282,100061,100141,616,67,549,377,172
Jianguo Road,Beining Park,5283.739748,100064,100006,79,20,59,33,26
Beining Park,Jianguo Road,5283.739748,100006,100064,69,18,51,19,32
Yudongcheng,Wandong Road,5273.831478,100180,100144,189,27,162,101,61
Wandong Road,Yudongcheng,5273.831478,100144,100180,140,26,114,81,33
Taida,Donghai Road,5273.637174,100129,100027,850,143,707,579,128
Donghai Road,Taida,5273.637174,100027,100129,812,152,660,544,116
Cultural centre,Hongqi South Road,5273.119447,100020,100057,755,237,518,325,193
Hongqi South Road,Cultural centre,5273.119447,100057,100020,752,193,559,384,175
Guoshan Road,Wanshan Road,5271.891374,100047,100146,1,1,0,0,0
Zhigu,Xuzhou Road,5265.287024,100188,100167,22,6,16,11,5
Xuzhou Road,Zhigu,5265.287024,100167,100188,18,3,15,7,8
Jintang Road,Jinwan Square,5262.855447,100077,100078,78,18,60,47,13
Jinwan Square,Jintang Road,5262.855447,100078,100077,74,19,55,39,16
Tianjin Station,Tiantai Road,5261.45033,100135,100137,478,161,317,139,178
Tiantai Road,Tianjin Station,5261.45033,100137,100135,392,139,253,147,106
Anshan West Road,Bei Zhulin,5260.606828,100003,100004,118,16,102,53,49
Bei Zhulin,Anshan West Road,5260.606828,100004,100003,113,15,98,82,16
Meijiang Park,Sports Centre,5259.190486,100096,100126,32,12,20,7,13
Sports Centre,Meijiang Park,5259.190486,100126,100096,27,7,20,7,13
Yizhongxin Hospital,Xikang Road,5256.955758,100177,100158,317,65,252,175,77
Xikang Road,Yizhongxin Hospital,5256.955758,100158,100177,310,44,266,157,109
Huanyu Road,Xiangshan Road,5254.738949,100059,100151,33,6,27,20,7
Xiangshan Road,Huanyu Road,5254.738949,100151,100059,31,5,26,11,15
Nancuiping,Leyuan Road,5253.343831,100100,100083,601,239,362,252,110
Leyuan Road,Nancuiping,5253.343831,100083,100100,574,223,351,191,160
North Station,Shunchi Bridge,5250.686648,100108,100120,83,19,64,34,30
Shunchi Bridge,North Station,5250.686648,100120,100108,77,21,56,36,20
Taichang Road,Laoshan Road,5249.655287,100128,100082,964,377,587,264,323
Laoshan Road,Taichang Road,5249.655287,100082,100128,869,369,500,256,244
Leyuan Road,Dongxing Road,5249.148784,100083,100035,18,8,10,3,7
Dongxing Road,Leyuan Road,5249.148784,100035,100083,10,1,9,9,0
Xiaobailou,Zhongshan Gate,5248.695164,100154,100189,717,159,558,334,224
Zhongshan Gate,Xiaobailou,5248.695164,100189,100154,610,131,479,322,157
Yixingbu,Jinshi Bridge,5242.342554,100175,100076,953,210,743,496,247
Jinshi Bridge,Yixingbu,5242.342554,100076,100175,869,220,649,387,262
Jingjiang Road,Jin Street,5240.186366,100072,100070,432,88,344,262,82
Jin Street,Jingjiang Road,5240.186366,100070,100072,378,76,302,172,130
West Station,Jieyuan West Road,5236.758394,100149,100069,652,209,443,134,309
Jieyuan West Road,West Station,5236.758394,100069,100149,415,149,266,162,104
Tianjin Station,Changhong Park,5236.0827,100135,100012,1468,367,1101,522,579
Changhong Park,Tianjin Station,5236.0827,100012,100135,1256,343,913,544,369
The Financial University,Fangshan Road,5234.886019,100132,100038,225,57,168,109,59
Fangshan Road,The Financial University,5234.886019,100038,100132,176,34,142,98,44
Zhongshan Gate,Chenglin Road,5234.328139,100189,100014,257,60,197,130,67
Chenglin Road,Zhongshan Gate,5234.328139,100014,100189,223,48,175,106,69
People's Hospital,Xinkai River,5234.298182,100111,100160,276,58,218,138,80
Xinkai River,People's Hospital,5234.298182,100160,100111,264,57,207,132,75
Xuzhou Road,Erwei Road,5232.042903,100167,100036,5,3,2,0,2
Erwei Road,Xuzhou Road,5232.042903,100036,100167,1,0,1,1,0
Changhong Park,Qinjian Road,5230.921792,100012,100113,266,74,192,136,56
Qinjian Road,Changhong Park,5230.921792,100113,100012,247,70,177,93,84
Foreign Languages High School,Changhong Park,5228.714416,100040,100012,172,29,143,106,37
Changhong Park,Foreign Languages High School,5228.714416,100012,100040,148,24,124,97,27
Jiefang South Road,Jianshan Road,5227.246394,100068,100066,1050,175,875,615,260
Jianshan Road,Jiefang South Road,5227.246394,100066,100068,947,170,777,524,253
Tian Tower,Anshan West Road,5226.603192,100133,100003,365,125,240,99,141
Anshan West Road,Tian Tower,5226.603192,100003,100133,365,122,243,131,112
Jinshi Bridge,Zhicheng Road,5224.693379,100076,100187,323,57,266,151,115
Zhicheng Road,Jinshi Bridge,5224.693379,100187,100076,280,34,246,157,89
People's Hospital,Anshan Road,5223.463875,100111,100002,509,92,417,211,206
Anshan Road,People's Hospital,5223.463875,100002,100111,497,74,423,243,180
Zhaoyuan Road,Fangshan Road,5222.933125,100186,100038,7,4,3,2,1
Fangshan Road,Zhaoyuan Road,5222.933125,100038,100186,5,3,2,0,2
Liaohe North Road,North Station,5222.379347,100084,100108,243,34,209,140,69
North Station,Liaohe North Road,5222.379347,100108,100084,193,24,169,120,49
Tiantuo,Fuxing Road,5221.956208,100138,100042,137,23,114,67,47
Fuxing Road,Tiantuo,5221.956208,100042,100138,132,23,109,82,27
Haiguang Temple,Liuwei Road,5218.172874,100048,100090,33,7,26,15,11
Liuwei Road,Haiguang Temple,5218.172874,100090,100048,27,6,21,12,9
Haihe East Road,Fuxing Gate,5215.224705,100049,100041,1,1,0,0,0
Wujiayao,Tiantuo,5214.142858,100150,100138,318,50,268,163,105
Tiantuo,Wujiayao,5214.142858,100138,100150,285,42,243,181,62
Youyi South Road,Sports Centre,5211.365694,100178,100126,34,12,22,17,5
Sports Centre,Youyi South Road,5211.365694,100126,100178,27,8,19,10,9
Nancuiping,Yibin Road,5210.149219,100100,100171,403,91,312,212,100
Yibin Road,Nancuiping,5210.149219,100171,100100,358,87,271,195,76
Meijiang Exhibition Centre,Leyuan Road,5205.863952,100095,100083,1089,351,738,493,245
Leyuan Road,Meijiang Exhibition Centre,5205.863952,100083,100095,1040,343,697,398,299
Jingli Road,Dongting Road,5205.471063,100073,100034,40,5,35,28,7
Dongting Road,Jingli Road,5205.471063,100034,100073,28,8,20,9,11
Heping Road,Changhong Park,5204.057983,100053,100012,774,253,521,270,251
Changhong Park,Heping Road,5204.057983,100012,100053,641,181,460,321,139
Tianshili,Xiaodian,5203.544742,100136,100155,201,30,171,133,38
Xiaodian,Tianshili,5203.544742,100155,100136,165,31,134,86,48
Zhou and Deng Memorial Museum,Heping Road,5202.343386,100191,100053,1505,462,1043,632,411
Heping Road,Zhou and Deng Memorial Museum,5202.343386,100053,100191,1482,514,968,417,551
Water Park Road East,Tian Tower,5201.26607,100147,100133,286,140,146,54,92
Tian Tower,Water Park Road East,5201.26607,100133,100147,252,109,143,52,91
Tucheng,Anshan Road,5198.479758,100140,100002,3744,714,3030,1999,1031
Anshan Road,Tucheng,5198.479758,100002,100140,3526,677,2849,1636,1213
Southwest Tower,Zhongshan Gate,5198.018224,100125,100189,516,92,424,275,149
Zhongshan Gate,Southwest Tower,5198.018224,100189,100125,479,81,398,300,98
Haiguang Temple,Yuanyang International Centre,5197.821114,100048,100179,741,182,559,351,208
Yuanyang International Centre,Haiguang Temple,5197.821114,100179,100048,735,160,575,371,204
Beining Park,JinZhong Street,5196.980917,100006,100080,931,117,814,512,302
JinZhong Street,Beining Park,5196.980917,100080,100006,806,124,682,454,228
Yudongcheng,Yuanyang International Centre,5196.960813,100180,100179,3265,778,2487,1730,757
Yuanyang International Centre,Yudongcheng,5196.960813,100179,100180,2943,755,2188,1239,949
Dongting Road,Jianshan Road,5196.517666,100034,100066,139,13,126,101,25
Jianshan Road,Dongting Road,5196.517666,100066,100034,123,9,114,78,36
Sports Centre,Yizhongxin Hospital,5196.107648,100126,100177,58,27,31,12,19
Yizhongxin Hospital,Sports Centre,5196.107648,100177,100126,47,18,29,15,14
Foreign Languages High School,Yueya River,5187.451117,100040,100182,102,14,88,69,19
Yueya River,Foreign Languages High School,5187.451117,100182,100040,82,7,75,57,18
Cuifu New Village,Minquan Gate,5187.310708,100019,100099,41,10,31,8,23
Minquan Gate,Cuifu New Village,5187.310708,100099,100019,29,13,16,5,11
Jianguo Road,Chenglin Road,5183.205882,100064,100014,133,18,115,78,37
Chenglin Road,Jianguo Road,5183.205882,100014,100064,120,27,93,70,23
Beining Park,Jinwan Square,5181.550788,100006,100078,306,86,220,142,78
Jinwan Square,Beining Park,5181.550788,100078,100006,296,88,208,95,113
Professional University,Zhangxing Zhuang,5179.981677,100112,100185,389,158,231,128,103
Zhangxing Zhuang,Professional University,5179.981677,100185,100112,314,102,212,91,121
West Station,Tiedong Road,5178.144442,100149,100139,627,205,422,149,273
Tiedong Road,West Station,5178.144442,100139,100149,450,136,314,211,103
Xuzhou Road,Wujiayao,5173.663042,100167,100150,13,5,8,4,4
Wujiayao,Xuzhou Road,5173.663042,100150,100167,5,0,5,3,2
Dongjiang Road,The Financial University,5171.500402,100028,100132,2,2,0,0,0
The Financial University,Dongjiang Road,5171.500402,100132,100028,1,1,0,0,0
Xuzhou Road,Shunchi Bridge,5171.199094,100167,100120,118,32,86,51,35
Shunchi Bridge,Xuzhou Road,5171.199094,100120,100167,112,31,81,64,17
Jianshan Road,Lingbin Road,5171.133123,100066,100087,78,15,63,36,27
Lingbin Road,Jianshan Road,5171.133123,100087,100066,54,7,47,28,19
Binhai International Airport,Guoshan Road,5170.632165,100010,100047,345,102,243,94,149
Guoshan Road,Binhai International Airport,5170.632165,100047,100010,274,64,210,116,94
Northwest Corner,Xiaobailou,5169.778771,100109,100154,5371,1465,3906,2566,1340
Xiaobailou,Northwest Corner,5169.778771,100154,100109,5340,1476,3864,2323,1541
Fuxing Road,Anshan Road,5167.461345,100042,100002,189,29,160,106,54
Anshan Road,Fuxing Road,5167.461345,100002,100042,169,33,136,81,55
Yingkou Road,Hongqi South Road,5166.952287,100174,100057,6777,2162,4615,2290,2325
Hongqi South Road,Yingkou Road,5166.952287,100057,100174,6711,2173,4538,2759,1779
Wujiayao,Huayuan,5166.612906,100150,100061,2162,276,1886,1331,555
Huayuan,Wujiayao,5166.612906,100061,100150,1911,217,1694,1233,461
Lijiang Road,Cultural centre,5163.872722,100085,100020,126,48,78,43,35
Cultural centre,Lijiang Road,5163.872722,100020,100085,125,38,87,35,52
Longhan Road,Chunhai Road,5161.143438,100092,100017,419,66,353,232,121
Chunhai Road,Longhan Road,5161.143438,100017,100092,406,51,355,272,83
Heping Road,Jintang Road,5160.46568,100053,100077,456,122,334,168,166
Jintang Road,Heping Road,5160.46568,100077,100053,336,70,266,156,110
Lingbin Road,Zuojiang Road,5154.560572,100087,100192,20,5,15,5,10
Zuojiang Road,Lingbin Road,5154.560572,100192,100087,19,5,14,13,1
Haihe East Road,Chunhai Road,5154.045541,100049,100017,2,0,2,0,2
Chunhai Road,Haihe East Road,5154.045541,100017,100049,1,0,1,0,1
Jintang Road,Tianjin Hotel,5153.720987,100077,100134,408,110,298,204,94
Tianjin Hotel,Jintang Road,5153.720987,100134,100077,400,101,299,192,107
Yuejin North Road,Longhan Road,5153.225838,100181,100092,66,15,51,35,16
Longhan Road,Yuejin North Road,5153.225838,100092,100181,58,8,50,37,13
Yuanyang International Centre,Guangkaisima Road,5152.981663,100179,100044,821,197,624,369,255
Guangkaisima Road,Yuanyang International Centre,5152.981663,100044,100179,791,199,592,362,230
Tumour Hospital,Anshan West Road,5149.749736,100141,100003,1268,203,1065,650,415
Anshan West Road,Tumour Hospital,5149.749736,100003,100141,1052,173,879,565,314
Xiaobailou,Gulou,5148.085038,100154,100045,1154,495,659,308,351
Gulou,Xiaobailou,5148.085038,100045,100154,896,387,509,195,314
Yingfeng Road,Cultural centre,5146.605844,100173,100020,676,196,480,307,173
Cultural centre,Yingfeng Road,5146.605844,100020,100173,576,153,423,222,201
Nanzhu Bridge,Chinese Medicine First Affiliated Hospital,5143.42658,100104,100016,163,42,121,78,43
Chinese Medicine First Affiliated Hospital,Nanzhu Bridge,5143.42658,100016,100104,162,45,117,51,66
Zhongshan Road,Gulou,5142.44601,100190,100045,595,184,411,198,213
Gulou,Zhongshan Road,5142.44601,100045,100190,563,191,372,141,231
Yutai,Youyi South Road,5138.854752,100183,100178,285,49,236,167,69
Youyi South Road,Yutai,5138.854752,100178,100183,272,46,226,133,93
Youyi South Road,The Financial University,5137.203777,100178,100132,723,155,568,292,276
The Financial University,Youyi South Road,5137.203777,100132,100178,677,170,507,326,181
Jinwan Square,Taichang Road,5131.96028,100078,100128,125,38,87,29,58
Taichang Road,Jinwan Square,5131.96028,100128,100078,61,20,41,24,17
Changhong Park,Cao Zhuang,5131.57768,100012,100011,2670,678,1992,1284,708
Cao Zhuang,Changhong Park,5131.57768,100011,100012,2582,621,1961,1279,682
Tucheng,Tianjin Hotel,5131.371532,100140,100134,158,40,118,85,33
Tianjin Hotel,Tucheng,5131.371532,100134,100140,134,34,100,70,30
Erwei Road,Anshan West Road,5128.925655,100036,100003,73,14,59,38,21
Anshan West Road,Erwei Road,5128.925655,100003,100036,56,7,49,21,28
Northwest Corner,Benxi Road,5127.548488,100109,100008,4526,1360,3166,1468,1698
Benxi Road,Northwest Corner,5127.548488,100008,100109,4345,1271,3074,1775,1299
Southwest corner,Tiantuo,5123.00278,100124,100138,452,119,333,189,144
Tiantuo,Southwest corner,5123.00278,100138,100124,420,103,317,180,137
Lingbin Road,Hongqi South Road,5120.376825,100087,100057,202,56,146,84,62
Hongqi South Road,Lingbin Road,5120.376825,100057,100087,193,42,151,100,51
Weishan Road,Lilou,5120.299352,100148,100086,15,1,14,11,3
Lilou,Weishan Road,5120.299352,100086,100148,13,1,12,10,2
West Station,Jiayuan Li,5117.693922,100149,100067,2155,632,1523,597,926
Jiayuan Li,West Station,5117.693922,100067,100149,1869,535,1334,870,464
Anshan West Road,Gulou,5112.488048,100003,100045,728,268,460,234,226
Gulou,Anshan West Road,5112.488048,100045,100003,597,233,364,188,176
Taichang Road,Yueya River,5112.271041,100128,100182,1637,561,1076,469,607
Yueya River,Taichang Road,5112.271041,100182,100128,1505,512,993,584,409
Huanyu Road,Dengzhou South Road,5105.21852,100059,100025,3,1,2,2,0
Dengzhou South Road,Huanyu Road,5105.21852,100025,100059,3,0,3,1,2
Chunhai Road,Changling Road,5102.695803,100017,100013,274,45,229,152,77
Changling Road,Chunhai Road,5102.695803,100013,100017,264,41,223,151,72
Shiyijing Road,Taichang Road,5102.185917,100117,100128,194,35,159,81,78
Taichang Road,Shiyijing Road,5102.185917,100128,100117,127,34,93,46,47
Zhigu,Jinshi Bridge,5099.211517,100188,100076,389,72,317,207,110
Jinshi Bridge,Zhigu,5099.211517,100076,100188,330,56,274,189,85
Fuxing Road,Jin Street,5092.473909,100042,100070,19,8,11,6,5
Jin Street,Fuxing Road,5092.473909,100070,100042,19,3,16,8,8
Shiyijing Road,Jingjiang Road,5090.97184,100117,100072,368,45,323,205,118
Jingjiang Road,Shiyijing Road,5090.97184,100072,100117,350,49,301,208,93
JinZhong River Street,Tiantai Road,5083.666394,100079,100137,1016,113,903,731,172
Tiantai Road,JinZhong River Street,5083.666394,100137,100079,841,118,723,578,145
Nanlou,Jinwan Square,5082.768992,100102,100078,397,99,298,199,99
Jinwan Square,Nanlou,5082.768992,100078,100102,335,76,259,141,118
Jianchang Road,Shunchi Bridge,5081.729299,100063,100120,39,13,26,15,11
Shunchi Bridge,Jianchang Road,5081.729299,100120,100063,34,7,27,20,7
Erwei Road,Yuanyang International Centre,5080.952009,100036,100179,275,61,214,137,77
Yuanyang International Centre,Erwei Road,5080.952009,100179,100036,249,50,199,136,63
Chinese Medicine First Affiliated Hospital,Cultural centre,5080.872449,100016,100020,1187,344,843,430,413
Cultural centre,Chinese Medicine First Affiliated Hospital,5080.872449,100020,100016,1108,320,788,389,399
Tianshili,Huaihe Road,5077.263113,100136,100058,41,11,30,19,11
Huaihe Road,Tianshili,5077.263113,100058,100136,30,6,24,12,12
Yibin Road,Zhou and Deng Memorial Museum,5072.623094,100171,100191,113,36,77,41,36
Zhou and Deng Memorial Museum,Yibin Road,5072.623094,100191,100171,98,23,75,43,32
Liuwei Road,Dawang Zhuang,5070.085689,100090,100023,8,3,5,1,4
Dawang Zhuang,Liuwei Road,5070.085689,100023,100090,7,2,5,2,3
Xinkai River,Dawang Zhuang,5069.800988,100160,100023,26,9,17,11,6
Dawang Zhuang,Xinkai River,5069.800988,100023,100160,24,5,19,10,9
Magangchang,Lijiang Road,5069.077489,100094,100085,147,40,107,81,26
Lijiang Road,Magangchang,5069.077489,100085,100094,145,32,113,74,39
Wujiayao,Nancuiping,5067.558601,100150,100100,137,19,118,63,55
Nancuiping,Wujiayao,5067.558601,100100,100150,124,24,100,72,28
Southeast Corner,Wujiayao,5064.602523,100123,100150,447,171,276,136,140
Wujiayao,Southeast Corner,5064.602523,100150,100123,441,132,309,193,116
Bei Zhulin,Anshan Road,5063.885069,100004,100002,35,9,26,25,1
Anshan Road,Bei Zhulin,5063.885069,100002,100004,35,9,26,14,12
Second hospital of the Medical University,Lingbin Road,5062.698888,100115,100087,120,18,102,64,38
Lingbin Road,Second hospital of the Medical University,5062.698888,100087,100115,95,25,70,41,29
Xuzhuangzi,Xinkai River,5061.715698,100168,100160,57,6,51,35,16
Xinkai River,Xuzhuangzi,5061.715698,100160,100168,51,13,38,26,12
Changling Road,Southwest Tower,5061.376237,100013,100125,1700,218,1482,1091,391
Southwest Tower,Changling Road,5061.376237,100125,100013,1654,214,1440,889,551
Southwest Tower,Meijiang Park,5055.301935,100125,100096,58,6,52,30,22
Meijiang Park,Southwest Tower,5055.301935,100096,100125,38,1,37,30,7
Xianyang Road,Yizhongxin Hospital,5054.854233,100153,100177,349,56,293,198,95
Yizhongxin Hospital,Xianyang Road,5054.854233,100177,100153,300,55,245,147,98
People's Hospital,Jin Street,5053.755708,100111,100070,130,21,109,73,36
Jin Street,People's Hospital,5053.755708,100070,100111,115,26,89,38,51
Yuanyang International Centre,Jintang Road,5051.633988,100179,100077,255,84,171,79,92
Jintang Road,Yuanyang International Centre,5051.633988,100077,100179,227,79,148,85,63
Guangkaisima Road,Tiantai Road,5047.633082,100044,100137,261,58,203,123,80
Tiantai Road,Guangkaisima Road,5047.633082,100137,100044,225,54,171,124,47
Liulin Road,Dongli Culture and Sports Centre,5046.551307,100089,100029,258,105,153,81,72
Dongli Culture and Sports Centre,Liulin Road,5046.551307,100029,100089,235,81,154,46,108
Shunchi Bridge,Laoshan Road,5041.934983,100120,100082,80,18,62,37,25
Laoshan Road,Shunchi Bridge,5041.934983,100082,100120,79,23,56,38,18
Tianjin Hotel,Meijiang Park,5041.190082,100134,100096,112,24,88,52,36
Meijiang Park,Tianjin Hotel,5041.190082,100096,100134,92,16,76,57,19
Anshan Road,Zhou and Deng Memorial Museum,5040.079162,100002,100191,413,72,341,240,101
Zhou and Deng Memorial Museum,Anshan Road,5040.079162,100191,100002,388,51,337,255,82
Nanlou,Zhongshan Gate,5036.880606,100102,100189,153,25,128,73,55
Zhongshan Gate,Nanlou,5036.880606,100189,100102,105,17,88,66,22
Jinmao Industrial Area,Weishan Road,5036.681398,100074,100148,68,7,61,49,12
Weishan Road,Jinmao Industrial Area,5036.681398,100148,100074,67,4,63,50,13
Shuanglin,Xuelian South Road,5029.331933,100119,100164,9,3,6,3,3
Xuelian South Road,Shuanglin,5029.331933,100164,100119,7,2,5,4,1
Shaliu South Road,Liulin Road,5026.693392,100116,100089,195,63,132,84,48
Liulin Road,Shaliu South Road,5026.693392,100089,100116,146,35,111,61,50
Foreign Languages High School,Yixingbu,5024.486016,100040,100175,22,3,19,12,7
Yixingbu,Foreign Languages High School,5024.486016,100175,100040,12,3,9,8,1
Xiaobailou,Liuwei Road,5024.073221,100154,100090,12,0,12,6,6
Liuwei Road,Xiaobailou,5024.073221,100090,100154,4,0,4,2,2
Liuwei Road,Jinshi Bridge,5021.545523,100090,100076,38,13,25,6,19
Jinshi Bridge,Liuwei Road,5021.545523,100076,100090,26,12,14,6,8
Xikang Road,Guangkaisima Road,5020.94093,100158,100044,280,56,224,142,82
Guangkaisima Road,Xikang Road,5020.94093,100044,100158,256,52,204,141,63
University town,Yizhongxin Hospital,5020.254562,100143,100177,931,174,757,552,205
Yizhongxin Hospital,University town,5020.254562,100177,100143,879,166,713,442,271
West Station,Yingkou Road,5018.799615,100149,100174,4985,1905,3080,917,2163
Yingkou Road,West Station,5018.799615,100174,100149,4435,2258,2177,948,1229
Fuxing Road,Zhongshan Road,5017.255615,100042,100190,78,18,60,44,16
Zhongshan Road,Fuxing Road,5017.255615,100190,100042,76,16,60,42,18
Tiedong Road,Huaihe Road,5016.449667,100139,100058,273,75,198,110,88
Huaihe Road,Tiedong Road,5016.449667,100058,100139,242,56,186,134,52
Yuejin North Road,Laoshan Road,5014.226727,100181,100082,103,19,84,46,38
Laoshan Road,Yuejin North Road,5014.226727,100082,100181,97,12,85,54,31
Xiaobailou,Second hospital of the Medical University,5012.295599,100154,100115,257,64,193,103,90
Second hospital of the Medical University,Xiaobailou,5012.295599,100115,100154,242,65,177,123,54
Longhan Road,Shuanglin,5011.112366,100092,100119,227,43,184,114,70
Shuanglin,Longhan Road,5011.112366,100119,100092,219,47,172,131,41
Xuzhou Road,Southwest corner,5010.92555,100167,100124,212,32,180,115,65
Southwest corner,Xuzhou Road,5010.92555,100124,100167,146,14,132,105,27
Leyuan Road,Jintang Road,5010.732076,100083,100077,55,25,30,10,20
Jintang Road,Leyuan Road,5010.732076,100077,100083,47,14,33,22,11
Xingfu Park,Jianguo Road,5010.653155,100159,100064,407,115,292,195,97
Jianguo Road,Xingfu Park,5010.653155,100064,100159,373,82,291,165,126
Xiawafang,Erwei Road,5006.130115,100157,100036,1168,263,905,631,274
Erwei Road,Xiawafang,5006.130115,100036,100157,1131,253,878,534,344
Xiaobailou,Yuanyang International Centre,5003.721461,100154,100179,310,81,229,134,95
Yuanyang International Centre,Xiaobailou,5003.721461,100179,100154,259,103,156,67,89
Heping Road,Southwest Tower,4998.411222,100053,100125,593,150,443,219,224
Southwest Tower,Heping Road,4998.411222,100125,100053,430,110,320,200,120
Xuzhuangzi,Zhicheng Road,4998.195472,100168,100187,92,11,81,63,18
Zhicheng Road,Xuzhuangzi,4998.195472,100187,100168,79,10,69,58,11
Changhong Park,Hongqi South Road,4997.68798,100012,100057,915,180,735,445,290
Hongqi South Road,Changhong Park,4997.68798,100057,100012,793,180,613,374,239
Xinkai River,Honghu Li,4995.066442,100160,100055,102,29,73,35,38
Honghu Li,Xinkai River,4995.066442,100055,100160,99,32,67,37,30
Xingfu Park,North Station,4994.633887,100159,100108,306,69,237,142,95
North Station,Xingfu Park,4994.633887,100108,100159,292,83,209,115,94
University town,Zhou and Deng Memorial Museum,4994.426798,100143,100191,1429,511,918,453,465
Zhou and Deng Memorial Museum,University town,4994.426798,100191,100143,1127,383,744,366,378
Changhong Park,Yingkou Road,4993.771716,100012,100174,1476,502,974,606,368
Yingkou Road,Changhong Park,4993.771716,100174,100012,1256,399,857,425,432
Fuxing Gate,Chunhai Road,4992.817412,100041,100017,9,3,6,4,2
Chunhai Road,Fuxing Gate,4992.817412,100017,100041,3,1,2,0,2
Southwest Tower,Xikang Road,4991.766939,100125,100158,93,29,64,39,25
Xikang Road,Southwest Tower,4991.766939,100158,100125,64,18,46,28,18
Anshan West Road,Jieyuan West Road,4991.246419,100003,100069,743,139,604,391,213
Jieyuan West Road,Anshan West Road,4991.246419,100069,100003,739,135,604,448,156
Foreign Languages High School,Zhicheng Road,4990.578844,100040,100187,10,3,7,7,0
Zhicheng Road,Foreign Languages High School,4990.578844,100187,100040,4,1,3,2,1
Beichen Road,Yixingbu North,4989.230627,100005,100176,570,110,460,279,181
Yixingbu North,Beichen Road,4989.230627,100176,100005,531,112,419,244,175
Jin Street,Bei Zhulin,4988.897633,100070,100004,5,3,2,2,0
Bei Zhulin,Jin Street,4988.897633,100004,100070,1,0,1,0,1
Leyuan Road,Tucheng,4988.382621,100083,100140,28,12,16,7,9
Tucheng,Leyuan Road,4988.382621,100140,100083,13,2,11,4,7
West Station,Beining Park,4987.346048,100149,100006,2018,712,1306,468,838
Beining Park,West Station,4987.346048,100006,100149,872,249,623,366,257
Xiawafang,Jin Street,4983.08684,100157,100070,156,46,110,49,61
Jin Street,Xiawafang,4983.08684,100070,100157,133,31,102,52,50
Chinese Medicine First Affiliated Hospital,Tianjin Hotel,4981.610298,100016,100134,824,135,689,376,313
Tianjin Hotel,Chinese Medicine First Affiliated Hospital,4981.610298,100134,100016,762,140,622,316,306
Cultural centre,Yaohuan Road,4976.421943,100020,100170,254,85,169,72,97
Yaohuan Road,Cultural centre,4976.421943,100170,100020,232,88,144,79,65
Tiantai Road,Erwei Road,4973.074196,100137,100036,452,72,380,295,85
Erwei Road,Tiantai Road,4973.074196,100036,100137,398,68,330,192,138
Jinwan Square,Xingfu Park,4972.003061,100078,100159,165,51,114,59,55
Xingfu Park,Jinwan Square,4972.003061,100159,100078,160,44,116,79,37
Yudongcheng,Jinmao Industrial Area,4971.5251,100180,100074,272,37,235,188,47
Jinmao Industrial Area,Yudongcheng,4971.5251,100074,100180,201,39,162,124,38
Meijiang Exhibition Centre,Cultural centre,4963.98216,100095,100020,589,162,427,314,113
Cultural centre,Meijiang Exhibition Centre,4963.98216,100020,100095,569,159,410,235,175
Shuanggang,Beiyangyuan Campus of Tianjin University,4960.607546,100118,100007,2431,1056,1375,570,805
Beiyangyuan Campus of Tianjin University,Shuanggang,4960.607546,100007,100118,2320,965,1355,963,392
Tiantai Road,Zhangxing Zhuang,4960.589735,100137,100185,13,4,9,3,6
Zhangxing Zhuang,Tiantai Road,4960.589735,100185,100137,12,1,11,4,7
Nanlou,Haiguang Temple,4959.730254,100102,100048,2320,421,1899,1334,565
Haiguang Temple,Nanlou,4959.730254,100048,100102,2087,392,1695,1131,564
Tianshili,Zhongshan Road,4959.468262,100136,100190,369,67,302,238,64
Zhongshan Road,Tianshili,4959.468262,100190,100136,341,70,271,174,97
Gulou,Tiantai Road,4959.105794,100045,100137,481,189,292,109,183
Tiantai Road,Gulou,4959.105794,100137,100045,384,170,214,101,113
Jingjiang Road,Beining Park,4957.370479,100072,100006,154,23,131,81,50
Beining Park,Jingjiang Road,4957.370479,100006,100072,139,25,114,88,26
Minquan Gate,Shunchi Bridge,4957.105549,100099,100120,14,4,10,7,3
Shunchi Bridge,Minquan Gate,4957.105549,100120,100099,14,4,10,8,2
Jinghe Road,Jiefang South Road,4956.297362,100071,100068,487,164,323,195,128
Jiefang South Road,Jinghe Road,4956.297362,100068,100071,469,141,328,146,182
Wujiayao,Xiawafang,4954.838496,100150,100157,655,98,557,363,194
Xiawafang,Wujiayao,4954.838496,100157,100150,603,92,511,333,178
North Beichen Tech Park,Professional University,4954.608585,100106,100112,89,21,68,41,27
Professional University,North Beichen Tech Park,4954.608585,100112,100106,87,25,62,31,31
Haiguang Temple,Yibin Road,4949.187916,100048,100171,125,35,90,40,50
Yibin Road,Haiguang Temple,4949.187916,100171,100048,112,35,77,56,21
Lilou,Huashan Li,4948.429507,100086,100060,482,84,398,304,94
Huashan Li,Lilou,4948.429507,100060,100086,367,71,296,177,119
Xueyuan North Road,Dongli Culture and Sports Centre,4946.508979,100165,100029,327,104,223,127,96
Dongli Culture and Sports Centre,Xueyuan North Road,4946.508979,100029,100165,292,102,190,100,90
Weishan Road,Xueyuan North Road,4946.210176,100148,100165,12,2,10,9,1
Xueyuan North Road,Weishan Road,4946.210176,100165,100148,3,3,0,0,0
Tianjin Hotel,Lijiang Road,4940.139378,100134,100085,35,5,30,19,11
Lijiang Road,Tianjin Hotel,4940.139378,100085,100134,31,7,24,16,8
North Station,Northwest Corner,4939.877029,100108,100109,378,128,250,144,106
Northwest Corner,North Station,4939.877029,100109,100108,314,110,204,129,75
Liuwei Road,Xingfu Park,4938.723041,100090,100159,192,41,151,67,84
Xingfu Park,Liuwei Road,4938.723041,100159,100090,177,42,135,70,65
Cuifu New Village,Jianguo Road,4936.058028,100019,100064,437,107,330,236,94
Jianguo Road,Cuifu New Village,4936.058028,100064,100019,343,68,275,170,105
Huaihe Road,Siyuan Road,4933.59384,100058,100121,69,8,61,40,21
Siyuan Road,Huaihe Road,4933.59384,100121,100058,65,8,57,44,13
Xiangshan Road,Jingjiang Road,4928.061879,100151,100072,209,33,176,112,64
Jingjiang Road,Xiangshan Road,4928.061879,100072,100151,195,22,173,115,58
Zhongshan Gate,Dawang Zhuang,4923.537917,100189,100023,1317,235,1082,822,260
Dawang Zhuang,Zhongshan Gate,4923.537917,100023,100189,1292,264,1028,592,436
Xikang Road,Northwest Corner,4919.365403,100158,100109,873,249,624,364,260
Northwest Corner,Xikang Road,4919.365403,100109,100158,826,231,595,328,267
Laoshan Road,Longhan Road,4916.259645,100082,100092,678,143,535,357,178
Longhan Road,Laoshan Road,4916.259645,100092,100082,646,124,522,329,193
Changling Road,Leyuan Road,4915.89293,100013,100083,369,114,255,153,102
Leyuan Road,Changling Road,4915.89293,100083,100013,354,112,242,138,104
Junliangcheng,Xiaodong Zhuang,4915.131608,100081,100156,389,85,304,176,128
Xiaodong Zhuang,Junliangcheng,4915.131608,100156,100081,385,81,304,217,87
Yaohuan Road,Nanzhu Bridge,4912.942095,100170,100104,379,90,289,196,93
Nanzhu Bridge,Yaohuan Road,4912.942095,100104,100170,370,91,279,198,81
Foreign Languages High School,Southwest corner,4912.36146,100040,100124,145,17,128,98,30
Southwest corner,Foreign Languages High School,4912.36146,100124,100040,116,14,102,80,22
Yingkou Road,Dongxing Road,4911.415899,100174,100035,519,157,362,182,180
Dongxing Road,Yingkou Road,4911.415899,100035,100174,513,162,351,220,131
Xianyang Road,Haiguang Temple,4909.603744,100153,100048,1111,202,909,691,218
Haiguang Temple,Xianyang Road,4909.603744,100048,100153,1002,234,768,528,240
Zhongshan Road,Yixingbu North,4909.495762,100190,100176,433,92,341,211,130
Yixingbu North,Zhongshan Road,4909.495762,100176,100190,404,88,316,206,110
Guorui Road,Hongni River East,4905.890194,100046,100056,22,2,20,14,6
Hongni River East,Guorui Road,4905.890194,100056,100046,17,1,16,12,4
Tianjin Hotel,Hongqi South Road,4903.35368,100134,100057,612,117,495,328,167
Hongqi South Road,Tianjin Hotel,4903.35368,100057,100134,544,88,456,322,134
Heping Road,Xinkai River,4902.987597,100053,100160,162,75,87,48,39
Xinkai River,Heping Road,4902.987597,100160,100053,148,54,94,53,41
Xingfu Park,Zhangxing Zhuang,4899.458627,100159,100185,227,43,184,115,69
Zhangxing Zhuang,Xingfu Park,4899.458627,100185,100159,215,38,177,118,59
Guangkaisima Road,Yizhongxin Hospital,4894.811576,100044,100177,329,84,245,155,90
Yizhongxin Hospital,Guangkaisima Road,4894.811576,100177,100044,273,74,199,129,70
Cuifu New Village,Jinwan Square,4894.790005,100019,100078,261,51,210,158,52
Jinwan Square,Cuifu New Village,4894.790005,100078,100019,226,56,170,95,75
Zhongshan Road,Jin Street,4886.957166,100190,100070,76,15,61,44,17
Jin Street,Zhongshan Road,4886.957166,100070,100190,50,11,39,10,29
Heping Road,Zhigu,4884.483885,100053,100188,474,144,330,143,187
Zhigu,Heping Road,4884.483885,100188,100053,357,136,221,120,101
Water Park Road East,Meijiang Park,4884.388905,100147,100096,203,59,144,88,56
Meijiang Park,Water Park Road East,4884.388905,100096,100147,182,60,122,59,63
Tianshili,Xinkai River,4883.816419,100136,100160,44,15,29,22,7
Xinkai River,Tianshili,4883.816419,100160,100136,38,8,30,20,10
Jinwan Square,Northwest Corner,4881.48202,100078,100109,767,334,433,247,186
Northwest Corner,Jinwan Square,4881.48202,100109,100078,635,274,361,176,185
Meijiang Road,Sports Centre,4880.681665,100097,100126,78,12,66,46,20
Sports Centre,Meijiang Road,4880.681665,100126,100097,53,11,42,27,15
Zhongshan Road,Siyuan Road,4880.026561,100190,100121,123,41,82,34,48
Siyuan Road,Zhongshan Road,4880.026561,100121,100190,83,29,54,29,25
Yixingbu,Beining Park,4879.559037,100175,100006,218,59,159,105,54
Beining Park,Yixingbu,4879.559037,100006,100175,205,48,157,104,53
Zhigu,Xikang Road,4877.839602,100188,100158,333,69,264,184,80
Xikang Road,Zhigu,4877.839602,100158,100188,325,66,259,177,82
Yudongcheng,Airport Economic Zone,4877.21765,100180,100001,1874,210,1664,1320,344
Airport Economic Zone,Yudongcheng,4877.21765,100001,100180,1665,239,1426,987,439
Hongqi South Road,High-Tech Zone,4874.403374,100057,100054,1925,245,1680,1358,322
High-Tech Zone,Hongqi South Road,4874.403374,100054,100057,1778,254,1524,1162,362
Zhongshan Road,Shiyijing Road,4873.080027,100190,100117,603,97,506,369,137
Shiyijing Road,Zhongshan Road,4873.080027,100117,100190,576,93,483,324,159
Tumour Hospital,Liqi Zhuang South,4872.3317,100141,100088,195,20,175,91,84
Liqi Zhuang South,Tumour Hospital,4872.3317,100088,100141,173,17,156,98,58
Magangchang,Xuelian South Road,4868.995726,100094,100164,13,3,10,6,4
Xuelian South Road,Magangchang,4868.995726,100164,100094,12,3,9,7,2
Cuifu New Village,Liuwei Road,4867.491296,100019,100090,66,14,52,35,17
Liuwei Road,Cuifu New Village,4867.491296,100090,100019,53,20,33,13,20
Southwest Tower,Lingbin Road,4863.861984,100125,100087,580,120,460,288,172
Lingbin Road,Southwest Tower,4863.861984,100087,100125,572,125,447,311,136
Zhigu,Xingfu Park,4863.403387,100188,100159,757,127,630,370,260
Xingfu Park,Zhigu,4863.403387,100159,100188,732,136,596,426,170
North Station,Southeast Corner,4862.407386,100108,100123,177,60,117,71,46
Southeast Corner,North Station,4862.407386,100123,100108,176,53,123,85,38
Tian Tower,Haiguang Temple,4861.76138,100133,100048,505,201,304,149,155
Haiguang Temple,Tian Tower,4861.76138,100048,100133,501,151,350,181,169
Second hospital of the Medical University,Zhigu,4860.884105,100115,100188,142,21,121,80,41
Zhigu,Second hospital of the Medical University,4860.884105,100188,100115,129,16,113,73,40
Bianxing,Yibin Road,4860.175033,100009,100171,213,37,176,134,42
Yibin Road,Bianxing,4860.175033,100171,100009,212,38,174,85,89
Wandong Road,Xingfu Park,4859.536274,100144,100159,246,60,186,106,80
Xingfu Park,Wandong Road,4859.536274,100159,100144,234,62,172,80,92
Cultural centre,Yingkou Road,4856.675087,100020,100174,1918,929,989,475,514
Yingkou Road,Cultural centre,4856.675087,100174,100020,1478,667,811,345,466
Xikang Road,Dawang Zhuang,4856.268103,100158,100023,353,66,287,199,88
Dawang Zhuang,Xikang Road,4856.268103,100023,100158,328,65,263,161,102
Chenglin Road,Southeast Corner,4848.211869,100014,100123,867,294,573,392,181
Southeast Corner,Chenglin Road,4848.211869,100123,100014,819,280,539,268,271
Meijiang Road,Xiawafang,4846.986973,100097,100157,518,56,462,347,115
Xiawafang,Meijiang Road,4846.986973,100157,100097,456,56,400,280,120
Bei Zhulin,Jinshi Bridge,4846.002807,100004,100076,16,1,15,12,3
Jinshi Bridge,Bei Zhulin,4846.002807,100076,100004,14,1,13,10,3
Dongjiang Road,Jinmao Industrial Area,4844.559072,100028,100074,4,0,4,2,2
Jinmao Industrial Area,Dongjiang Road,4844.559072,100074,100028,3,1,2,1,1
Zhongshan Road,Yingkou Road,4840.516577,100190,100174,4278,1299,2979,1802,1177
Yingkou Road,Zhongshan Road,4840.516577,100174,100190,4034,1202,2832,1465,1367
Huashan Li,Xuelian South Road,4834.732221,100060,100164,1,0,1,0,1
Shaliu South Road,Dengzhou Road,4833.332785,100116,100024,33,8,25,17,8
Dengzhou Road,Shaliu South Road,4833.332785,100024,100116,30,4,26,19,7
Zhou and Deng Memorial Museum,Tumour Hospital,4833.140041,100191,100141,104,29,75,40,35
Tumour Hospital,Zhou and Deng Memorial Museum,4833.140041,100141,100191,65,6,59,23,36
Second hospital of the Medical University,Meilin Road,4831.154877,100115,100098,1030,113,917,578,339
Meilin Road,Second hospital of the Medical University,4831.154877,100098,100115,1019,120,899,734,165
Longhan Road,Dongli Culture and Sports Centre,4828.731087,100092,100029,79,36,43,24,19
Dongli Culture and Sports Centre,Longhan Road,4828.731087,100029,100092,69,26,43,26,17
Yudongcheng,Dengzhou South Road,4827.780906,100180,100025,241,31,210,137,73
Dengzhou South Road,Yudongcheng,4827.780906,100025,100180,194,42,152,105,47
Xinkai River,Yixingbu North,4827.627048,100160,100176,103,38,65,32,33
Yixingbu North,Xinkai River,4827.627048,100176,100160,64,17,47,30,17
Yingfeng Road,Xikang Road,4826.053276,100173,100158,362,66,296,189,107
Xikang Road,Yingfeng Road,4826.053276,100158,100173,287,51,236,137,99
Xuzhuangzi,North Station,4825.57658,100168,100108,178,26,152,100,52
North Station,Xuzhuangzi,4825.57658,100108,100168,173,26,147,99,48
JinZhong River Street,Tianshili,4818.988894,100079,100136,86,19,67,54,13
Tianshili,JinZhong River Street,4818.988894,100136,100079,74,17,57,41,16
Zhigu,Cuifu New Village,4817.280183,100188,100019,268,36,232,136,96
Cuifu New Village,Zhigu,4817.280183,100019,100188,263,31,232,165,67
Longhan Road,Huashan Li,4816.512654,100092,100060,41,8,33,9,24
Huashan Li,Longhan Road,4816.512654,100060,100092,27,6,21,15,6
Yibin Road,Southeast Corner,4814.264322,100171,100123,504,172,332,185,147
Southeast Corner,Yibin Road,4814.264322,100123,100171,443,150,293,147,146
Wanshan Road,Chenglin Road,4811.355849,100146,100014,28,7,21,8,13
Chenglin Road,Wanshan Road,4811.355849,100014,100146,22,4,18,7,11
Southwest corner,Qinjian Road,4810.162501,100124,100113,1776,505,1271,757,514
Qinjian Road,Southwest corner,4810.162501,100113,100124,1666,399,1267,826,441
Yuanyang International Centre,Taichang Road,4808.422701,100179,100128,615,216,399,201,198
Taichang Road,Yuanyang International Centre,4808.422701,100128,100179,591,185,406,190,216
Yixingbu,Minquan Gate,4807.890178,100175,100099,164,48,116,47,69
Minquan Gate,Yixingbu,4807.890178,100099,100175,141,47,94,40,54
Xunhai Road,Huanyu Road,4807.076735,100166,100059,32,9,23,7,16
Huanyu Road,Xunhai Road,4807.076735,100059,100166,30,10,20,18,2
Shaliu South Road,Xuelian South Road,4805.848014,100116,100164,36,5,31,26,5
Xuelian South Road,Shaliu South Road,4805.848014,100164,100116,30,2,28,22,6
Wangdingdi,Xikang Road,4802.171739,100145,100158,871,149,722,549,173
Xikang Road,Wangdingdi,4802.171739,100158,100145,708,129,579,360,219
Tianjin Station,Xiawafang,4801.957021,100135,100157,2370,638,1732,764,968
Xiawafang,Tianjin Station,4801.957021,100157,100135,2127,570,1557,941,616
Tumour Hospital,Meijiang Exhibition Centre,4801.935237,100141,100095,466,89,377,180,197
Meijiang Exhibition Centre,Tumour Hospital,4801.935237,100095,100141,408,99,309,210,99
Second hospital of the Medical University,Nanlou,4800.481042,100115,100102,30,5,25,19,6
Nanlou,Second hospital of the Medical University,4800.481042,100102,100115,20,5,15,6,9
Xinkai River,Siyuan Road,4798.157847,100160,100121,50,17,33,26,7
Siyuan Road,Xinkai River,4798.157847,100121,100160,48,13,35,25,10
Tanggu,Hujiayuan,4797.867109,100131,100062,237,52,185,98,87
Hujiayuan,Tanggu,4797.867109,100062,100131,228,51,177,120,57
Xiaobailou,Jianguo Road,4795.428989,100154,100064,170,64,106,37,69
Jianguo Road,Xiaobailou,4795.428989,100064,100154,134,51,83,41,42
People's Hospital,Yizhongxin Hospital,4795.354698,100111,100177,700,108,592,385,207
Yizhongxin Hospital,People's Hospital,4795.354698,100177,100111,624,96,528,313,215
Meijiang Exhibition Centre,Jianshan Road,4792.009504,100095,100066,519,110,409,306,103
Jianshan Road,Meijiang Exhibition Centre,4792.009504,100066,100095,512,109,403,307,96
Fangshan Road,Chenglin Road,4791.651023,100038,100014,81,25,56,40,16
Chenglin Road,Fangshan Road,4791.651023,100014,100038,78,21,57,34,23
Yutai,Liqi Zhuang South,4791.469105,100183,100088,4,2,2,1,1
Liqi Zhuang South,Yutai,4791.469105,100088,100183,3,1,2,2,0
Dongxing Road,Taichang Road,4791.06761,100035,100128,183,58,125,69,56
Taichang Road,Dongxing Road,4791.06761,100128,100035,144,53,91,52,39
Cuifu New Village,Wandong Road,4788.304528,100019,100144,23,8,15,6,9
Wandong Road,Cuifu New Village,4788.304528,100144,100019,15,2,13,5,8
Nanzhu Bridge,Liulin Road,4787.740226,100104,100089,279,61,218,142,76
Liulin Road,Nanzhu Bridge,4787.740226,100089,100104,277,64,213,120,93
Xiaobailou,Jianshan Road,4786.578272,100154,100066,81,5,76,59,17
Jianshan Road,Xiaobailou,4786.578272,100066,100154,75,11,64,43,21
Jianchang Road,JinZhong Street,4786.326233,100063,100080,105,29,76,40,36
JinZhong Street,Jianchang Road,4786.326233,100080,100063,93,25,68,36,32
Meilin Road,Jingli Road,4780.700488,100098,100073,565,60,505,322,183
Jingli Road,Meilin Road,4780.700488,100073,100098,519,56,463,301,162
Jingjiang Road,Dongxing Road,4779.853533,100072,100035,323,43,280,219,61
Dongxing Road,Jingjiang Road,4779.853533,100035,100072,296,40,256,180,76
Xianyang Road,Southeast Corner,4774.514406,100153,100123,1688,448,1240,775,465
Southeast Corner,Xianyang Road,4774.514406,100123,100153,1423,401,1022,574,448
Shuanglin,Chentang Zhuang,4772.619016,100119,100015,892,141,751,515,236
Chentang Zhuang,Shuanglin,4772.619016,100015,100119,881,143,738,441,297
Fuxing Road,Jieyuan West Road,4771.287416,100042,100069,73,13,60,40,20
Jieyuan West Road,Fuxing Road,4771.287416,100069,100042,57,14,43,31,12
Tianjin Station,Dongxing Road,4771.251748,100135,100035,2608,648,1960,948,1012
Dongxing Road,Tianjin Station,4771.251748,100035,100135,2150,605,1545,905,640
Wanshan Road,Hangshuang Road,4771.208717,100146,100051,6,0,6,6,0
Hangshuang Road,Wanshan Road,4771.208717,100051,100146,3,0,3,3,0
The Financial University,Tucheng,4770.120054,100132,100140,1467,319,1148,765,383
Tucheng,The Financial University,4770.120054,100140,100132,1436,328,1108,693,415
Tian Tower,Jinwan Square,4769.751668,100133,100078,1288,476,812,443,369
Jinwan Square,Tian Tower,4769.751668,100078,100133,1026,317,709,358,351
Lilou,Liulin Road,4769.567489,100086,100089,43,17,26,14,12
Liulin Road,Lilou,4769.567489,100089,100086,34,13,21,6,15
JinZhong River Street,Jinshi Bridge,4767.863607,100079,100076,365,57,308,222,86
Jinshi Bridge,JinZhong River Street,4767.863607,100076,100079,302,54,248,176,72
Weishan Road,Chentang Zhuang,4766.280257,100148,100015,15,2,13,10,3
Chentang Zhuang,Weishan Road,4766.280257,100015,100148,6,0,6,5,1
Liuwei Road,Gulou,4766.003548,100090,100045,264,108,156,81,75
Gulou,Liuwei Road,4766.003548,100045,100090,241,103,138,57,81
Zuojiang Road,Lushui Road,4765.371453,100192,100093,713,99,614,389,225
Lushui Road,Zuojiang Road,4765.371453,100093,100192,690,116,574,467,107
Anshan Road,Southwest Tower,4765.038883,100002,100125,727,190,537,283,254
Southwest Tower,Anshan Road,4765.038883,100125,100002,715,194,521,326,195
Yingfeng Road,Lingbin Road,4759.208648,100173,100087,130,24,106,61,45
Lingbin Road,Yingfeng Road,4759.208648,100087,100173,97,13,84,45,39
North China Group,Zhicheng Road,4757.146214,100107,100187,187,53,134,83,51
Zhicheng Road,North China Group,4757.146214,100187,100107,173,49,124,90,34
Yaohuan Road,Tianjin Hotel,4752.688599,100170,100134,106,16,90,78,12
Tianjin Hotel,Yaohuan Road,4752.688599,100134,100170,86,17,69,45,24
Fangshan Road,Hangshuang Road,4751.503891,100038,100051,15,2,13,10,3
Hangshuang Road,Fangshan Road,4751.503891,100051,100038,9,0,9,5,4
Yixingbu,Fengchan River,4749.557282,100175,100039,91,28,63,45,18
Fengchan River,Yixingbu,4749.557282,100039,100175,76,23,53,37,16
Guangkaisima Road,Jinwan Square,4748.627788,100044,100078,241,73,168,101,67
Jinwan Square,Guangkaisima Road,4748.627788,100078,100044,241,68,173,83,90
Shiyijing Road,Cultural centre,4747.224687,100117,100020,439,97,342,236,106
Cultural centre,Shiyijing Road,4747.224687,100020,100117,353,90,263,161,102
Ruijing XinYuan,Honghu Li,4746.395417,100114,100055,1321,368,953,559,394
Honghu Li,Ruijing XinYuan,4746.395417,100055,100114,1309,339,970,601,369
Anshan Road,Dawang Zhuang,4741.499765,100002,100023,210,41,169,91,78
Dawang Zhuang,Anshan Road,4741.499765,100023,100002,153,35,118,52,66
Shunchi Bridge,Zhongshan Road,4737.166457,100120,100190,294,54,240,166,74
Zhongshan Road,Shunchi Bridge,4737.166457,100190,100120,284,60,224,142,82
West Station,Anshan West Road,4735.285964,100149,100003,2081,595,1486,467,1019
Anshan West Road,West Station,4735.285964,100003,100149,1891,539,1352,783,569
Southwest corner,Jinshi Bridge,4731.713669,100124,100076,369,102,267,135,132
Jinshi Bridge,Southwest corner,4731.713669,100076,100124,368,100,268,146,122
Yixingbu,Yueya River,4730.586797,100175,100182,327,83,244,160,84
Yueya River,Yixingbu,4730.586797,100182,100175,322,70,252,139,113
Lingbin Road,Leyuan Road,4729.910116,100087,100083,89,30,59,41,18
Leyuan Road,Lingbin Road,4729.910116,100083,100087,72,24,48,16,32
West Station,Jianguo Road,4728.261376,100149,100064,959,343,616,181,435
Jianguo Road,West Station,4728.261376,100064,100149,641,292,349,158,191
Tianjin Station,Wujiayao,4728.18442,100135,100150,4944,1328,3616,1738,1878
Wujiayao,Tianjin Station,4728.18442,100150,100135,4902,1300,3602,2296,1306
Zhaoyuan Road,The Financial University,4727.221016,100186,100132,55,22,33,15,18
The Financial University,Zhaoyuan Road,4727.221016,100132,100186,44,11,33,23,10
JinZhong River Street,Yixingbu North,4716.953179,100079,100176,524,96,428,299,129
Yixingbu North,JinZhong River Street,4716.953179,100176,100079,457,78,379,269,110
Yihao Bridge,Xinli,4716.800873,100172,100161,606,100,506,304,202
Xinli,Yihao Bridge,4716.800873,100161,100172,574,100,474,346,128
Zhongshan Road,Jianchang Road,4713.129633,100190,100063,143,30,113,55,58
Jianchang Road,Zhongshan Road,4713.129633,100063,100190,123,31,92,62,30
Changling Road,Nancuiping,4710.809607,100013,100100,192,44,148,90,58
Nancuiping,Changling Road,4710.809607,100100,100013,165,35,130,89,41
Siyuan Road,Jingjiang Road,4710.226603,100121,100072,97,19,78,58,20
Jingjiang Road,Siyuan Road,4710.226603,100072,100121,94,15,79,59,20
Haihe Education Zone,Jinghe Road,4706.889527,100050,100071,164,24,140,81,59
Jinghe Road,Haihe Education Zone,4706.889527,100071,100050,145,45,100,35,65
Xiawafang,Taichang Road,4706.634534,100157,100128,1090,316,774,428,346
Taichang Road,Xiawafang,4706.634534,100128,100157,1051,312,739,432,307
Honghu Li,Guangkaisima Road,4705.628508,100055,100044,451,95,356,279,77
Guangkaisima Road,Honghu Li,4705.628508,100044,100055,415,86,329,201,128
Shiyijing Road,Gulou,4703.915329,100117,100045,530,148,382,193,189
Gulou,Shiyijing Road,4703.915329,100045,100117,484,133,351,174,177
Jingjiang Road,Southeast Corner,4702.116395,100072,100123,1392,410,982,631,351
Southeast Corner,Jingjiang Road,4702.116395,100123,100072,1221,356,865,463,402
Tumour Hospital,Yutai,4701.21504,100141,100183,268,41,227,137,90
Yutai,Tumour Hospital,4701.21504,100183,100141,264,31,233,182,51
Southwest corner,Dawang Zhuang,4700.673378,100124,100023,438,104,334,216,118
Dawang Zhuang,Southwest corner,4700.673378,100023,100124,371,108,263,145,118
Meijiang Road,Water Park Road East,4696.115323,100097,100147,438,125,313,193,120
Water Park Road East,Meijiang Road,4696.115323,100147,100097,401,111,290,174,116
Sports Centre,Jianshan Road,4689.452208,100126,100066,52,25,27,11,16
Jianshan Road,Sports Centre,4689.452208,100066,100126,50,15,35,23,12
Erwei Road,Wujiayao,4689.185805,100036,100150,359,63,296,206,90
Wujiayao,Erwei Road,4689.185805,100150,100036,336,63,273,188,85
Fuxing Road,Haiguang Temple,4686.47095,100042,100048,110,22,88,57,31
Haiguang Temple,Fuxing Road,4686.47095,100048,100042,103,24,79,50,29
Yingkou Road,Chenglin Road,4682.394923,100174,100014,1689,459,1230,703,527
Chenglin Road,Yingkou Road,4682.394923,100014,100174,1582,383,1199,785,414
Benxi Road,Fuxing Road,4677.743199,100008,100042,93,27,66,47,19
Fuxing Road,Benxi Road,4677.743199,100042,100008,86,19,67,43,24
Chenglin Road,Southwest Tower,4673.463469,100014,100125,1756,264,1492,1156,336
Southwest Tower,Chenglin Road,4673.463469,100125,100014,1537,261,1276,857,419
Sports Centre,Zuojiang Road,4672.879657,100126,100192,41,12,29,9,20
Zuojiang Road,Sports Centre,4672.879657,100192,100126,37,14,23,9,14
Chenglin Road,Jin Street,4672.124914,100014,100070,1422,246,1176,851,325
Jin Street,Chenglin Road,4672.124914,100070,100014,1356,243,1113,695,418
Liuwei Road,Zhigu,4671.382753,100090,100188,19,2,17,3,14
Zhigu,Liuwei Road,4671.382753,100188,100090,14,4,10,2,8
JinZhong River Street,Dabi Zhuang,4669.820014,100079,100021,672,160,512,299,213
Dabi Zhuang,JinZhong River Street,4669.820014,100021,100079,557,151,406,262,144
Yingkou Road,Jintang Road,4669.008853,100174,100077,1233,329,904,484,420
Jintang Road,Yingkou Road,4669.008853,100077,100174,1220,334,886,561,325
Yuejin North Road,Xinxing Village,4668.03651,100181,100162,13,2,11,8,3
Xinxing Village,Yuejin North Road,4668.03651,100162,100181,12,2,10,6,4
Tian Tower,Xiaobailou,4667.661727,100133,100154,1341,415,926,498,428
Xiaobailou,Tian Tower,4667.661727,100154,100133,1341,385,956,542,414
Huashan Li,Nanlou,4664.371814,100060,100102,5950,692,5258,4245,1013
Nanlou,Huashan Li,4664.371814,100102,100060,5822,759,5063,3363,1700
Weishan Road,Jiangwan Erzhi Road,4664.340785,100148,100065,269,52,217,157,60
Jiangwan Erzhi Road,Weishan Road,4664.340785,100065,100148,240,52,188,127,61
Huayuan,Xuefu Industrial Area,4662.57932,100061,100163,1360,140,1220,910,310
Xuefu Industrial Area,Huayuan,4662.57932,100163,100061,1356,125,1231,955,276
Xiaobailou,Chenglin Road,4659.232148,100154,100014,441,117,324,212,112
Chenglin Road,Xiaobailou,4659.232148,100014,100154,331,84,247,169,78
Wujiayao,Jin Street,4659.054289,100150,100070,125,14,111,80,31
Jin Street,Wujiayao,4659.054289,100070,100150,105,18,87,56,31
Xuzhou Road,Haiguang Temple,4654.00587,100167,100048,7,4,3,2,1
Haiguang Temple,Xuzhou Road,4654.00587,100048,100167,4,1,3,2,1
Shuanglin,Hongni River East,4652.104243,100119,100056,154,40,114,68,46
Hongni River East,Shuanglin,4652.104243,100056,100119,150,32,118,72,46
Zhigu,Anshan Road,4651.111546,100188,100002,922,164,758,502,256
Anshan Road,Zhigu,4651.111546,100002,100188,917,176,741,446,295
Haiguang Temple,People's Hospital,4650.609331,100048,100111,374,65,309,167,142
People's Hospital,Haiguang Temple,4650.609331,100111,100048,308,62,246,137,109
Liuwei Road,Yuanyang International Centre,4650.097651,100090,100179,65,30,35,19,16
Yuanyang International Centre,Liuwei Road,4650.097651,100179,100090,46,22,24,11,13
Xinkai River,Yuanyang International Centre,4649.81295,100160,100179,41,10,31,16,15
Yuanyang International Centre,Xinkai River,4649.81295,100179,100160,25,8,17,8,9
Beiyangyuan Campus of Tianjin University,Hehui South Road,4649.134407,100007,100052,405,115,290,108,182
Hehui South Road,Beiyangyuan Campus of Tianjin University,4649.134407,100052,100007,381,127,254,92,162
South Station,University town,4648.573827,100122,100143,5798,2297,3501,1485,2016
University town,South Station,4648.573827,100143,100122,5406,1949,3457,1813,1644
Zhigu,Yuanyang International Centre,4648.183188,100188,100179,348,73,275,155,120
Yuanyang International Centre,Zhigu,4648.183188,100179,100188,301,90,211,109,102
Zhaoyuan Road,Dongjiang Road,4644.373607,100186,100028,202,51,151,91,60
Dongjiang Road,Zhaoyuan Road,4644.373607,100028,100186,172,28,144,84,60
Tianjin Station,Foreign Languages High School,4640.866543,100135,100040,126,20,106,64,42
Foreign Languages High School,Tianjin Station,4640.866543,100040,100135,94,14,80,55,25
Sports Centre,Hongqi South Road,4638.695911,100126,100057,98,26,72,33,39
Hongqi South Road,Sports Centre,4638.695911,100057,100126,47,9,38,33,5
Shunchi Bridge,Liuwei Road,4637.286137,100120,100090,43,9,34,22,12
Liuwei Road,Shunchi Bridge,4637.286137,100090,100120,32,12,20,5,15
Guangkaisima Road,Bianxing,4635.641303,100044,100009,1557,241,1316,783,533
Bianxing,Guangkaisima Road,4635.641303,100009,100044,1495,248,1247,949,298
Cuifu New Village,Guoshan Road,4635.483512,100019,100047,62,11,51,21,30
Guoshan Road,Cuifu New Village,4635.483512,100047,100019,47,11,36,19,17
Zhigu,Jianshan Road,4635.166777,100188,100066,116,12,104,89,15
Jianshan Road,Zhigu,4635.166777,100066,100188,108,4,104,68,36
Tianjin Station,Tiedong Road,4634.730329,100135,100139,2421,701,1720,859,861
Tiedong Road,Tianjin Station,4634.730329,100139,100135,2325,664,1661,1013,648
Jinshi Bridge,Xikang Road,4634.392311,100076,100158,2667,484,2183,1657,526
Xikang Road,Jinshi Bridge,4634.392311,100158,100076,2368,438,1930,1342,588
Honghu Li,Erwei Road,4632.127619,100055,100036,2097,395,1702,1316,386
Erwei Road,Honghu Li,4632.127619,100036,100055,2062,420,1642,1075,567
Xiaobailou,Dawang Zhuang,4630.719555,100154,100023,167,47,120,67,53
Dawang Zhuang,Xiaobailou,4630.719555,100023,100154,116,32,84,41,43
Nansun Zhuang,JinZhong Street,4628.950579,100103,100080,50,9,41,30,11
JinZhong Street,Nansun Zhuang,4628.950579,100080,100103,41,8,33,12,21
Liuyuan,Qinjian Road,4627.68463,100091,100113,1862,365,1497,1134,363
Qinjian Road,Liuyuan,4627.68463,100113,100091,1853,225,1628,1069,559
Shiyijing Road,Yingkou Road,4626.682989,100117,100174,690,187,503,230,273
Yingkou Road,Shiyijing Road,4626.682989,100174,100117,651,195,456,216,240
Northwest Corner,Xinkai River,4623.124611,100109,100160,210,64,146,66,80
Xinkai River,Northwest Corner,4623.124611,100160,100109,193,56,137,78,59
Xikang Road,Gulou,4620.647526,100158,100045,482,234,248,122,126
Gulou,Xikang Road,4620.647526,100045,100158,452,208,244,98,146
Lingbin Road,Youyi South Road,4620.204177,100087,100178,34,6,28,22,6
Youyi South Road,Lingbin Road,4620.204177,100178,100087,26,6,20,16,4
Jinshi Bridge,Anshan Road,4619.100662,100076,100002,1347,223,1124,787,337
Anshan Road,Jinshi Bridge,4619.100662,100002,100076,1192,189,1003,534,469
Honghu Li,Gulou,4617.10122,100055,100045,1639,770,869,448,421
Gulou,Honghu Li,4617.10122,100045,100055,1612,691,921,329,592
Chenglin Road,Dawang Zhuang,4616.35253,100014,100023,191,51,140,81,59
Dawang Zhuang,Chenglin Road,4616.35253,100023,100014,175,49,126,62,64
Magangchang,Longhan Road,4615.757782,100094,100092,450,87,363,283,80
Longhan Road,Magangchang,4615.757782,100092,100094,407,78,329,217,112
Chenglin Road,JinZhong River Street,4599.733548,100014,100079,452,95,357,215,142
JinZhong River Street,Chenglin Road,4599.733548,100079,100014,444,108,336,226,110
Wandong Road,Zhigu,4592.195986,100144,100188,186,25,161,125,36
Zhigu,Wandong Road,4592.195986,100188,100144,173,13,160,101,59
Yingfeng Road,University town,4589.35208,100173,100143,222,65,157,84,73
University town,Yingfeng Road,4589.35208,100143,100173,176,43,133,75,58
Anshan West Road,Water Park Road East,4589.087339,100003,100147,885,215,670,386,284
Water Park Road East,Anshan West Road,4589.087339,100147,100003,792,214,578,323,255
Zhigu,Shunchi Bridge,4587.075025,100188,100120,194,23,171,107,64
Shunchi Bridge,Zhigu,4587.075025,100120,100188,175,27,148,105,43
North Station,Dawang Zhuang,4585.406239,100108,100023,211,43,168,98,70
Dawang Zhuang,North Station,4585.406239,100023,100108,210,54,156,102,54
Bei Zhulin,Haiguang Temple,4582.894674,100004,100048,41,8,33,30,3
Haiguang Temple,Bei Zhulin,4582.894674,100048,100004,32,2,30,16,14
Tiedong Road,Bei Zhulin,4582.555952,100139,100004,14,2,12,5,7
Bei Zhulin,Tiedong Road,4582.555952,100004,100139,11,2,9,5,4
Second hospital of the Medical University,Sports Centre,4581.017973,100115,100126,90,22,68,49,19
Sports Centre,Second hospital of the Medical University,4581.017973,100126,100115,68,17,51,30,21
Southwest Tower,Dawang Zhuang,4580.042615,100125,100023,528,87,441,310,131
Dawang Zhuang,Southwest Tower,4580.042615,100023,100125,418,64,354,213,141
Dongting Road,Second hospital of the Medical University,4577.791256,100034,100115,198,41,157,125,32
Second hospital of the Medical University,Dongting Road,4577.791256,100115,100034,196,27,169,120,49
Jianshan Road,Nanlou,4574.763715,100066,100102,18,0,18,12,6
Nanlou,Jianshan Road,4574.763715,100102,100066,7,1,6,5,1
Bei Zhulin,Benxi Road,4574.166924,100004,100008,21,12,9,0,9
Benxi Road,Bei Zhulin,4574.166924,100008,100004,3,1,2,2,0
Zhangxing Zhuang,Jinshi Bridge,4574.120484,100185,100076,410,62,348,248,100
Jinshi Bridge,Zhangxing Zhuang,4574.120484,100076,100185,407,76,331,228,103
Foreign Languages High School,People's Hospital,4573.82292,100040,100111,164,15,149,111,38
People's Hospital,Foreign Languages High School,4573.82292,100111,100040,155,17,138,93,45
Jingjiang Road,Xiawafang,4572.962151,100072,100157,2546,383,2163,1526,637
Xiawafang,Jingjiang Road,4572.962151,100157,100072,2244,333,1911,1331,580
Lushui Road,Meijiang Road,4570.064571,100093,100097,603,68,535,440,95
Meijiang Road,Lushui Road,4570.064571,100097,100093,517,59,458,308,150
Second hospital of the Medical University,Jiefang South Road,4567.422058,100115,100068,1469,224,1245,779,466
Jiefang South Road,Second hospital of the Medical University,4567.422058,100068,100115,1458,259,1199,802,397
Southwest corner,Jieyuan West Road,4566.062024,100124,100069,1632,419,1213,689,524
Jieyuan West Road,Southwest corner,4566.062024,100069,100124,1599,397,1202,855,347
Tiantai Road,Qinjian Road,4565.337562,100137,100113,169,23,146,117,29
Qinjian Road,Tiantai Road,4565.337562,100113,100137,144,33,111,54,57
Dongli Yijing Road,Xuelian South Road,4562.049839,100033,100164,88,14,74,58,16
Xuelian South Road,Dongli Yijing Road,4562.049839,100164,100033,88,13,75,67,8
Bianxing,People's Hospital,4561.596447,100009,100111,386,93,293,190,103
People's Hospital,Bianxing,4561.596447,100111,100009,356,91,265,97,168
Haihe Education Zone,Xianshuigu West,4559.247154,100050,100152,1833,498,1335,770,565
Xianshuigu West,Haihe Education Zone,4559.247154,100152,100050,1730,483,1247,383,864
Shunchi Bridge,Gulou,4558.151683,100120,100045,1236,377,859,479,380
Gulou,Shunchi Bridge,4558.151683,100045,100120,1117,393,724,369,355
Wandong Road,Shunchi Bridge,4558.09937,100144,100120,45,13,32,15,17
Shunchi Bridge,Wandong Road,4558.09937,100120,100144,30,10,20,9,11
Xueyuan North Road,Fangshan Road,4557.67141,100165,100038,18,7,11,7,4
Fangshan Road,Xueyuan North Road,4557.67141,100038,100165,15,6,9,5,4
Jiangwan Erzhi Road,Liqi Zhuang South,4557.074917,100065,100088,56,3,53,32,21
Liqi Zhuang South,Jiangwan Erzhi Road,4557.074917,100088,100065,48,4,44,41,3
Chinese Medicine First Affiliated Hospital,Water Park Road East,4556.572159,100016,100147,121,36,85,36,49
Water Park Road East,Chinese Medicine First Affiliated Hospital,4556.572159,100147,100016,108,31,77,30,47
Yizhongxin Hospital,Wujiayao,4556.176091,100177,100150,250,38,212,148,64
Wujiayao,Yizhongxin Hospital,4556.176091,100150,100177,250,42,208,127,81
Fuxing Road,Southeast Corner,4554.403938,100042,100123,97,49,48,28,20
Southeast Corner,Fuxing Road,4554.403938,100123,100042,68,18,50,28,22
Zhigu,Yihao Bridge,4548.99023,100188,100172,685,94,591,357,234
Yihao Bridge,Zhigu,4548.99023,100172,100188,619,100,519,330,189
Exhibition Centre,Taida,4548.440663,100037,100129,974,277,697,411,286
Taida,Exhibition Centre,4548.440663,100129,100037,950,252,698,484,214
Tianjin Station,Jintang Road,4542.36115,100135,100077,531,173,358,179,179
Jintang Road,Tianjin Station,4542.36115,100077,100135,452,136,316,160,156
Yingfeng Road,Tianjin Hotel,4542.185503,100173,100134,501,92,409,284,125
Tianjin Hotel,Yingfeng Road,4542.185503,100134,100173,459,63,396,272,124
Tucheng,Shiyijing Road,4541.199336,100140,100117,232,28,204,167,37
Shiyijing Road,Tucheng,4541.199336,100117,100140,197,24,173,127,46
Jingjiang Road,Dengzhou Road,4538.225887,100072,100024,768,116,652,447,205
Dengzhou Road,Jingjiang Road,4538.225887,100024,100072,553,85,468,336,132
Chentang Zhuang,Southwest Tower,4537.865342,100015,100125,236,35,201,149,52
Southwest Tower,Chentang Zhuang,4537.865342,100125,100015,224,29,195,146,49
Yuanyang International Centre,Yueya River,4534.259163,100179,100182,1228,307,921,465,456
Yueya River,Yuanyang International Centre,4534.259163,100182,100179,1164,284,880,559,321
Cuifu New Village,Wanshan Road,4531.472517,100019,100146,10,5,5,0,5
Wanshan Road,Cuifu New Village,4531.472517,100146,100019,6,3,3,2,1
Xinkai River,Jianchang Road,4527.180755,100160,100063,106,20,86,46,40
Jianchang Road,Xinkai River,4527.180755,100063,100160,82,20,62,44,18
Yibin Road,Wangdingdi,4523.219606,100171,100145,115,19,96,60,36
Wangdingdi,Yibin Road,4523.219606,100145,100171,104,15,89,53,36
Heping Road,Taichang Road,4522.626969,100053,100128,4325,1334,2991,1535,1456
Taichang Road,Heping Road,4522.626969,100128,100053,4024,1354,2670,1495,1175
Yudongcheng,Chenglin Road,4520.851955,100180,100014,527,81,446,305,141
Chenglin Road,Yudongcheng,4520.851955,100014,100180,473,75,398,260,138
Meijiang Park,Lushui Road,4520.434056,100096,100093,146,26,120,75,45
Lushui Road,Meijiang Park,4520.434056,100093,100096,146,35,111,53,58
Tumour Hospital,Tiantuo,4517.101802,100141,100138,730,117,613,354,259
Tiantuo,Tumour Hospital,4517.101802,100138,100141,718,110,608,376,232
People's Hospital,Southeast Corner,4515.685737,100111,100123,321,104,217,113,104
Southeast Corner,People's Hospital,4515.685737,100123,100111,263,77,186,95,91
Southwest corner,Xiaobailou,4515.216252,100124,100154,2931,800,2131,1374,757
Xiaobailou,Southwest corner,4515.216252,100154,100124,2732,695,2037,1152,885
Water Park Road East,Lijiang Road,4515.101239,100147,100085,21,12,9,7,2
Lijiang Road,Water Park Road East,4515.101239,100085,100147,18,9,9,3,6
Tiantai Road,Changhong Park,4511.864495,100137,100012,625,148,477,304,173
Changhong Park,Tiantai Road,4511.864495,100012,100137,600,148,452,254,198
Zhanggui Zhuang,Dongli Development Zone,4509.484009,100184,100030,1607,302,1305,979,326
Dongli Development Zone,Zhanggui Zhuang,4509.484009,100030,100184,1479,297,1182,815,367
Guoshan Road,Xiangshan Road,4508.112963,100047,100151,18,7,11,4,7
Xiangshan Road,Guoshan Road,4508.112963,100151,100047,17,3,14,9,5
People's Hospital,Qinjian Road,4507.57167,100111,100113,374,68,306,191,115
Qinjian Road,People's Hospital,4507.57167,100113,100111,346,52,294,201,93
Haihe East Road,Magangchang,4506.965947,100049,100094,6,1,5,4,1
Magangchang,Haihe East Road,4506.965947,100094,100049,2,0,2,2,0
Xuzhou Road,Dawang Zhuang,4505.918685,100167,100023,10,2,8,6,2
Dawang Zhuang,Xuzhou Road,4505.918685,100023,100167,3,0,3,2,1
JinZhong River Street,Tiedong Road,4504.416752,100079,100139,307,56,251,195,56
Tiedong Road,JinZhong River Street,4504.416752,100139,100079,289,53,236,162,74
Yueya River,JinZhong Street,4504.151945,100182,100080,570,114,456,286,170
JinZhong Street,Yueya River,4504.151945,100080,100182,520,94,426,315,111
Danhebei Road,Huaihe Road,4502.378215,100022,100058,23,6,17,12,5
Huaihe Road,Danhebei Road,4502.378215,100058,100022,4,1,3,2,1
Chentang Zhuang,Xiaobailou,4496.746297,100015,100154,3101,538,2563,1928,635
Xiaobailou,Chentang Zhuang,4496.746297,100154,100015,2908,548,2360,1444,916
Liuwei Road,Xikang Road,4496.63571,100090,100158,69,23,46,29,17
Xikang Road,Liuwei Road,4496.63571,100158,100090,53,15,38,20,18
Tianjin Station,Beining Park,4495.939564,100135,100006,1486,535,951,360,591
Beining Park,Tianjin Station,4495.939564,100006,100135,567,156,411,207,204
Shunchi Bridge,Yingkou Road,4490.769419,100120,100174,1151,325,826,518,308
Yingkou Road,Shunchi Bridge,4490.769419,100174,100120,1141,345,796,427,369
Yutai,Sports Centre,4490.306877,100183,100126,233,67,166,115,51
Sports Centre,Yutai,4490.306877,100126,100183,199,51,148,56,92
Jianshan Road,Water Park Road East,4490.21179,100066,100147,346,101,245,147,98
Water Park Road East,Jianshan Road,4490.21179,100147,100066,265,77,188,110,78
Wanshan Road,Huanyu Road,4488.413169,100146,100059,2,0,2,1,1
Huanyu Road,Wanshan Road,4488.413169,100059,100146,1,0,1,1,0
Liaohe North Road,Jianchang Road,4483.625092,100084,100063,92,20,72,43,29
Jianchang Road,Liaohe North Road,4483.625092,100063,100084,91,15,76,45,31
Fuxing Gate,Xiawafang,4480.192509,100041,100157,1939,291,1648,1162,486
Xiawafang,Fuxing Gate,4480.192509,100157,100041,1673,272,1401,955,446
Wandong Road,Yuejin North Road,4478.412349,100144,100181,382,43,339,255,84
Yuejin North Road,Wandong Road,4478.412349,100181,100144,359,50,309,231,78
Heping Road,Nanlou,4478.244853,100053,100102,1028,280,748,368,380
Nanlou,Heping Road,4478.244853,100102,100053,839,208,631,398,233
Nanlou,Xikang Road,4471.60057,100102,100158,572,125,447,313,134
Xikang Road,Nanlou,4471.60057,100158,100102,499,121,378,239,139
Jiangwan Erzhi Road,Tumour Hospital,4466.820851,100065,100141,76,10,66,37,29
Tumour Hospital,Jiangwan Erzhi Road,4466.820851,100141,100065,75,15,60,34,26
Jintang Road,Xuzhou Road,4465.15274,100077,100167,104,11,93,68,25
Xuzhou Road,Jintang Road,4465.15274,100167,100077,83,16,67,46,21
Yingfeng Road,Yibin Road,4464.389503,100173,100171,614,101,513,344,169
Yibin Road,Yingfeng Road,4464.389503,100171,100173,538,67,471,299,172
Number Two Bridge,Dongxing Road,4463.722105,100110,100035,662,67,595,504,91
Dongxing Road,Number Two Bridge,4463.722105,100035,100110,558,66,492,384,108
Jingjiang Road,Jinshi Bridge,4461.227557,100072,100076,398,72,326,206,120
Jinshi Bridge,Jingjiang Road,4461.227557,100076,100072,365,68,297,201,96
Jinmao Industrial Area,Taichang Road,4460.503934,100074,100128,208,74,134,90,44
Taichang Road,Jinmao Industrial Area,4460.503934,100128,100074,182,57,125,76,49
Xuzhou Road,Xiaobailou,4459.906217,100167,100154,7,2,5,3,2
Xiaobailou,Xuzhou Road,4459.906217,100154,100167,2,2,0,0,0
Xuzhou Road,Jinshi Bridge,4457.378518,100167,100076,113,9,104,74,30
Jinshi Bridge,Xuzhou Road,4457.378518,100076,100167,106,13,93,79,14
Changhong Park,Jianguo Road,4456.306716,100012,100064,462,98,364,224,140
Jianguo Road,Changhong Park,4456.306716,100064,100012,437,113,324,192,132
Bei Zhulin,Southeast Corner,4450.827662,100004,100123,10,5,5,3,2
Southeast Corner,Bei Zhulin,4450.827662,100123,100004,6,3,3,0,3
Nancuiping,Cultural centre,4449.56212,100100,100020,714,228,486,366,120
Cultural centre,Nancuiping,4449.56212,100020,100100,671,195,476,309,167
Huanyu Road,Fuxing Gate,4449.528899,100059,100041,8,0,8,6,2
Fuxing Gate,Huanyu Road,4449.528899,100041,100059,5,0,5,1,4
Shiyijing Road,Jin Street,4448.426485,100117,100070,45,14,31,13,18
Jin Street,Shiyijing Road,4448.426485,100070,100117,36,10,26,11,15
Nanlou,Chenglin Road,4447.417591,100102,100014,425,79,346,213,133
Chenglin Road,Nanlou,4447.417591,100014,100102,419,78,341,252,89
Fuxing Road,North Station,4446.203318,100042,100108,200,37,163,100,63
North Station,Fuxing Road,4446.203318,100108,100042,190,35,155,94,61
Chunhai Road,Shuanglin,4444.894861,100017,100119,75,10,65,46,19
Shuanglin,Chunhai Road,4444.894861,100119,100017,68,13,55,41,14
Shaliu South Road,Haihe East Road,4443.818236,100116,100049,3,0,3,1,2
Haihe East Road,Shaliu South Road,4443.818236,100049,100116,2,1,1,0,1
Liuwei Road,Jianguo Road,4441.805179,100090,100064,56,10,46,19,27
Jianguo Road,Liuwei Road,4441.805179,100064,100090,45,7,38,16,22
Xinkai River,Jianguo Road,4441.520477,100160,100064,47,4,43,19,24
Jianguo Road,Xinkai River,4441.520477,100064,100160,19,2,17,12,5
Lushui Road,Meijiang Exhibition Centre,4440.596437,100093,100095,714,263,451,336,115
Meijiang Exhibition Centre,Lushui Road,4440.596437,100095,100093,651,269,382,258,124
Xiangshan Road,Taichang Road,4440.272402,100151,100128,792,265,527,226,301
Taichang Road,Xiangshan Road,4440.272402,100128,100151,772,261,511,212,299
Zhigu,Jianguo Road,4439.890716,100188,100064,253,69,184,139,45
Jianguo Road,Zhigu,4439.890716,100064,100188,242,47,195,127,68
Yuanyang International Centre,Xikang Road,4436.280065,100179,100158,630,157,473,290,183
Xikang Road,Yuanyang International Centre,4436.280065,100158,100179,595,147,448,282,166
Cultural centre,Dongxing Road,4436.106379,100020,100035,126,44,82,46,36
Dongxing Road,Cultural centre,4436.106379,100035,100020,125,35,90,56,34
Bei Zhulin,Xianyang Road,4434.721721,100004,100153,25,7,18,13,5
Xianyang Road,Bei Zhulin,4434.721721,100153,100004,24,6,18,10,8
Zhongshan Road,Yueya River,4430.955346,100190,100182,488,98,390,213,177
Yueya River,Zhongshan Road,4430.955346,100182,100190,365,65,300,187,113
Jingjiang Road,Dawang Zhuang,4430.187266,100072,100023,322,85,237,133,104
Dawang Zhuang,Jingjiang Road,4430.187266,100023,100072,281,69,212,103,109
West Station,Anshan Road,4429.8037,100149,100002,2861,730,2131,634,1497
Anshan Road,West Station,4429.8037,100002,100149,2574,770,1804,887,917
Anshan West Road,Huayuan,4429.760232,100003,100061,714,102,612,394,218
Huayuan,Anshan West Road,4429.760232,100061,100003,706,88,618,403,215
Tucheng,Yingkou Road,4425.022603,100140,100174,7059,2046,5013,3116,1897
Yingkou Road,Tucheng,4425.022603,100174,100140,6294,1830,4464,2289,2175
Tumour Hospital,Xiawafang,4424.696442,100141,100157,2629,401,2228,1366,862
Xiawafang,Tumour Hospital,4424.696442,100157,100141,2359,367,1992,1287,705
Tianjin Station,Chenglin Road,4424.061492,100135,100014,1016,302,714,320,394
Chenglin Road,Tianjin Station,4424.061492,100014,100135,751,222,529,342,187
Zhigu,Chentang Zhuang,4423.938005,100188,100015,299,40,259,184,75
Chentang Zhuang,Zhigu,4423.938005,100015,100188,291,37,254,175,79
Fuxing Road,Anshan West Road,4423.463833,100042,100003,261,64,197,145,52
Anshan West Road,Fuxing Road,4423.463833,100003,100042,222,34,188,129,59
Longhan Road,Wandong Road,4420.871219,100092,100144,101,23,78,46,32
Wandong Road,Longhan Road,4420.871219,100144,100092,100,23,77,56,21
Nanlou,Dawang Zhuang,4418.904997,100102,100023,141,29,112,85,27
Dawang Zhuang,Nanlou,4418.904997,100023,100102,110,18,92,53,39
Heping Road,North Station,4418.592849,100053,100108,1216,451,765,297,468
North Station,Heping Road,4418.592849,100108,100053,1203,484,719,363,356
Tianjin Hotel,Xiaobailou,4418.009645,100134,100154,1103,202,901,704,197
Xiaobailou,Tianjin Hotel,4418.009645,100154,100134,1041,208,833,494,339
Tian Tower,Tiantuo,4417.64481,100133,100138,612,186,426,207,219
Tiantuo,Tian Tower,4417.64481,100138,100133,603,216,387,223,164
Liulin Road,Chentang Zhuang,4415.548394,100089,100015,60,32,28,12,16
Chentang Zhuang,Liulin Road,4415.548394,100015,100089,51,26,25,8,17
Second hospital of the Medical University,Water Park Road East,4414.306686,100115,100147,481,146,335,193,142
Water Park Road East,Second hospital of the Medical University,4414.306686,100147,100115,366,110,256,131,125
Bei Zhulin,Beining Park,4411.604489,100004,100006,52,6,46,25,21
Beining Park,Bei Zhulin,4411.604489,100006,100004,50,10,40,26,14
Southwest Tower,Sports Centre,4409.484422,100125,100126,1079,249,830,524,306
Sports Centre,Southwest Tower,4409.484422,100126,100125,945,213,732,474,258
The Financial University,Jinmao Industrial Area,4409.194498,100132,100074,92,13,79,59,20
Jinmao Industrial Area,The Financial University,4409.194498,100074,100132,78,21,57,42,15
Huayuan,Water Park Road East,4404.42311,100061,100147,459,124,335,198,137
Water Park Road East,Huayuan,4404.42311,100147,100061,396,113,283,144,139
Zhicheng Road,Beining Park,4402.437977,100187,100006,156,22,134,92,42
Beining Park,Zhicheng Road,4402.437977,100006,100187,154,19,135,66,69
Minquan Gate,JinZhong Street,4401.143046,100099,100080,781,244,537,223,314
JinZhong Street,Minquan Gate,4401.143046,100080,100099,702,235,467,271,196
Jinmao Industrial Area,Zhaoyuan Road,4400.279686,100074,100186,8,1,7,4,3
Zhaoyuan Road,Jinmao Industrial Area,4400.279686,100186,100074,7,2,5,5,0
Tianshili,North Station,4399.421671,100136,100108,364,57,307,196,111
North Station,Tianshili,4399.421671,100108,100136,352,54,298,165,133
Xuelian South Road,Weishan Road,4397.522782,100164,100148,46,12,34,25,9
Weishan Road,Xuelian South Road,4397.522782,100148,100164,38,8,30,20,10
Xianyang Road,Tiantuo,4394.857861,100153,100138,541,74,467,353,114
Tiantuo,Xianyang Road,4394.857861,100138,100153,469,69,400,268,132
Chunhai Road,Huanyu Road,4388.349736,100017,100059,14,3,11,3,8
Huanyu Road,Chunhai Road,4388.349736,100059,100017,12,0,12,10,2
Water Park Road East,Zuojiang Road,4386.344274,100147,100192,347,83,264,132,132
Zuojiang Road,Water Park Road East,4386.344274,100192,100147,345,103,242,126,116
Dongli Liujing Road,Dongli Culture and Sports Centre,4380.573134,100031,100029,331,75,256,192,64
Dongli Culture and Sports Centre,Dongli Liujing Road,4380.573134,100029,100031,293,71,222,151,71
Haihe East Road,Dongli Culture and Sports Centre,4374.010338,100049,100029,108,29,79,46,33
Dongli Culture and Sports Centre,Haihe East Road,4374.010338,100029,100049,101,29,72,19,53
Zhigu,Jinwan Square,4372.584829,100188,100078,211,39,172,92,80
Jinwan Square,Zhigu,4372.584829,100078,100188,206,66,140,65,75
Foreign Languages High School,JinZhong River Street,4366.217984,100040,100079,313,10,303,274,29
JinZhong River Street,Foreign Languages High School,4366.217984,100079,100040,276,20,256,245,11
Xiawafang,Haiguang Temple,4357.138949,100157,100048,2809,583,2226,1522,704
Haiguang Temple,Xiawafang,4357.138949,100048,100157,2689,542,2147,1366,781
West Station,Jin Street,4354.816264,100149,100070,172,45,127,39,88
Jin Street,West Station,4354.816264,100070,100149,154,74,80,34,46
Cuifu New Village,JinZhong River Street,4353.989169,100019,100079,116,27,89,45,44
JinZhong River Street,Cuifu New Village,4353.989169,100079,100019,100,21,79,49,30
Tian Tower,Huayuan,4352.297668,100133,100061,2552,713,1839,961,878
Huayuan,Tian Tower,4352.297668,100061,100133,2472,645,1827,1076,751
Xiaobailou,Southeast Corner,4350.845698,100154,100123,401,218,183,68,115
Southeast Corner,Xiaobailou,4350.845698,100123,100154,236,101,135,64,71
Southeast Corner,Zhongshan Road,4348.887195,100123,100190,317,115,202,112,90
Zhongshan Road,Southeast Corner,4348.887195,100190,100123,286,98,188,97,91
Yudongcheng,Xingfu Park,4348.299228,100180,100159,578,84,494,299,195
Xingfu Park,Yudongcheng,4348.299228,100159,100180,460,90,370,232,138
North Station,Yixingbu North,4343.232299,100108,100176,366,69,297,164,133
Yixingbu North,North Station,4343.232299,100176,100108,331,74,257,182,75
Anshan Road,Liuwei Road,4341.863487,100002,100090,17,3,14,3,11
Liuwei Road,Anshan Road,4341.863487,100090,100002,16,5,11,9,2
Heping Road,Jingjiang Road,4340.866366,100053,100072,1638,493,1145,543,602
Jingjiang Road,Heping Road,4340.866366,100072,100053,1324,353,971,611,360
Foreign Languages High School,Zhangxing Zhuang,4340.005949,100040,100185,11,2,9,9,0
Zhangxing Zhuang,Foreign Languages High School,4340.005949,100185,100040,7,2,5,4,1
Xinkai River,Jinwan Square,4339.331517,100160,100078,66,27,39,17,22
Jinwan Square,Xinkai River,4339.331517,100078,100160,38,9,29,17,12
Jinwan Square,Xiawafang,4339.141535,100078,100157,532,141,391,218,173
Xiawafang,Jinwan Square,4339.141535,100157,100078,510,132,378,230,148
Water Park Road East,Yaohuan Road,4327.65046,100147,100170,41,23,18,11,7
Yaohuan Road,Water Park Road East,4327.65046,100170,100147,28,7,21,16,5
Anshan Road,Yuanyang International Centre,4321.511727,100002,100179,522,136,386,204,182
Yuanyang International Centre,Anshan Road,4321.511727,100179,100002,463,99,364,189,175
Xuzhuangzi,Xingfu Park,4318.068973,100168,100159,117,13,104,66,38
Xingfu Park,Xuzhuangzi,4318.068973,100159,100168,97,13,84,55,29
Leyuan Road,Meijiang Park,4316.511781,100083,100096,489,146,343,184,159
Meijiang Park,Leyuan Road,4316.511781,100096,100083,472,138,334,201,133
Leyuan Road,Sports Centre,4314.351339,100083,100126,75,33,42,20,22
Sports Centre,Leyuan Road,4314.351339,100126,100083,57,18,39,16,23
North Station,Siyuan Road,4313.763098,100108,100121,88,12,76,29,47
Siyuan Road,North Station,4313.763098,100121,100108,83,13,70,52,18
Anshan West Road,Southwest corner,4312.747854,100003,100124,466,91,375,223,152
Southwest corner,Anshan West Road,4312.747854,100124,100003,378,91,287,182,105
Jin Street,Shunchi Bridge,4308.33688,100070,100120,222,44,178,117,61
Shunchi Bridge,Jin Street,4308.33688,100120,100070,222,42,180,128,52
Minquan Gate,Tiantai Road,4307.74938,100099,100137,382,95,287,149,138
Tiantai Road,Minquan Gate,4307.74938,100137,100099,353,94,259,138,121
Tianjin Station,Northwest Corner,4305.72894,100135,100109,3391,1567,1824,991,833
Northwest Corner,Tianjin Station,4305.72894,100109,100135,1807,714,1093,438,655
Xiaodong Zhuang,Dongli Development Zone,4304.072987,100156,100030,1084,269,815,573,242
Dongli Development Zone,Xiaodong Zhuang,4304.072987,100030,100156,1057,295,762,431,331
Shiyijing Road,Shunchi Bridge,4298.635776,100117,100120,170,20,150,77,73
Shunchi Bridge,Shiyijing Road,4298.635776,100120,100117,150,17,133,89,44
Jingjiang Road,Xuzhou Road,4298.429372,100072,100167,1012,144,868,666,202
Xuzhou Road,Jingjiang Road,4298.429372,100167,100072,837,113,724,468,256
Foreign Languages High School,Honghu Li,4292.031196,100040,100055,71,10,61,52,9
Honghu Li,Foreign Languages High School,4292.031196,100055,100040,53,11,42,38,4
Wangdingdi,Tumour Hospital,4283.736552,100145,100141,145,15,130,88,42
Tumour Hospital,Wangdingdi,4283.736552,100141,100145,135,19,116,62,54
West Station,Zhongshan Road,4283.449902,100149,100190,440,124,316,112,204
Zhongshan Road,West Station,4283.449902,100190,100149,372,109,263,71,192
Wandong Road,Laoshan Road,4281.872108,100144,100082,53,10,43,29,14
Laoshan Road,Wandong Road,4281.872108,100082,100144,32,9,23,16,7
Sports Centre,Yingfeng Road,4277.527733,100126,100173,51,22,29,12,17
Yingfeng Road,Sports Centre,4277.527733,100173,100126,39,15,24,12,12
Leyuan Road,Xiaobailou,4275.020734,100083,100154,134,53,81,26,55
Xiaobailou,Leyuan Road,4275.020734,100154,100083,95,33,62,33,29
Jinghe Road,Dongting Road,4273.369657,100071,100034,70,15,55,31,24
Dongting Road,Jinghe Road,4273.369657,100034,100071,53,13,40,25,15
Heping Road,Northwest Corner,4272.148709,100053,100109,1521,628,893,363,530
Northwest Corner,Heping Road,4272.148709,100109,100053,1072,421,651,291,360
Nancuiping,Tian Tower,4271.060553,100100,100133,303,141,162,88,74
Tian Tower,Nancuiping,4271.060553,100133,100100,296,111,185,70,115
Yibin Road,Bei Zhulin,4266.77877,100171,100004,41,16,25,17,8
Bei Zhulin,Yibin Road,4266.77877,100004,100171,23,8,15,9,6
Zhigu,Tianjin Hotel,4266.59815,100188,100134,803,122,681,485,196
Tianjin Hotel,Zhigu,4266.59815,100134,100188,755,123,632,453,179
Yuanyang International Centre,Southwest corner,4264.774208,100179,100124,1193,374,819,418,401
Southwest corner,Yuanyang International Centre,4264.774208,100124,100179,1021,286,735,381,354
Taichang Road,Dengzhou South Road,4260.596724,100128,100025,2522,923,1599,677,922
Dengzhou South Road,Taichang Road,4260.596724,100025,100128,2453,929,1524,818,706
Changhong Park,Anshan Road,4257.818444,100012,100002,577,134,443,316,127
Anshan Road,Changhong Park,4257.818444,100002,100012,544,134,410,253,157
Sports Centre,Jiangwan Erzhi Road,4255.912689,100126,100065,241,76,165,57,108
Jiangwan Erzhi Road,Sports Centre,4255.912689,100065,100126,209,76,133,55,78
Tianjin Station,Xingfu Park,4251.508765,100135,100159,1036,337,699,305,394
Xingfu Park,Tianjin Station,4251.508765,100159,100135,977,348,629,312,317
Sports Centre,Liqi Zhuang South,4250.613343,100126,100088,143,29,114,28,86
Liqi Zhuang South,Sports Centre,4250.613343,100088,100126,113,30,83,51,32
Xingfu Park,Zhicheng Road,4250.489634,100159,100187,486,126,360,209,151
Zhicheng Road,Xingfu Park,4250.489634,100187,100159,476,144,332,223,109
Chunhai Road,Huashan Li,4250.29515,100017,100060,8,0,8,7,1
Huashan Li,Chunhai Road,4250.29515,100060,100017,7,0,7,7,0
Junliangcheng,Steel Tube Company,4247.22939,100081,100127,544,116,428,279,149
Steel Tube Company,Junliangcheng,4247.22939,100127,100081,486,99,387,262,125
Xinkai River,Yueya River,4245.006468,100160,100182,353,96,257,143,114
Yueya River,Xinkai River,4245.006468,100182,100160,300,90,210,153,57
Wandong Road,Xuzhou Road,4243.418646,100144,100167,2216,403,1813,1461,352
Xuzhou Road,Wandong Road,4243.418646,100167,100144,1906,392,1514,948,566
Jianguo Road,Haiguang Temple,4240.396174,100064,100048,272,87,185,105,80
Haiguang Temple,Jianguo Road,4240.396174,100048,100064,239,69,170,71,99
Northwest Corner,Yibin Road,4238.437857,100109,100171,508,148,360,145,215
Yibin Road,Northwest Corner,4238.437857,100171,100109,501,171,330,205,125
Guangkaisima Road,Tiantuo,4234.815205,100044,100138,358,59,299,185,114
Tiantuo,Guangkaisima Road,4234.815205,100138,100044,301,56,245,169,76
Chunhai Road,Lijiang Road,4233.319827,100017,100085,132,23,109,62,47
Lijiang Road,Chunhai Road,4233.319827,100085,100017,117,25,92,50,42
Huaihe Road,Yixingbu,4232.842859,100058,100175,353,103,250,140,110
Yixingbu,Huaihe Road,4232.842859,100175,100058,339,108,231,119,112
Tucheng,Dongxing Road,4230.081028,100140,100035,50,9,41,25,16
Dongxing Road,Tucheng,4230.081028,100035,100140,48,7,41,27,14
Liulin Road,Fangshan Road,4229.120827,100089,100038,111,18,93,48,45
Fangshan Road,Liulin Road,4229.120827,100038,100089,107,21,86,62,24
Xikang Road,Jianguo Road,4227.987593,100158,100064,367,78,289,199,90
Jianguo Road,Xikang Road,4227.987593,100064,100158,338,73,265,181,84
Yuejin North Road,Jinmao Industrial Area,4225.075374,100181,100074,13,0,13,12,1
Jinmao Industrial Area,Yuejin North Road,4225.075374,100074,100181,9,0,9,7,2
Southwest Tower,Water Park Road East,4219.244141,100125,100147,290,73,217,162,55
Water Park Road East,Southwest Tower,4219.244141,100147,100125,272,66,206,133,73
Jiangwan Erzhi Road,Yutai,4218.816226,100065,100183,663,41,622,421,201
Yutai,Jiangwan Erzhi Road,4218.816226,100183,100065,634,44,590,514,76
Longhan Road,Weishan Road,4216.461786,100092,100148,1108,205,903,549,354
Weishan Road,Longhan Road,4216.461786,100148,100092,1037,191,846,633,213
Xuzhou Road,Gulou,4211.170115,100167,100045,688,175,513,283,230
Gulou,Xuzhou Road,4211.170115,100045,100167,582,195,387,197,190
Nanlou,Tianjin Hotel,4206.195087,100102,100134,224,36,188,125,63
Tianjin Hotel,Nanlou,4206.195087,100134,100102,201,30,171,141,30
Yuejin North Road,Xiangshan Road,4204.843842,100181,100151,161,25,136,100,36
Xiangshan Road,Yuejin North Road,4204.843842,100151,100181,152,20,132,81,51
Honghu Li,Changhong Park,4204.603497,100055,100012,368,123,245,169,76
Changhong Park,Honghu Li,4204.603497,100012,100055,327,86,241,150,91
Southwest Tower,Zuojiang Road,4203.51555,100125,100192,66,17,49,32,17
Zuojiang Road,Southwest Tower,4203.51555,100192,100125,61,15,46,32,14
Tianjin Station,Haiguang Temple,4201.728458,100135,100048,2174,594,1580,848,732
Haiguang Temple,Tianjin Station,4201.728458,100048,100135,1884,486,1398,771,627
Xianyang Road,Northwest Corner,4198.853685,100153,100109,1099,242,857,588,269
Northwest Corner,Xianyang Road,4198.853685,100109,100153,983,232,751,422,329
Jintang Road,Cultural centre,4197.689672,100077,100020,589,156,433,234,199
Cultural centre,Jintang Road,4197.689672,100020,100077,584,165,419,208,211
Yudongcheng,Fangshan Road,4195.519488,100180,100038,334,51,283,191,92
Fangshan Road,Yudongcheng,4195.519488,100038,100180,243,36,207,158,49
Zhangxing Zhuang,Beining Park,4195.07897,100185,100006,56,14,42,25,17
Beining Park,Zhangxing Zhuang,4195.07897,100006,100185,42,5,37,19,18
Jinwan Square,Chenglin Road,4193.120703,100078,100014,90,28,62,31,31
Chenglin Road,Jinwan Square,4193.120703,100014,100078,42,11,31,16,15
Tianjin Hotel,Zuojiang Road,4189.403696,100134,100192,253,35,218,143,75
Zuojiang Road,Tianjin Hotel,4189.403696,100192,100134,229,30,199,141,58
Xuzhuangzi,Siyuan Road,4188.666074,100168,100121,9,3,6,6,0
Siyuan Road,Xuzhuangzi,4188.666074,100121,100168,2,0,2,0,2
Huaihe Road,Zhicheng Road,4178.196335,100058,100187,359,70,289,197,92
Zhicheng Road,Huaihe Road,4178.196335,100187,100058,334,54,280,188,92
Jintang Road,Xingfu Park,4176.154959,100077,100159,630,158,472,243,229
Xingfu Park,Jintang Road,4176.154959,100159,100077,594,142,452,269,183
Tucheng,Cultural centre,4175.340217,100140,100020,250,89,161,97,64
Cultural centre,Tucheng,4175.340217,100020,100140,195,77,118,49,69
Cuifu New Village,Tianjin Station,4174.295708,100019,100135,1647,425,1222,811,411
Tianjin Station,Cuifu New Village,4174.295708,100135,100019,1571,433,1138,447,691
Tianjin Station,Guangkaisima Road,4171.542482,100135,100044,2168,604,1564,750,814
Guangkaisima Road,Tianjin Station,4171.542482,100044,100135,1742,500,1242,755,487
Heping Road,Tian Tower,4167.946329,100053,100133,3581,1266,2315,1104,1211
Tian Tower,Heping Road,4167.946329,100133,100053,3295,1148,2147,1149,998
Lushui Road,Jingli Road,4167.278751,100093,100073,866,150,716,506,210
Jingli Road,Lushui Road,4167.278751,100073,100093,813,155,658,452,206
Wangdingdi,Wujiayao,4166.783478,100145,100150,918,106,812,621,191
Wujiayao,Wangdingdi,4166.783478,100150,100145,761,103,658,422,236
North Station,Yuanyang International Centre,4165.418201,100108,100179,243,69,174,94,80
Yuanyang International Centre,North Station,4165.418201,100179,100108,237,65,172,98,74
Zhongshan Gate,Shiyijing Road,4164.502302,100189,100117,1589,235,1354,998,356
Shiyijing Road,Zhongshan Gate,4164.502302,100117,100189,1495,226,1269,838,431
Wangdingdi,High-Tech Zone,4161.043736,100145,100054,1053,124,929,805,124
High-Tech Zone,Wangdingdi,4161.043736,100054,100145,1016,126,890,714,176
Magangchang,Fuxing Gate,4160.665682,100094,100041,29,3,26,16,10
Fuxing Gate,Magangchang,4160.665682,100041,100094,18,1,17,11,6
Tiantai Road,Southwest corner,4159.349531,100137,100124,414,117,297,199,98
Southwest corner,Tiantai Road,4159.349531,100124,100137,413,122,291,165,126
Nanlou,Anshan Road,4156.464282,100102,100002,2752,518,2234,1520,714
Anshan Road,Nanlou,4156.464282,100002,100102,2726,561,2165,1331,834
Jingjiang Road,Jianchang Road,4148.968263,100072,100063,338,70,268,165,103
Jianchang Road,Jingjiang Road,4148.968263,100063,100072,310,63,247,177,70
Jianchang Road,North Station,4142.077337,100063,100108,140,22,118,83,35
North Station,Jianchang Road,4142.077337,100108,100063,132,21,111,62,49
Heping Road,Guangkaisima Road,4139.294478,100053,100044,863,246,617,321,296
Guangkaisima Road,Heping Road,4139.294478,100044,100053,710,166,544,377,167
Zhaoyuan Road,Dongli Sanjing Road,4136.025629,100186,100032,337,26,311,252,59
Dongli Sanjing Road,Zhaoyuan Road,4136.025629,100032,100186,336,27,309,243,66
People's Hospital,Tiantuo,4135.372425,100111,100138,980,111,869,553,316
Tiantuo,People's Hospital,4135.372425,100138,100111,819,102,717,516,201
Liulin Road,Dongjiang Road,4134.533647,100089,100028,6,4,2,0,2
Xikang Road,Southwest corner,4132.657379,100158,100124,450,117,333,219,114
Southwest corner,Xikang Road,4132.657379,100124,100158,442,127,315,180,135
Nancuiping,Anshan West Road,4132.491106,100100,100003,534,102,432,278,154
Anshan West Road,Nancuiping,4132.491106,100003,100100,531,112,419,248,171
Longhan Road,Xiangshan Road,4128.83728,100092,100151,508,104,404,286,118
Xiangshan Road,Longhan Road,4128.83728,100151,100092,500,92,408,233,175
Meijiang Exhibition Centre,Second hospital of the Medical University,4127.76937,100095,100115,872,216,656,478,178
Second hospital of the Medical University,Meijiang Exhibition Centre,4127.76937,100115,100095,855,213,642,448,194
Wujiayao,Yingfeng Road,4125.273609,100150,100173,308,47,261,155,106
Yingfeng Road,Wujiayao,4125.273609,100173,100150,295,36,259,190,69
Zhou and Deng Memorial Museum,Yingkou Road,4124.068407,100191,100174,3607,1157,2450,1612,838
Yingkou Road,Zhou and Deng Memorial Museum,4124.068407,100174,100191,2911,880,2031,1113,918
JinZhong River Street,Shunchi Bridge,4123.784011,100079,100120,95,21,74,44,30
Shunchi Bridge,JinZhong River Street,4123.784011,100120,100079,81,14,67,39,28
Zhigu,Leyuan Road,4123.60924,100188,100083,129,24,105,61,44
Leyuan Road,Zhigu,4123.60924,100083,100188,127,40,87,36,51
Zhongshan Road,Yixingbu,4122.047838,100190,100175,1233,272,961,536,425
Yixingbu,Zhongshan Road,4122.047838,100175,100190,1166,265,901,569,332
Xinkai River,Fuxing Road,4119.302426,100160,100042,100,32,68,47,21
Fuxing Road,Xinkai River,4119.302426,100042,100160,97,38,59,37,22
Meijiang Park,Tumour Hospital,4114.936282,100096,100141,211,32,179,122,57
Tumour Hospital,Meijiang Park,4114.936282,100141,100096,208,31,177,71,106
Anshan Road,Jianguo Road,4113.219255,100002,100064,210,58,152,84,68
Jianguo Road,Anshan Road,4113.219255,100064,100002,187,43,144,84,60
Wujiayao,Haiguang Temple,4111.148773,100150,100048,561,125,436,281,155
Haiguang Temple,Wujiayao,4111.148773,100048,100150,516,118,398,208,190
Beichen Road,Liaohe North Road,4110.184033,100005,100084,191,49,142,82,60
Liaohe North Road,Beichen Road,4110.184033,100084,100005,184,42,142,70,72
Jingjiang Road,Laoshan Road,4109.570451,100072,100082,296,46,250,160,90
Laoshan Road,Jingjiang Road,4109.570451,100082,100072,261,37,224,163,61
North China Group,Zhangxing Zhuang,4106.573318,100107,100185,442,130,312,169,143
Zhangxing Zhuang,North China Group,4106.573318,100185,100107,386,92,294,195,99
Jintang Road,Cuifu New Village,4104.847896,100077,100019,192,46,146,95,51
Cuifu New Village,Jintang Road,4104.847896,100019,100077,191,41,150,114,36
Minquan Gate,Zhangxing Zhuang,4102.93438,100099,100185,45,14,31,15,16
Zhangxing Zhuang,Minquan Gate,4102.93438,100185,100099,35,11,24,8,16
Changling Road,Cultural centre,4102.850525,100013,100020,1278,439,839,438,401
Cultural centre,Changling Road,4102.850525,100020,100013,1234,431,803,365,438
Tianjin Station,Erwei Road,4100.770485,100135,100036,742,203,539,290,249
Erwei Road,Tianjin Station,4100.770485,100036,100135,632,183,449,233,216
Jin Street,Changhong Park,4088.110277,100070,100012,202,67,135,84,51
Changhong Park,Jin Street,4088.110277,100012,100070,199,56,143,81,62
Yuanyang International Centre,Xuzhou Road,4085.930647,100179,100167,258,67,191,120,71
Xuzhou Road,Yuanyang International Centre,4085.930647,100167,100179,257,68,189,123,66
Zhongshan Road,Zhicheng Road,4085.301308,100190,100187,473,85,388,238,150
Zhicheng Road,Zhongshan Road,4085.301308,100187,100190,433,72,361,248,113
Cultural centre,Meijiang Park,4085.158766,100020,100096,233,48,185,109,76
Meijiang Park,Cultural centre,4085.158766,100096,100020,210,37,173,133,40
Hongqi South Road,Xikang Road,4085.00925,100057,100158,3034,502,2532,1832,700
Xikang Road,Hongqi South Road,4085.00925,100158,100057,2929,503,2426,1589,837
Erwei Road,Jinwan Square,4073.488845,100036,100078,167,41,126,75,51
Jinwan Square,Erwei Road,4073.488845,100078,100036,144,36,108,46,62
Zhongshan Road,Dawang Zhuang,4071.886048,100190,100023,540,125,415,270,145
Dawang Zhuang,Zhongshan Road,4071.886048,100023,100190,476,104,372,228,144
Leyuan Road,Nanlou,4063.206177,100083,100102,34,11,23,7,16
Nanlou,Leyuan Road,4063.206177,100102,100083,25,4,21,7,14
The Financial University,Xueyuan North Road,4061.959301,100132,100165,8,3,5,5,0
Xueyuan North Road,The Financial University,4061.959301,100165,100132,2,1,1,1,0
Leyuan Road,Water Park Road East,4060.712393,100083,100147,787,309,478,255,223
Water Park Road East,Leyuan Road,4060.712393,100147,100083,719,295,424,228,196
Jiangwan Erzhi Road,Magangchang,4058.184718,100065,100094,204,23,181,124,57
Magangchang,Jiangwan Erzhi Road,4058.184718,100094,100065,147,28,119,85,34
Chinese Medicine First Affiliated Hospital,Youyi South Road,4054.56532,100016,100178,226,35,191,108,83
Youyi South Road,Chinese Medicine First Affiliated Hospital,4054.56532,100178,100016,205,28,177,97,80
Tumour Hospital,Yizhongxin Hospital,4051.853444,100141,100177,977,155,822,480,342
Yizhongxin Hospital,Tumour Hospital,4051.853444,100177,100141,817,121,696,440,256
Yudongcheng,Shunchi Bridge,4043.261568,100180,100120,826,130,696,463,233
Shunchi Bridge,Yudongcheng,4043.261568,100120,100180,712,124,588,400,188
Nanzhu Bridge,Changling Road,4040.92991,100104,100013,535,102,433,286,147
Changling Road,Nanzhu Bridge,4040.92991,100013,100104,514,100,414,239,175
Xinkai River,Yixingbu,4037.339766,100160,100175,154,60,94,53,41
Yixingbu,Xinkai River,4037.339766,100175,100160,127,54,73,50,23
Haihe East Road,Weishan Road,4035.493004,100049,100148,4,1,3,0,3
Weishan Road,Haihe East Road,4035.493004,100148,100049,3,0,3,3,0
Erwei Road,Yibin Road,4033.479402,100036,100171,140,17,123,68,55
Yibin Road,Erwei Road,4033.479402,100171,100036,113,23,90,65,25
Zhangxing Zhuang,Yueya River,4025.630999,100185,100182,366,84,282,202,80
Yueya River,Zhangxing Zhuang,4025.630999,100182,100185,344,68,276,167,109
Jingjiang Road,Minquan Gate,4024.344513,100072,100099,213,61,152,96,56
Minquan Gate,Jingjiang Road,4024.344513,100099,100072,191,51,140,75,65
Wujiayao,Jinwan Square,4018.837991,100150,100078,1274,296,978,708,270
Jinwan Square,Wujiayao,4018.837991,100078,100150,1136,287,849,529,320
Gulou,Yibin Road,4017.041796,100045,100171,825,314,511,241,270
Yibin Road,Gulou,4017.041796,100171,100045,747,288,459,257,202
National Exhibition Centre,Hongni River East,4015.462034,100105,100056,6,2,4,1,3
Hongni River East,National Exhibition Centre,4015.462034,100056,100105,5,1,4,3,1
Nanzhu Bridge,The Financial University,4015.279986,100104,100132,1252,166,1086,902,184
The Financial University,Nanzhu Bridge,4015.279986,100132,100104,1191,198,993,739,254
Dengzhou Road,Wanshan Road,4013.591224,100024,100146,22,5,17,10,7
Wanshan Road,Dengzhou Road,4013.591224,100146,100024,18,4,14,11,3
Xuelian South Road,Fangshan Road,4008.984017,100164,100038,5,3,2,0,2
Fangshan Road,Xuelian South Road,4008.984017,100038,100164,2,1,1,1,0
Tianjin Station,Xiaobailou,4007.628805,100135,100154,3207,1076,2131,1024,1107
Xiaobailou,Tianjin Station,4007.628805,100154,100135,2821,1021,1800,967,833
Xiawafang,Zhongshan Gate,4007.382056,100157,100189,862,161,701,481,220
Zhongshan Gate,Xiawafang,4007.382056,100189,100157,781,147,634,474,160
Tianshili,Fengchan River,4006.910215,100136,100039,22,9,13,10,3
Fengchan River,Tianshili,4006.910215,100039,100136,10,3,7,5,2
Xinkai River,Zhicheng Road,4003.432594,100160,100187,93,30,63,24,39
Zhicheng Road,Xinkai River,4003.432594,100187,100160,87,22,65,40,25
Laoshan Road,Jinmao Industrial Area,3996.105775,100082,100074,74,20,54,36,18
Jinmao Industrial Area,Laoshan Road,3996.105775,100074,100082,60,10,50,35,15
Erwei Road,Xianyang Road,3993.89523,100036,100153,757,79,678,505,173
Xianyang Road,Erwei Road,3993.89523,100153,100036,711,85,626,510,116
Tucheng,Jintang Road,3987.673982,100140,100077,324,42,282,185,97
Jintang Road,Tucheng,3987.673982,100077,100140,317,52,265,185,80
Shaliu South Road,Chenglin Road,3986.526456,100116,100014,328,53,275,218,57
Chenglin Road,Shaliu South Road,3986.526456,100014,100116,306,55,251,167,84
Anshan Road,Tian Tower,3985.451992,100002,100133,541,132,409,225,184
Tian Tower,Anshan Road,3985.451992,100133,100002,539,151,388,214,174
Zhou and Deng Memorial Museum,Anshan West Road,3977.56999,100191,100003,114,41,73,26,47
Anshan West Road,Zhou and Deng Memorial Museum,3977.56999,100003,100191,100,44,56,19,37
Xianyang Road,Gulou,3977.366982,100153,100045,3042,972,2070,1253,817
Gulou,Xianyang Road,3977.366982,100045,100153,2933,1017,1916,1046,870
Dengzhou South Road,Longhan Road,3974.820647,100025,100092,93,22,71,47,24
Longhan Road,Dengzhou South Road,3974.820647,100092,100025,91,15,76,60,16
JinZhong River Street,Yixingbu,3974.568639,100079,100175,210,60,150,95,55
Yixingbu,JinZhong River Street,3974.568639,100175,100079,199,56,143,86,57
Gaozhuangzi,Lilou,3972.859531,100043,100086,25,8,17,8,9
Lilou,Gaozhuangzi,3972.859531,100086,100043,24,9,15,10,5
Liuwei Road,Southeast Corner,3968.764208,100090,100123,792,277,515,267,248
Southeast Corner,Liuwei Road,3968.764208,100123,100090,770,269,501,232,269
Minquan Gate,Jinshi Bridge,3964.522434,100099,100076,403,88,315,213,102
Jinshi Bridge,Minquan Gate,3964.522434,100076,100099,402,85,317,180,137
Jianguo Road,North Station,3957.125729,100064,100108,175,28,147,97,50
North Station,Jianguo Road,3957.125729,100108,100064,148,38,110,67,43
Water Park Road East,Zhou and Deng Memorial Museum,3952.232868,100147,100191,77,35,42,18,24
Zhou and Deng Memorial Museum,Water Park Road East,3952.232868,100191,100147,68,29,39,19,20
West Station,Haiguang Temple,3948.813305,100149,100048,3681,1037,2644,795,1849
Haiguang Temple,West Station,3948.813305,100048,100149,3133,859,2274,1257,1017
Hangshuang Road,Shaliu South Road,3946.379324,100051,100116,139,27,112,88,24
Shaliu South Road,Hangshuang Road,3946.379324,100116,100051,136,21,115,100,15
Xiaobailou,Jin Street,3945.297464,100154,100070,40,17,23,7,16
Jin Street,Xiaobailou,3945.297464,100070,100154,31,12,19,4,15
Jiefang South Road,Shuanggang,3943.537752,100068,100118,676,204,472,197,275
Shuanggang,Jiefang South Road,3943.537752,100118,100068,593,177,416,198,218
West Station,Benxi Road,3940.085555,100149,100008,2208,790,1418,469,949
Benxi Road,West Station,3940.085555,100008,100149,1905,640,1265,667,598
Gulou,Jinshi Bridge,3933.761641,100045,100076,793,270,523,240,283
Jinshi Bridge,Gulou,3933.761641,100076,100045,781,276,505,268,237
Xingfu Park,Taichang Road,3932.868354,100159,100128,1297,486,811,414,397
Taichang Road,Xingfu Park,3932.868354,100128,100159,1251,447,804,293,511
Xuzhou Road,Xikang Road,3932.468705,100167,100158,12,4,8,4,4
Xikang Road,Xuzhou Road,3932.468705,100158,100167,10,5,5,5,0
Xianyang Road,Cao Zhuang,3931.413414,100153,100011,2655,500,2155,1488,667
Cao Zhuang,Xianyang Road,3931.413414,100011,100153,2637,540,2097,1401,696
Yingkou Road,Guangkaisima Road,3928.977682,100174,100044,1367,416,951,531,420
Guangkaisima Road,Yingkou Road,3928.977682,100044,100174,1350,412,938,603,335
Erwei Road,Xiaobailou,3921.664119,100036,100154,2669,597,2072,1383,689
Xiaobailou,Erwei Road,3921.664119,100154,100036,2397,613,1784,1086,698
Foreign Languages High School,Northwest Corner,3920.089365,100040,100109,183,30,153,126,27
Northwest Corner,Foreign Languages High School,3920.089365,100109,100040,134,38,96,70,26
Wujiayao,Xiaobailou,3917.04912,100150,100154,1582,338,1244,878,366
Xiaobailou,Wujiayao,3917.04912,100154,100150,1541,383,1158,708,450
Lingbin Road,Cultural centre,3916.867712,100087,100020,510,141,369,216,153
Cultural centre,Lingbin Road,3916.867712,100020,100087,485,122,363,202,161
Dongjiang Road,Longhan Road,3916.713427,100028,100092,59,12,47,33,14
Longhan Road,Dongjiang Road,3916.713427,100092,100028,59,18,41,30,11
Meijiang Park,Jianshan Road,3911.766613,100096,100066,428,36,392,305,87
Jianshan Road,Meijiang Park,3911.766613,100066,100096,394,46,348,237,111
Shiyijing Road,Southeast Corner,3910.356514,100117,100123,378,90,288,167,121
Southeast Corner,Shiyijing Road,3910.356514,100123,100117,369,92,277,168,109
Liaohe North Road,Tianshili,3903.290449,100084,100136,7,2,5,1,4
Tianshili,Liaohe North Road,3903.290449,100136,100084,6,1,5,4,1
Dawang Zhuang,Gulou,3902.72135,100023,100045,653,200,453,235,218
Gulou,Dawang Zhuang,3902.72135,100045,100023,588,184,404,181,223
Shuanglin,Huanyu Road,3901.606348,100119,100059,6,1,5,2,3
Huanyu Road,Shuanglin,3901.606348,100059,100119,6,0,6,5,1
Southwest Tower,Yingkou Road,3899.803692,100125,100174,1616,587,1029,569,460
Yingkou Road,Southwest Tower,3899.803692,100174,100125,1536,529,1007,500,507
Lingbin Road,Yutai,3899.14536,100087,100183,46,11,35,16,19
Yutai,Lingbin Road,3899.14536,100183,100087,43,14,29,17,12
Yibin Road,Jieyuan West Road,3895.800166,100171,100069,244,56,188,120,68
Jieyuan West Road,Yibin Road,3895.800166,100069,100171,210,41,169,114,55
University of Civil Aviation,Dengzhou South Road,3883.469296,100142,100025,1090,318,772,377,395
Dengzhou South Road,University of Civil Aviation,3883.469296,100025,100142,996,298,698,283,415
Changling Road,Tianjin Hotel,3879.117181,100013,100134,927,131,796,622,174
Tianjin Hotel,Changling Road,3879.117181,100134,100013,920,146,774,473,301
Tiantuo,Water Park Road East,3878.723421,100138,100147,643,141,502,267,235
Water Park Road East,Tiantuo,3878.723421,100147,100138,581,154,427,227,200
Zhongshan Gate,Zhanggui Zhuang,3877.740156,100189,100184,1379,255,1124,762,362
Zhanggui Zhuang,Zhongshan Gate,3877.740156,100184,100189,1144,224,920,672,248
Jianguo Road,Xuzhou Road,3877.638175,100064,100167,393,92,301,207,94
Xuzhou Road,Jianguo Road,3877.638175,100167,100064,353,72,281,179,102
Heping Road,Zhongshan Road,3875.222687,100053,100190,3476,1201,2275,993,1282
Zhongshan Road,Heping Road,3875.222687,100190,100053,2744,912,1832,1054,778
Jintang Road,Shunchi Bridge,3874.642737,100077,100120,98,20,78,32,46
Shunchi Bridge,Jintang Road,3874.642737,100120,100077,96,18,78,47,31
Liuwei Road,Jintang Road,3871.248469,100090,100077,39,12,27,5,22
Jintang Road,Liuwei Road,3871.248469,100077,100090,35,14,21,8,13
Jin Street,Haiguang Temple,3866.951061,100070,100048,83,23,60,28,32
Haiguang Temple,Jin Street,3866.951061,100048,100070,68,20,48,25,23
Lingbin Road,Nancuiping,3866.539518,100087,100100,54,12,42,16,26
Nancuiping,Lingbin Road,3866.539518,100100,100087,52,18,34,25,9
Taichang Road,Cuifu New Village,3861.636608,100128,100019,420,175,245,101,144
Cuifu New Village,Taichang Road,3861.636608,100019,100128,411,170,241,129,112
Donghai Road,Civic Square,3860.471094,100027,100018,1394,250,1144,924,220
Civic Square,Donghai Road,3860.471094,100018,100027,1233,163,1070,885,185
Jinwan Square,Southwest corner,3860.345763,100078,100124,359,104,255,129,126
Southwest corner,Jinwan Square,3860.345763,100124,100078,310,112,198,103,95
Yueya River,North Station,3859.903049,100182,100108,723,118,605,434,171
North Station,Yueya River,3859.903049,100108,100182,689,122,567,322,245
Taihu Road,Taida,3857.423442,100130,100129,851,117,734,505,229
Taida,Taihu Road,3857.423442,100129,100130,770,112,658,479,179
North Station,Jinwan Square,3854.936768,100108,100078,606,152,454,299,155
Jinwan Square,North Station,3854.936768,100078,100108,572,146,426,228,198
Qinjian Road,Northwest Corner,3849.338189,100113,100109,4338,1085,3253,1863,1390
Northwest Corner,Qinjian Road,3849.338189,100109,100113,4286,1188,3098,1579,1519
Hongqi South Road,University town,3848.308054,100057,100143,2108,568,1540,882,658
University town,Hongqi South Road,3848.308054,100143,100057,2100,560,1540,976,564
Civic Square,Tanggu,3844.937343,100018,100131,5044,787,4257,3034,1223
Tanggu,Civic Square,3844.937343,100131,100018,4991,766,4225,3184,1041
Tiedong Road,Liaohe North Road,3842.477003,100139,100084,156,39,117,70,47
Liaohe North Road,Tiedong Road,3842.477003,100084,100139,122,32,90,41,49
Xinli,Number Two Bridge,3840.056689,100161,100110,483,54,429,344,85
Number Two Bridge,Xinli,3840.056689,100110,100161,465,68,397,302,95
Dengzhou South Road,Laoshan Road,3835.821536,100025,100082,145,30,115,76,39
Laoshan Road,Dengzhou South Road,3835.821536,100082,100025,107,18,89,47,42
West Station,Xianyang Road,3830.11491,100149,100153,1224,314,910,289,621
Xianyang Road,West Station,3830.11491,100153,100149,835,222,613,447,166
Changhong Park,Yizhongxin Hospital,3829.921566,100012,100177,740,144,596,394,202
Yizhongxin Hospital,Changhong Park,3829.921566,100177,100012,684,164,520,290,230
Shiyijing Road,Xiaobailou,3827.837449,100117,100154,69,22,47,23,24
Xiaobailou,Shiyijing Road,3827.837449,100154,100117,68,24,44,23,21
Northwest Corner,Yingkou Road,3827.402156,100109,100174,8854,3338,5516,3167,2349
Yingkou Road,Northwest Corner,3827.402156,100174,100109,6967,2271,4696,2587,2109
Beining Park,Xuzhuangzi,3827.360605,100006,100168,220,26,194,133,61
Xuzhuangzi,Beining Park,3827.360605,100168,100006,215,27,188,137,51
Yaohuan Road,Youyi South Road,3825.585651,100170,100178,780,134,646,470,176
Youyi South Road,Yaohuan Road,3825.585651,100178,100170,728,136,592,356,236
Yingkou Road,Dawang Zhuang,3825.48901,100174,100023,1115,351,764,374,390
Dawang Zhuang,Yingkou Road,3825.48901,100023,100174,1091,385,706,357,349
Chenglin Road,Yueya River,3823.555548,100014,100182,573,141,432,226,206
Yueya River,Chenglin Road,3823.555548,100182,100014,543,130,413,227,186
Southeast Corner,Xikang Road,3823.408186,100123,100158,460,161,299,151,148
Xikang Road,Southeast Corner,3823.408186,100158,100123,457,167,290,192,98
Jinshi Bridge,Tiantai Road,3821.318476,100076,100137,189,45,144,71,73
Tiantai Road,Jinshi Bridge,3821.318476,100137,100076,156,34,122,88,34
People's Hospital,Tiantai Road,3820.400106,100111,100137,859,170,689,287,402
Tiantai Road,People's Hospital,3820.400106,100137,100111,780,136,644,383,261
Southwest corner,Honghu Li,3817.344957,100124,100055,1951,534,1417,732,685
Honghu Li,Southwest corner,3817.344957,100055,100124,1927,575,1352,834,518
West Station,Southeast Corner,3816.746293,100149,100123,1006,405,601,154,447
Southeast Corner,West Station,3816.746293,100123,100149,802,392,410,165,245
Chenglin Road,Shiyijing Road,3813.470424,100014,100117,187,26,161,106,55
Shiyijing Road,Chenglin Road,3813.470424,100117,100014,180,33,147,88,59
Jinghe Road,Meilin Road,3804.401942,100071,100098,490,46,444,300,144
Meilin Road,Jinghe Road,3804.401942,100098,100071,434,38,396,223,173
Jintang Road,Wandong Road,3792.061702,100077,100144,137,35,102,50,52
Wandong Road,Jintang Road,3792.061702,100144,100077,123,38,85,42,43
Zhigu,Yingkou Road,3785.876354,100188,100174,1560,472,1088,666,422
Yingkou Road,Zhigu,3785.876354,100174,100188,1423,421,1002,565,437
Xuzhou Road,Anshan Road,3777.696482,100167,100002,5,3,2,0,2
Anshan Road,Xuzhou Road,3777.696482,100002,100167,2,0,2,0,2
Shiyijing Road,Southwest Tower,3777.160509,100117,100125,542,67,475,325,150
Southwest Tower,Shiyijing Road,3777.160509,100125,100117,497,73,424,308,116
Jingjiang Road,Jianguo Road,3773.250963,100072,100064,918,193,725,495,230
Jianguo Road,Jingjiang Road,3773.250963,100064,100072,763,154,609,370,239
Erwei Road,Fuxing Road,3771.133828,100036,100042,80,19,61,37,24
Fuxing Road,Erwei Road,3771.133828,100042,100036,53,14,39,23,16
Second hospital of the Medical University,Xiawafang,3770.982492,100115,100157,408,68,340,254,86
Xiawafang,Second hospital of the Medical University,3770.982492,100157,100115,351,70,281,183,98
Shunchi Bridge,Southeast Corner,3770.266909,100120,100123,1281,329,952,630,322
Southeast Corner,Shunchi Bridge,3770.266909,100123,100120,1108,292,816,480,336
Fuxing Gate,Nanlou,3768.031074,100041,100102,1895,199,1696,1292,404
Nanlou,Fuxing Gate,3768.031074,100102,100041,1708,196,1512,1045,467
Cuifu New Village,Xiangshan Road,3767.694105,100019,100151,45,15,30,21,9
Xiangshan Road,Cuifu New Village,3767.694105,100151,100019,45,14,31,9,22
Siyuan Road,Liaohe North Road,3763.705076,100121,100084,43,6,37,17,20
Liaohe North Road,Siyuan Road,3763.705076,100084,100121,32,8,24,12,12
Tian Tower,Yizhongxin Hospital,3759.678044,100133,100177,540,208,332,107,225
Yizhongxin Hospital,Tian Tower,3759.678044,100177,100133,464,173,291,162,129
Jingli Road,Haihe Education Zone,3757.850547,100073,100050,48,17,31,18,13
Haihe Education Zone,Jingli Road,3757.850547,100050,100073,45,9,36,21,15
Fuxing Road,Gulou,3757.165425,100042,100045,159,64,95,49,46
Gulou,Fuxing Road,3757.165425,100045,100042,120,44,76,21,55
Jintang Road,Zhongshan Gate,3747.786186,100077,100189,90,23,67,41,26
Zhongshan Gate,Jintang Road,3747.786186,100189,100077,44,10,34,22,12
Liulin Road,Chunhai Road,3746.672968,100089,100017,78,16,62,33,29
Chunhai Road,Liulin Road,3746.672968,100017,100089,73,23,50,43,7
Bei Zhulin,Guangkaisima Road,3742.116437,100004,100044,13,2,11,8,3
Guangkaisima Road,Bei Zhulin,3742.116437,100044,100004,11,2,9,5,4
Huanyu Road,Magangchang,3741.270142,100059,100094,55,9,46,39,7
Magangchang,Huanyu Road,3741.270142,100094,100059,41,5,36,32,4
Jianchang Road,Tianshili,3738.328653,100063,100136,18,8,10,6,4
Tianshili,Jianchang Road,3738.328653,100136,100063,17,7,10,8,2
Jiayuan Li,Honghu Li,3737.27478,100067,100055,1249,301,948,660,288
Honghu Li,Jiayuan Li,3737.27478,100055,100067,1214,268,946,590,356
Meijiang Road,Tumour Hospital,3736.427462,100097,100141,689,70,619,427,192
Tumour Hospital,Meijiang Road,3736.427462,100141,100097,685,78,607,341,266
Xueyuan North Road,Jinmao Industrial Area,3735.017971,100165,100074,10,0,10,8,2
Jinmao Industrial Area,Xueyuan North Road,3735.017971,100074,100165,6,1,5,3,2
Erwei Road,People's Hospital,3734.900817,100036,100111,196,12,184,118,66
People's Hospital,Erwei Road,3734.900817,100111,100036,175,15,160,101,59
Heping Road,Xiawafang,3734.617396,100053,100157,1223,401,822,372,450
Xiawafang,Heping Road,3734.617396,100157,100053,866,283,583,355,228
Jingjiang Road,Jinwan Square,3734.600869,100072,100078,492,86,406,309,97
Jinwan Square,Jingjiang Road,3734.600869,100078,100072,473,111,362,226,136
Hongqi South Road,Yibin Road,3733.92476,100057,100171,666,144,522,345,177
Yibin Road,Hongqi South Road,3733.92476,100171,100057,663,152,511,338,173
Xiawafang,Xikang Road,3727.973113,100157,100158,799,196,603,374,229
Xikang Road,Xiawafang,3727.973113,100158,100157,725,173,552,360,192
Xingfu Park,Beining Park,3722.311477,100159,100006,341,73,268,184,84
Beining Park,Xingfu Park,3722.311477,100006,100159,325,59,266,166,100
People's Hospital,Gulou,3718.463211,100111,100045,559,200,359,153,206
Gulou,People's Hospital,3718.463211,100045,100111,527,175,352,163,189
Binhai International Airport,Airport Economic Zone,3714.185134,100010,100001,673,196,477,167,310
Airport Economic Zone,Binhai International Airport,3714.185134,100001,100010,429,118,311,158,153
West Station,North Station,3712.397606,100149,100108,1270,319,951,300,651
North Station,West Station,3712.397606,100108,100149,1255,309,946,366,580
West Station,Yibin Road,3710.10612,100149,100171,2154,598,1556,489,1067
Yibin Road,West Station,3710.10612,100171,100149,1774,505,1269,857,412
Huashan Li,Huanyu Road,3707.006637,100060,100059,1,1,0,0,0
University town,Yangwu Zhuang,3706.692702,100143,100169,299,125,174,93,81
Yangwu Zhuang,University town,3706.692702,100169,100143,298,107,191,107,84
Professional University,Yixingbu North,3705.224097,100112,100176,1395,530,865,482,383
Yixingbu North,Professional University,3705.224097,100176,100112,1358,482,876,410,466
Jingjiang Road,Liuwei Road,3704.525101,100072,100090,171,49,122,84,38
Liuwei Road,Jingjiang Road,3704.525101,100090,100072,153,45,108,59,49
Yingkou Road,Jinshi Bridge,3703.089907,100174,100076,7011,1872,5139,2877,2262
Jinshi Bridge,Yingkou Road,3703.089907,100076,100174,7009,1921,5088,3363,1725
Tiedong Road,Minquan Gate,3701.075578,100139,100099,291,81,210,97,113
Minquan Gate,Tiedong Road,3701.075578,100099,100139,229,73,156,75,81
Dongli Culture and Sports Centre,Huanyu Road,3697.971738,100029,100059,67,23,44,8,36
Huanyu Road,Dongli Culture and Sports Centre,3697.971738,100059,100029,63,21,42,13,29
Liulin Road,Zhaoyuan Road,3690.254262,100089,100186,104,37,67,48,19
Zhaoyuan Road,Liulin Road,3690.254262,100186,100089,93,31,62,25,37
Guoshan Road,Laoshan Road,3689.621535,100047,100082,27,10,17,10,7
Laoshan Road,Guoshan Road,3689.621535,100082,100047,26,9,17,9,8
Bei Zhulin,Zhongshan Road,3687.861412,100004,100190,13,3,10,9,1
Zhongshan Road,Bei Zhulin,3687.861412,100190,100004,8,3,5,1,4
Haiguang Temple,Changhong Park,3684.9639,100048,100012,728,184,544,323,221
Changhong Park,Haiguang Temple,3684.9639,100012,100048,670,142,528,357,171
JinZhong River Street,JinZhong Street,3682.918811,100079,100080,645,126,519,289,230
JinZhong Street,JinZhong River Street,3682.918811,100080,100079,589,115,474,316,158
Xunhai Road,Xuelian South Road,3682.718416,100166,100164,234,28,206,91,115
Xuelian South Road,Xunhai Road,3682.718416,100164,100166,220,36,184,152,32
Guangkaisima Road,Jieyuan West Road,3682.618941,100044,100069,1467,233,1234,831,403
Jieyuan West Road,Guangkaisima Road,3682.618941,100069,100044,1443,246,1197,966,231
Jinshi Bridge,Jin Street,3678.272797,100076,100070,118,32,86,65,21
Jin Street,Jinshi Bridge,3678.272797,100070,100076,112,39,73,44,29
Shaliu South Road,Huanyu Road,3678.12243,100116,100059,32,5,27,15,12
Huanyu Road,Shaliu South Road,3678.12243,100059,100116,22,4,18,14,4
Tiedong Road,Jianchang Road,3677.515207,100139,100063,146,24,122,46,76
Jianchang Road,Tiedong Road,3677.515207,100063,100139,137,29,108,78,30
North Beichen Tech Park,Beichen Road,3670.500044,100106,100005,141,23,118,56,62
Beichen Road,North Beichen Tech Park,3670.500044,100005,100106,124,25,99,56,43
Anshan Road,Southeast Corner,3668.635963,100002,100123,511,168,343,145,198
Southeast Corner,Anshan Road,3668.635963,100123,100002,332,121,211,84,127
Erwei Road,Bei Zhulin,3667.557552,100036,100004,28,6,22,14,8
Bei Zhulin,Erwei Road,3667.557552,100004,100036,28,10,18,13,5
Meijiang Road,Meilin Road,3666.687156,100097,100098,305,28,277,203,74
Meilin Road,Meijiang Road,3666.687156,100098,100097,295,26,269,204,65
Taichang Road,Wanshan Road,3665.759234,100128,100146,237,89,148,42,106
Wanshan Road,Taichang Road,3665.759234,100146,100128,231,97,134,59,75
Zhigu,Taichang Road,3665.528065,100188,100128,765,221,544,272,272
Taichang Road,Zhigu,3665.528065,100128,100188,614,187,427,214,213
Jiangwan Erzhi Road,Lingbin Road,3664.751172,100065,100087,66,16,50,27,23
Lingbin Road,Jiangwan Erzhi Road,3664.751172,100087,100065,49,12,37,18,19
Jinshi Bridge,Shiyijing Road,3664.395659,100076,100117,495,61,434,331,103
Shiyijing Road,Jinshi Bridge,3664.395659,100117,100076,467,58,409,268,141
Qinjian Road,Ruijing XinYuan,3663.936132,100113,100114,1545,249,1296,869,427
Ruijing XinYuan,Qinjian Road,3663.936132,100114,100113,1448,278,1170,813,357
Meilin Road,Zuojiang Road,3659.373995,100098,100192,510,87,423,306,117
Zuojiang Road,Meilin Road,3659.373995,100192,100098,484,71,413,241,172
Weishan Road,Youyi South Road,3654.873748,100148,100178,661,126,535,404,131
Youyi South Road,Weishan Road,3654.873748,100178,100148,647,131,516,293,223
Zhigu,Jingjiang Road,3654.313988,100188,100072,945,140,805,542,263
Jingjiang Road,Zhigu,3654.313988,100072,100188,930,136,794,563,231
Tianjin Station,Liuwei Road,3654.004995,100135,100090,156,37,119,64,55
Liuwei Road,Tianjin Station,3654.004995,100090,100135,109,38,71,22,49
Tianjin Station,Xinkai River,3653.720293,100135,100160,164,45,119,55,64
Xinkai River,Tianjin Station,3653.720293,100160,100135,142,51,91,43,48
Bei Zhulin,Gulou,3653.58915,100004,100045,36,20,16,9,7
Gulou,Bei Zhulin,3653.58915,100045,100004,30,15,15,4,11
Tianjin Station,Zhigu,3652.090532,100135,100188,2957,810,2147,1003,1144
Zhigu,Tianjin Station,3652.090532,100188,100135,2449,657,1792,1076,716
Zhongshan Road,Yuanyang International Centre,3651.89801,100190,100179,408,99,309,159,150
Yuanyang International Centre,Zhongshan Road,3651.89801,100179,100190,395,107,288,148,140
Xuelian South Road,Dongjiang Road,3651.489981,100164,100028,242,51,191,127,64
Dongjiang Road,Xuelian South Road,3651.489981,100028,100164,210,37,173,105,68
Nancuiping,Tianjin Hotel,3649.516373,100100,100134,352,70,282,208,74
Tianjin Hotel,Nancuiping,3649.516373,100134,100100,314,71,243,142,101
Dawang Zhuang,Jin Street,3647.232506,100023,100070,103,26,77,44,33
Jin Street,Dawang Zhuang,3647.232506,100070,100023,100,29,71,26,45
Fangshan Road,Haihe East Road,3646.954238,100038,100049,2,2,0,0,0
Taichang Road,Fangshan Road,3646.054408,100128,100038,579,207,372,169,203
Fangshan Road,Taichang Road,3646.054408,100038,100128,518,215,303,176,127
Beiyangyuan Campus of Tianjin University,Jinghe Road,3636.288781,100007,100071,942,323,619,341,278
Jinghe Road,Beiyangyuan Campus of Tianjin University,3636.288781,100071,100007,834,283,551,171,380
Lilou,The Financial University,3632.517936,100086,100132,462,77,385,265,120
The Financial University,Lilou,3632.517936,100132,100086,422,83,339,215,124
Shunchi Bridge,Taichang Road,3631.431449,100120,100128,206,70,136,76,60
Taichang Road,Shunchi Bridge,3631.431449,100128,100120,192,75,117,47,70
Jingjiang Road,Wandong Road,3625.338333,100072,100144,334,54,280,178,102
Wandong Road,Jingjiang Road,3625.338333,100144,100072,265,32,233,159,74
Lijiang Road,Liqi Zhuang South,3621.48147,100085,100088,26,6,20,6,14
Liqi Zhuang South,Lijiang Road,3621.48147,100088,100085,20,6,14,8,6
Huayuan,Tiantuo,3620.80185,100061,100138,416,69,347,225,122
Tiantuo,Huayuan,3620.80185,100138,100061,400,68,332,229,103
Jianchang Road,Yixingbu North,3619.871619,100063,100176,384,84,300,190,110
Yixingbu North,Jianchang Road,3619.871619,100176,100063,344,69,275,160,115
Tucheng,Huashan Li,3618.649092,100140,100060,2893,475,2418,1628,790
Huashan Li,Tucheng,3618.649092,100060,100140,2877,472,2405,1702,703
Nanlou,Shiyijing Road,3616.022891,100102,100117,173,19,154,104,50
Shiyijing Road,Nanlou,3616.022891,100117,100102,132,19,113,75,38
Minquan Gate,Foreign Languages High School,3614.980727,100099,100040,108,14,94,76,18
Foreign Languages High School,Minquan Gate,3614.980727,100040,100099,98,14,84,60,24
Magangchang,Shuanglin,3612.743132,100094,100119,91,10,81,43,38
Shuanglin,Magangchang,3612.743132,100119,100094,71,10,61,39,22
JinZhong River Street,Zhongshan Road,3609.722212,100079,100190,514,90,424,325,99
Zhongshan Road,JinZhong River Street,3609.722212,100190,100079,499,104,395,239,156
Nanhe Zhuang,Xuzhuangzi,3607.946169,100101,100168,51,11,40,24,16
Xuzhuangzi,Nanhe Zhuang,3607.946169,100168,100101,43,13,30,17,13
Zhaoyuan Road,Xueyuan North Road,3600.102683,100186,100165,167,26,141,103,38
Xueyuan North Road,Zhaoyuan Road,3600.102683,100165,100186,143,24,119,73,46
People's Hospital,Jieyuan West Road,3597.221581,100111,100069,192,37,155,64,91
Jieyuan West Road,People's Hospital,3597.221581,100069,100111,164,31,133,73,60
Southwest Tower,Meijiang Road,3596.46492,100125,100097,106,19,87,60,27
Meijiang Road,Southwest Tower,3596.46492,100097,100125,67,11,56,36,20
Bianxing,Changhong Park,3595.951016,100009,100012,1118,220,898,645,253
Changhong Park,Bianxing,3595.951016,100012,100009,1085,211,874,444,430
Beining Park,Siyuan Road,3592.908579,100006,100121,21,5,16,8,8
Siyuan Road,Beining Park,3592.908579,100121,100006,19,2,17,10,7
Cuifu New Village,Yueya River,3587.47307,100019,100182,122,26,96,68,28
Yueya River,Cuifu New Village,3587.47307,100182,100019,115,26,89,52,37
Anshan West Road,Xianyang Road,3584.602935,100003,100153,607,124,483,267,216
Xianyang Road,Anshan West Road,3584.602935,100153,100003,586,106,480,356,124
Heping Road,Chenglin Road,3583.787392,100053,100014,2426,603,1823,976,847
Chenglin Road,Heping Road,3583.787392,100014,100053,2040,481,1559,1088,471
Yihao Bridge,Dongxing Road,3582.531842,100172,100035,443,80,363,236,127
Dongxing Road,Yihao Bridge,3582.531842,100035,100172,406,57,349,236,113
Meijiang Road,Tianjin Hotel,3582.353066,100097,100134,454,56,398,310,88
Tianjin Hotel,Meijiang Road,3582.353066,100134,100097,393,48,345,233,112
Jin Street,Liuwei Road,3572.719514,100070,100090,1097,236,861,491,370
Liuwei Road,Jin Street,3572.719514,100090,100070,1079,233,846,555,291
Tumour Hospital,Chinese Medicine First Affiliated Hospital,3572.698325,100141,100016,2274,332,1942,955,987
Chinese Medicine First Affiliated Hospital,Tumour Hospital,3572.698325,100016,100141,2268,356,1912,1145,767
Tiedong Road,Tiantai Road,3557.871621,100139,100137,257,58,199,118,81
Tiantai Road,Tiedong Road,3557.871621,100137,100139,227,50,177,122,55
South Station,High-Tech Zone,3556.183662,100122,100054,2524,687,1837,1247,590
High-Tech Zone,South Station,3556.183662,100054,100122,2319,546,1773,1249,524
Yixingbu,North Station,3552.945018,100175,100108,927,175,752,504,248
North Station,Yixingbu,3552.945018,100108,100175,901,195,706,355,351
Xingfu Park,Siyuan Road,3552.167949,100159,100121,185,44,141,81,60
Siyuan Road,Xingfu Park,3552.167949,100121,100159,184,48,136,96,40
Fuxing Gate,Weishan Road,3551.763992,100041,100148,9,1,8,8,0
Weishan Road,Fuxing Gate,3551.763992,100148,100041,4,0,4,1,3
Changhong Park,Southeast Corner,3550.040306,100012,100123,1204,399,805,439,366
Southeast Corner,Changhong Park,3550.040306,100123,100012,1142,417,725,368,357
Gulou,Yingkou Road,3549.864548,100045,100174,3494,1784,1710,623,1087
Yingkou Road,Gulou,3549.864548,100174,100045,3085,1440,1645,708,937
Fuxing Gate,Shuanglin,3546.647735,100041,100119,348,72,276,155,121
Shuanglin,Fuxing Gate,3546.647735,100119,100041,341,66,275,186,89
Jianshan Road,Xiawafang,3545.265164,100066,100157,610,27,583,402,181
Xiawafang,Jianshan Road,3545.265164,100157,100066,585,16,569,488,81
Tumour Hospital,Jianshan Road,3545.198004,100141,100066,595,101,494,296,198
Jianshan Road,Tumour Hospital,3545.198004,100066,100141,578,89,489,315,174
Heping Road,Shiyijing Road,3544.034467,100053,100117,477,163,314,111,203
Shiyijing Road,Heping Road,3544.034467,100117,100053,415,118,297,141,156
Tiantai Road,Honghu Li,3539.019267,100137,100055,146,55,91,47,44
Honghu Li,Tiantai Road,3539.019267,100055,100137,111,29,82,46,36
Lijiang Road,Tumour Hospital,3531.227405,100085,100141,119,14,105,66,39
Tumour Hospital,Lijiang Road,3531.227405,100141,100085,116,12,104,49,55
Northwest Corner,Jianguo Road,3529.646115,100109,100064,672,322,350,151,199
Jianguo Road,Northwest Corner,3529.646115,100064,100109,523,220,303,181,122
Tumour Hospital,Zuojiang Road,3528.625453,100141,100192,360,44,316,157,159
Zuojiang Road,Tumour Hospital,3528.625453,100192,100141,324,46,278,182,96
Jinshi Bridge,Shunchi Bridge,3528.482089,100076,100120,160,36,124,70,54
Shunchi Bridge,Jinshi Bridge,3528.482089,100120,100076,143,30,113,75,38
Huaihe Road,Zhangxing Zhuang,3527.887061,100058,100185,117,35,82,46,36
Zhangxing Zhuang,Huaihe Road,3527.887061,100185,100058,101,31,70,45,25
Yuanyang International Centre,Chenglin Road,3519.707207,100179,100014,316,124,192,90,102
Chenglin Road,Yuanyang International Centre,3519.707207,100014,100179,271,80,191,90,101
Zhicheng Road,North Station,3519.037846,100187,100108,340,69,271,177,94
North Station,Zhicheng Road,3519.037846,100108,100187,315,71,244,110,134
Xiaobailou,Dongxing Road,3516.719141,100154,100035,205,55,150,85,65
Dongxing Road,Xiaobailou,3516.719141,100035,100154,169,55,114,69,45
The Financial University,Xuelian South Road,3513.271908,100132,100164,69,20,49,24,25
Xuelian South Road,The Financial University,3513.271908,100164,100132,43,12,31,12,19
Lingbin Road,Liqi Zhuang South,3509.3312,100087,100088,65,16,49,31,18
Liqi Zhuang South,Lingbin Road,3509.3312,100088,100087,63,13,50,33,17
Sports Centre,Cultural centre,3502.933954,100126,100020,590,243,347,144,203
Cultural centre,Sports Centre,3502.933954,100020,100126,572,235,337,165,172
Chenglin Road,Dongxing Road,3502.352116,100014,100035,205,36,169,111,58
Dongxing Road,Chenglin Road,3502.352116,100035,100014,189,29,160,110,50
Xiawafang,Anshan Road,3501.245057,100157,100002,2855,633,2222,1396,826
Anshan Road,Xiawafang,3501.245057,100002,100157,2739,640,2099,1170,929
Shunchi Bridge,Dawang Zhuang,3497.441797,100120,100023,224,53,171,109,62
Dawang Zhuang,Shunchi Bridge,3497.441797,100023,100120,197,55,142,59,83
Gaozhuangzi,Guorui Road,3496.775896,100043,100046,5,0,5,2,3
Guorui Road,Gaozhuangzi,3496.775896,100046,100043,1,0,1,1,0
Haiguang Temple,Jinwan Square,3495.451813,100048,100078,678,234,444,208,236
Jinwan Square,Haiguang Temple,3495.451813,100078,100048,612,190,422,174,248
Longhan Road,The Financial University,3495.052341,100092,100132,1212,282,930,529,401
The Financial University,Longhan Road,3495.052341,100132,100092,1128,264,864,531,333
Tumour Hospital,Hongqi South Road,3494.441707,100141,100057,1324,153,1171,616,555
Hongqi South Road,Tumour Hospital,3494.441707,100057,100141,1211,157,1054,684,370
Jinmao Industrial Area,Wandong Road,3492.720755,100074,100144,44,5,39,29,10
Wandong Road,Jinmao Industrial Area,3492.720755,100144,100074,32,4,28,22,6
Liuwei Road,Wandong Road,3492.572409,100090,100144,543,108,435,218,217
Wandong Road,Liuwei Road,3492.572409,100144,100090,538,106,432,276,156
People's Hospital,Honghu Li,3481.253375,100111,100055,489,94,395,199,196
Honghu Li,People's Hospital,3481.253375,100055,100111,414,96,318,192,126
Nancuiping,Huayuan,3474.217593,100100,100061,249,68,181,137,44
Huayuan,Nancuiping,3474.217593,100061,100100,220,49,171,99,72
Wandong Road,Xiangshan Road,3472.489222,100144,100151,48,9,39,22,17
Xiangshan Road,Wandong Road,3472.489222,100151,100144,39,6,33,16,17
Zhaoyuan Road,Longhan Road,3472.434041,100186,100092,34,5,29,17,12
Longhan Road,Zhaoyuan Road,3472.434041,100092,100186,29,7,22,11,11
Minquan Gate,Zhicheng Road,3469.41201,100099,100187,142,39,103,58,45
Zhicheng Road,Minquan Gate,3469.41201,100187,100099,127,30,97,40,57
Heping Road,Erwei Road,3468.964706,100053,100036,561,156,405,177,228
Erwei Road,Heping Road,3468.964706,100036,100053,484,150,334,208,126
Dongxing Road,Southwest Tower,3466.042202,100035,100125,234,35,199,144,55
Southwest Tower,Dongxing Road,3466.042202,100125,100035,210,18,192,132,60
Jianchang Road,Xuzhuangzi,3465.512422,100063,100168,34,3,31,24,7
Xuzhuangzi,Jianchang Road,3465.512422,100168,100063,31,2,29,18,11
Yuanyang International Centre,Gulou,3465.078143,100179,100045,1947,751,1196,546,650
Gulou,Yuanyang International Centre,3465.078143,100045,100179,1753,642,1111,563,548
Erwei Road,Xikang Road,3462.320422,100036,100158,302,75,227,153,74
Xikang Road,Erwei Road,3462.320422,100158,100036,273,62,211,133,78
Xiaobailou,Cultural centre,3461.97833,100154,100020,951,333,618,321,297
Cultural centre,Xiaobailou,3461.97833,100020,100154,835,356,479,255,224
Changling Road,Water Park Road East,3454.079042,100013,100147,241,89,152,79,73
Water Park Road East,Changling Road,3454.079042,100147,100013,202,61,141,70,71
Zuojiang Road,Leyuan Road,3450.41219,100192,100083,1368,361,1007,679,328
Leyuan Road,Zuojiang Road,3450.41219,100083,100192,1250,351,899,519,380
Dabi Zhuang,Nansun Zhuang,3448.93125,100021,100103,51,10,41,12,29
Nansun Zhuang,Dabi Zhuang,3448.93125,100103,100021,50,12,38,16,22
Dengzhou Road,Airport Economic Zone,3444.877242,100024,100001,357,42,315,247,68
Airport Economic Zone,Dengzhou Road,3444.877242,100001,100024,345,32,313,221,92
Zhongshan Road,Jianguo Road,3443.605538,100190,100064,322,40,282,210,72
Jianguo Road,Zhongshan Road,3443.605538,100064,100190,261,35,226,158,68
Tianjin Station,Xikang Road,3440.187409,100135,100158,6323,1927,4396,2044,2352
Xikang Road,Tianjin Station,3440.187409,100158,100135,5841,1740,4101,2463,1638
Tumour Hospital,Second hospital of the Medical University,3436.763769,100141,100115,677,108,569,336,233
Second hospital of the Medical University,Tumour Hospital,3436.763769,100115,100141,673,90,583,399,184
Zhongshan Road,Zhangxing Zhuang,3434.728413,100190,100185,418,78,340,175,165
Zhangxing Zhuang,Zhongshan Road,3434.728413,100185,100190,417,67,350,243,107
Yaohuan Road,Liqi Zhuang South,3434.030691,100170,100088,33,6,27,9,18
Liqi Zhuang South,Yaohuan Road,3434.030691,100088,100170,27,5,22,16,6
Yuejin North Road,Wanshan Road,3430.330674,100181,100146,12,6,6,5,1
Wanshan Road,Yuejin North Road,3430.330674,100146,100181,5,1,4,4,0
Wangdingdi,Anshan West Road,3428.166501,100145,100003,160,35,125,96,29
Anshan West Road,Wangdingdi,3428.166501,100003,100145,157,33,124,75,49
Yingkou Road,Liuwei Road,3425.852732,100174,100090,221,70,151,52,99
Liuwei Road,Yingkou Road,3425.852732,100090,100174,195,78,117,55,62
Anshan West Road,Guangkaisima Road,3424.560279,100003,100044,275,53,222,139,83
Guangkaisima Road,Anshan West Road,3424.560279,100044,100003,232,36,196,117,79
JinZhong River Street,Xinkai River,3423.773334,100079,100160,545,124,421,287,134
Xinkai River,JinZhong River Street,3423.773334,100160,100079,527,141,386,228,158
Yixingbu,North China Group,3419.906327,100175,100107,1512,469,1043,588,455
North China Group,Yixingbu,3419.906327,100107,100175,1432,474,958,484,474
Magangchang,Huashan Li,3418.14342,100094,100060,5,0,5,1,4
Huashan Li,Magangchang,3418.14342,100060,100094,3,2,1,0,1
Chenglin Road,Xiawafang,3417.91904,100014,100157,1679,262,1417,1031,386
Xiawafang,Chenglin Road,3417.91904,100157,100014,1599,268,1331,879,452
Jin Street,Xikang Road,3417.859953,100070,100158,145,54,91,27,64
Xikang Road,Jin Street,3417.859953,100158,100070,136,46,90,43,47
Tiantai Road,Beining Park,3417.316996,100137,100006,552,116,436,281,155
Beining Park,Tiantai Road,3417.316996,100006,100137,543,92,451,283,168
Xuzhou Road,Southeast Corner,3413.930775,100167,100123,3043,938,2105,1227,878
Southeast Corner,Xuzhou Road,3413.930775,100123,100167,2907,894,2013,1260,753
Fangshan Road,Yuejin North Road,3410.625848,100038,100181,8,2,6,5,1
Yuejin North Road,Fangshan Road,3410.625848,100181,100038,8,3,5,3,2
Heping Road,Wujiayao,3410.584845,100053,100150,3042,882,2160,1157,1003
Wujiayao,Heping Road,3410.584845,100150,100053,2703,691,2012,1275,737
Heping Road,Shunchi Bridge,3408.120897,100053,100120,1017,374,643,265,378
Shunchi Bridge,Heping Road,3408.120897,100120,100053,750,254,496,283,213
Liulin Road,Jinmao Industrial Area,3407.150827,100089,100074,39,6,33,16,17
Jinmao Industrial Area,Liulin Road,3407.150827,100074,100089,39,6,33,18,15
Hehui South Road,Haihe Education Zone,3406.135821,100052,100050,272,41,231,106,125
Haihe Education Zone,Hehui South Road,3406.135821,100050,100052,239,49,190,67,123
Yuanyang International Centre,Yingkou Road,3405.500972,100179,100174,2323,831,1492,757,735
Yingkou Road,Yuanyang International Centre,3405.500972,100174,100179,2097,643,1454,747,707
Wangdingdi,Water Park Road East,3402.829379,100145,100147,128,45,83,56,27
Water Park Road East,Wangdingdi,3402.829379,100147,100145,122,49,73,34,39
Yudongcheng,Shaliu South Road,3400.684817,100180,100116,385,57,328,229,99
Shaliu South Road,Yudongcheng,3400.684817,100116,100180,341,54,287,208,79
West Station,Xinkai River,3395.645188,100149,100160,682,188,494,150,344
Xinkai River,West Station,3395.645188,100160,100149,521,144,377,222,155
Guangkaisima Road,Jianguo Road,3392.902736,100044,100064,623,127,496,349,147
Jianguo Road,Guangkaisima Road,3392.902736,100064,100044,576,108,468,312,156
Haiguang Temple,Xiaobailou,3390.093829,100048,100154,5251,1125,4126,2720,1406
Xiaobailou,Haiguang Temple,3390.093829,100154,100048,5105,1183,3922,2498,1424
Xiawafang,Dawang Zhuang,3389.406447,100157,100023,443,100,343,223,120
Dawang Zhuang,Xiawafang,3389.406447,100023,100157,418,97,321,165,156
Nancuiping,Sports Centre,3384.858603,100100,100126,31,5,26,14,12
Sports Centre,Nancuiping,3384.858603,100126,100100,21,6,15,6,9
Hongqi South Road,Wujiayao,3384.229583,100057,100150,1930,295,1635,1290,345
Wujiayao,Hongqi South Road,3384.229583,100150,100057,1876,299,1577,1053,524
Cuifu New Village,Dengzhou Road,3380.999911,100019,100024,249,51,198,122,76
Dengzhou Road,Cuifu New Village,3380.999911,100024,100019,205,48,157,109,48
Zhicheng Road,Yueya River,3380.37471,100187,100182,680,151,529,344,185
Yueya River,Zhicheng Road,3380.37471,100182,100187,677,140,537,318,219
Nanlou,Yingkou Road,3379.637323,100102,100174,4780,1413,3367,2098,1269
Yingkou Road,Nanlou,3379.637323,100174,100102,4112,1293,2819,1424,1395
Xuzhou Road,Taichang Road,3378.795827,100167,100128,3636,894,2742,1689,1053
Taichang Road,Xuzhou Road,3378.795827,100128,100167,3433,817,2616,1741,875
Tian Tower,Wangdingdi,3376.477725,100133,100145,1111,402,709,282,427
Wangdingdi,Tian Tower,3376.477725,100145,100133,1007,342,665,367,298
Fuxing Road,Foreign Languages High School,3372.370881,100042,100040,43,6,37,26,11
Foreign Languages High School,Fuxing Road,3372.370881,100040,100042,37,5,32,24,8
Yingfeng Road,Anshan West Road,3368.964363,100173,100003,925,120,805,551,254
Anshan West Road,Yingfeng Road,3368.964363,100003,100173,792,92,700,437,263
Fuxing Road,Xianyang Road,3364.643932,100042,100153,39,12,27,15,12
Xianyang Road,Fuxing Road,3364.643932,100153,100042,32,8,24,12,12
Fuxing Road,Qinjian Road,3363.397193,100042,100113,130,27,103,58,45
Qinjian Road,Fuxing Road,3363.397193,100113,100042,116,32,84,54,30
Dongxing Road,Dawang Zhuang,3362.254513,100035,100023,807,164,643,487,156
Dawang Zhuang,Dongxing Road,3362.254513,100023,100035,782,149,633,403,230
Wanshan Road,Longhan Road,3360.282297,100146,100092,104,28,76,53,23
Longhan Road,Wanshan Road,3360.282297,100092,100146,85,24,61,33,28
Yueya River,Shunchi Bridge,3357.267912,100182,100120,165,20,145,93,52
Shunchi Bridge,Yueya River,3357.267912,100120,100182,134,26,108,61,47
Xinkai River,Zhangxing Zhuang,3352.859699,100160,100185,84,21,63,37,26
Zhangxing Zhuang,Xinkai River,3352.859699,100185,100160,70,20,50,34,16
Fuxing Road,Yibin Road,3349.09389,100042,100171,116,31,85,45,40
Yibin Road,Fuxing Road,3349.09389,100171,100042,116,37,79,59,20
Xingfu Park,Yuanyang International Centre,3347.15448,100159,100179,781,228,553,332,221
Yuanyang International Centre,Xingfu Park,3347.15448,100179,100159,760,239,521,247,274
Dongli Yijing Road,Zhaoyuan Road,3344.152177,100033,100186,177,22,155,110,45
Zhaoyuan Road,Dongli Yijing Road,3344.152177,100186,100033,168,24,144,111,33
Yaohuan Road,Tumour Hospital,3343.776625,100170,100141,443,59,384,261,123
Tumour Hospital,Yaohuan Road,3343.776625,100141,100170,440,55,385,223,162
Tiantuo,Nancuiping,3339.896775,100138,100100,365,68,297,185,112
Nancuiping,Tiantuo,3339.896775,100100,100138,332,66,266,168,98
Yizhongxin Hospital,Water Park Road East,3336.427621,100177,100147,729,199,530,315,215
Water Park Road East,Yizhongxin Hospital,3336.427621,100147,100177,685,200,485,236,249
Chinese Medicine First Affiliated Hospital,Yutai,3333.506503,100016,100183,171,45,126,36,90
Yutai,Chinese Medicine First Affiliated Hospital,3333.506503,100183,100016,149,33,116,62,54
Haiguang Temple,Southeast Corner,3328.88109,100048,100123,667,221,446,231,215
Southeast Corner,Haiguang Temple,3328.88109,100123,100048,658,230,428,244,184
Tian Tower,Yingfeng Road,3328.775562,100133,100173,537,205,332,111,221
Yingfeng Road,Tian Tower,3328.775562,100173,100133,505,179,326,141,185
Meijiang Park,Meilin Road,3327.046482,100096,100098,189,32,157,114,43
Meilin Road,Meijiang Park,3327.046482,100098,100096,170,24,146,87,59
Xinxing Village,Hangshuang Road,3325.987572,100162,100051,7,2,5,4,1
Hangshuang Road,Xinxing Village,3325.987572,100051,100162,7,2,5,3,2
Tianjin Station,Anshan Road,3325.419071,100135,100002,3101,739,2362,1152,1210
Anshan Road,Tianjin Station,3325.419071,100002,100135,2710,620,2090,974,1116
People's Hospital,Anshan West Road,3325.173016,100111,100003,1012,133,879,574,305
Anshan West Road,People's Hospital,3325.173016,100003,100111,974,156,818,505,313
Erwei Road,Jianguo Road,3324.68766,100036,100064,149,32,117,72,45
Jianguo Road,Erwei Road,3324.68766,100064,100036,121,25,96,65,31
Zhongshan Road,Jinwan Square,3323.87142,100190,100078,1366,340,1026,678,348
Jinwan Square,Zhongshan Road,3323.87142,100078,100190,1282,342,940,492,448
Lijiang Road,Sports Centre,3320.319242,100085,100126,141,39,102,57,45
Sports Centre,Lijiang Road,3320.319242,100126,100085,141,39,102,51,51
Zhigu,Cultural centre,3310.566835,100188,100020,853,255,598,413,185
Cultural centre,Zhigu,3310.566835,100020,100188,740,217,523,286,237
Nanlou,Dongxing Road,3304.904584,100102,100035,63,8,55,37,18
Dongxing Road,Nanlou,3304.904584,100035,100102,45,6,39,32,7
Xiaobailou,Jinwan Square,3301.352159,100154,100078,975,478,497,181,316
Jinwan Square,Xiaobailou,3301.352159,100078,100154,776,321,455,153,302
Meijiang Road,Dongting Road,3300.670864,100097,100034,90,4,86,66,20
Dongting Road,Meijiang Road,3300.670864,100034,100097,77,8,69,48,21
Dengzhou South Road,Wandong Road,3298.929774,100025,100144,287,55,232,174,58
Wandong Road,Dengzhou South Road,3298.929774,100144,100025,271,54,217,146,71
Tianjin Station,Southwest corner,3284.592684,100135,100124,3996,1302,2694,1291,1403
Southwest corner,Tianjin Station,3284.592684,100124,100135,2846,871,1975,1155,820
Yutai,Lijiang Road,3283.912012,100183,100085,152,22,130,103,27
Lijiang Road,Yutai,3283.912012,100085,100183,148,22,126,75,51
The Financial University,Chentang Zhuang,3278.49884,100132,100015,870,256,614,366,248
Chentang Zhuang,The Financial University,3278.49884,100015,100132,810,237,573,271,302
Chinese Medicine First Affiliated Hospital,Sports Centre,3275.68072,100016,100126,1678,447,1231,604,627
Sports Centre,Chinese Medicine First Affiliated Hospital,3275.68072,100126,100016,1626,442,1184,482,702
Southwest Tower,Tumour Hospital,3275.254104,100125,100141,1511,166,1345,901,444
Tumour Hospital,Southwest Tower,3275.254104,100141,100125,1440,174,1266,820,446
Xiaobailou,Jintang Road,3274.312095,100154,100077,649,154,495,319,176
Jintang Road,Xiaobailou,3274.312095,100077,100154,534,109,425,290,135
Xiawafang,Chentang Zhuang,3274.071516,100157,100015,2023,361,1662,1136,526
Chentang Zhuang,Xiawafang,3274.071516,100015,100157,2019,341,1678,1241,437
Huanyu Road,Weishan Road,3269.797198,100059,100148,35,3,32,25,7
Weishan Road,Huanyu Road,3269.797198,100148,100059,29,2,27,21,6
JinZhong River Street,Zhangxing Zhuang,3269.612841,100079,100185,422,62,360,308,52
Zhangxing Zhuang,JinZhong River Street,3269.612841,100185,100079,357,47,310,273,37
Anshan Road,Jin Street,3263.08773,100002,100070,20,7,13,1,12
Jin Street,Anshan Road,3263.08773,100070,100002,16,10,6,2,4
Qinjian Road,Bei Zhulin,3259.820917,100113,100004,15,3,12,6,6
Bei Zhulin,Qinjian Road,3259.820917,100004,100113,9,3,6,4,2
Heping Road,Southwest corner,3251.012453,100053,100124,1116,319,797,374,423
Southwest corner,Heping Road,3251.012453,100124,100053,817,253,564,319,245
Second hospital of the Medical University,Meijiang Park,3250.907069,100115,100096,299,42,257,154,103
Meijiang Park,Second hospital of the Medical University,3250.907069,100096,100115,276,36,240,197,43
Nanlou,Cultural centre,3250.163772,100102,100020,198,86,112,47,65
Cultural centre,Nanlou,3250.163772,100020,100102,125,59,66,32,34
Cuifu New Village,Yuanyang International Centre,3249.860926,100019,100179,1170,337,833,540,293
Yuanyang International Centre,Cuifu New Village,3249.860926,100179,100019,1101,326,775,390,385
Xiangshan Road,Dengzhou Road,3249.812812,100151,100024,96,15,81,60,21
Dengzhou Road,Xiangshan Road,3249.812812,100024,100151,87,20,67,49,18
Cultural centre,Water Park Road East,3249.100972,100020,100147,713,236,477,220,257
Water Park Road East,Cultural centre,3249.100972,100147,100020,712,251,461,211,250
Anshan Road,Wujiayao,3234.839385,100002,100150,547,122,425,282,143
Wujiayao,Anshan Road,3234.839385,100150,100002,502,101,401,280,121
Xunhai Road,Dongli Liujing Road,3234.140944,100166,100031,118,14,104,92,12
Dongli Liujing Road,Xunhai Road,3234.140944,100031,100166,107,8,99,75,24
Zuojiang Road,Cultural centre,3233.372381,100192,100020,544,96,448,328,120
Cultural centre,Zuojiang Road,3233.372381,100020,100192,485,121,364,226,138
Jintang Road,Southwest Tower,3228.144679,100077,100125,1161,217,944,642,302
Southwest Tower,Jintang Road,3228.144679,100125,100077,1121,207,914,620,294
Jiangwan Erzhi Road,Chunhai Road,3221.364941,100065,100017,100,16,84,57,27
Chunhai Road,Jiangwan Erzhi Road,3221.364941,100017,100065,98,12,86,60,26
Benxi Road,Liuyuan,3220.498582,100008,100091,883,218,665,400,265
Liuyuan,Benxi Road,3220.498582,100091,100008,861,190,671,421,250
Tucheng,Southwest Tower,3218.468821,100140,100125,332,41,291,215,76
Southwest Tower,Tucheng,3218.468821,100125,100140,282,19,263,212,51
Yibin Road,Southwest corner,3217.301601,100171,100124,401,116,285,176,109
Southwest corner,Yibin Road,3217.301601,100124,100171,392,120,272,145,127
Shiyijing Road,Yuanyang International Centre,3213.367329,100117,100179,374,86,288,164,124
Yuanyang International Centre,Shiyijing Road,3213.367329,100179,100117,316,77,239,107,132
Bei Zhulin,Changhong Park,3209.789054,100004,100012,93,26,67,43,24
Changhong Park,Bei Zhulin,3209.789054,100012,100004,84,14,70,47,23
Fangshan Road,Laoshan Road,3208.147255,100038,100082,146,28,118,92,26
Laoshan Road,Fangshan Road,3208.147255,100082,100038,133,28,105,55,50
Meilin Road,Meijiang Exhibition Centre,3207.668045,100098,100095,477,164,313,186,127
Meijiang Exhibition Centre,Meilin Road,3207.668045,100095,100098,428,129,299,167,132
Yuanyang International Centre,Jin Street,3206.035543,100179,100070,382,124,258,183,75
Jin Street,Yuanyang International Centre,3206.035543,100070,100179,358,118,240,131,109
Anshan Road,Northwest Corner,3205.660466,100002,100109,4304,890,3414,2035,1379
Northwest Corner,Anshan Road,3205.660466,100109,100002,4116,768,3348,2088,1260
Fuxing Road,Guangkaisima Road,3204.601276,100042,100044,54,15,39,27,12
Guangkaisima Road,Fuxing Road,3204.601276,100044,100042,46,9,37,23,14
Jinmao Industrial Area,Xiangshan Road,3203.503771,100074,100151,57,15,42,28,14
Xiangshan Road,Jinmao Industrial Area,3203.503771,100151,100074,53,17,36,22,14
Fuxing Gate,Liulin Road,3201.032129,100041,100089,28,12,16,7,9
Liulin Road,Fuxing Gate,3201.032129,100089,100041,24,15,9,6,3
Foreign Languages High School,Jinshi Bridge,3200.73469,100040,100076,107,11,96,76,20
Jinshi Bridge,Foreign Languages High School,3200.73469,100076,100040,74,5,69,56,13
Jianguo Road,Yingkou Road,3197.208499,100064,100174,1078,472,606,337,269
Yingkou Road,Jianguo Road,3197.208499,100174,100064,857,297,560,298,262
University town,Wangdingdi,3195.760245,100143,100145,1101,234,867,582,285
Wangdingdi,University town,3195.760245,100145,100143,1078,229,849,505,344
Jiefang South Road,Meijiang Road,3195.436978,100068,100097,888,192,696,425,271
Meijiang Road,Jiefang South Road,3195.436978,100097,100068,848,161,687,421,266
Tiedong Road,Jinshi Bridge,3194.466692,100139,100076,1859,313,1546,997,549
Jinshi Bridge,Tiedong Road,3194.466692,100076,100139,1790,325,1465,951,514
Anshan Road,Guangkaisima Road,3193.02441,100002,100044,962,215,747,422,325
Guangkaisima Road,Anshan Road,3193.02441,100044,100002,925,200,725,460,265
Tucheng,Xiaobailou,3191.376254,100140,100154,4500,1014,3486,2423,1063
Xiaobailou,Tucheng,3191.376254,100154,100140,3973,947,3026,1798,1228
Jingjiang Road,JinZhong River Street,3191.022974,100072,100079,545,92,453,314,139
JinZhong River Street,Jingjiang Road,3191.022974,100079,100072,506,95,411,309,102
Jinmao Industrial Area,Xuelian South Road,3186.330578,100074,100164,7,0,7,6,1
Xuelian South Road,Jinmao Industrial Area,3186.330578,100164,100074,7,0,7,7,0
Xuzhuangzi,Yueya River,3183.338135,100168,100182,144,17,127,102,25
Yueya River,Xuzhuangzi,3183.338135,100182,100168,120,13,107,88,19
Xianyang Road,Southwest corner,3177.717429,100153,100124,2079,529,1550,980,570
Southwest corner,Xianyang Road,3177.717429,100124,100153,2059,574,1485,890,595
Tianjin Hotel,Xiawafang,3176.696537,100134,100157,1544,260,1284,950,334
Xiawafang,Tianjin Hotel,3176.696537,100157,100134,1413,259,1154,791,363
Tumour Hospital,Leyuan Road,3170.097135,100141,100083,865,232,633,296,337
Leyuan Road,Tumour Hospital,3170.097135,100083,100141,734,228,506,254,252
Changhong Park,Tiantuo,3169.925195,100012,100138,678,124,554,345,209
Tiantuo,Changhong Park,3169.925195,100138,100012,648,138,510,274,236
North Station,Tianjin Station,3169.325545,100108,100135,1843,515,1328,636,692
Tianjin Station,North Station,3169.325545,100135,100108,1808,463,1345,679,666
Tiantuo,Zhou and Deng Memorial Museum,3168.611609,100138,100191,105,37,68,30,38
Zhou and Deng Memorial Museum,Tiantuo,3168.611609,100191,100138,103,38,65,27,38
Tiantai Road,Northwest Corner,3167.077437,100137,100109,1012,351,661,387,274
Northwest Corner,Tiantai Road,3167.077437,100109,100137,981,303,678,301,377
Jinghe Road,Lushui Road,3162.430254,100071,100093,552,119,433,268,165
Lushui Road,Jinghe Road,3162.430254,100093,100071,493,102,391,259,132
Jin Street,Northwest Corner,3156.201003,100070,100109,196,81,115,50,65
Northwest Corner,Jin Street,3156.201003,100109,100070,188,82,106,54,52
The Financial University,Haihe East Road,3151.242129,100132,100049,10,2,8,1,7
Haihe East Road,The Financial University,3151.242129,100049,100132,6,1,5,2,3
Nanzhu Bridge,Lijiang Road,3146.563129,100104,100085,260,60,200,132,68
Lijiang Road,Nanzhu Bridge,3146.563129,100085,100104,215,36,179,89,90
Southeast Corner,Jinshi Bridge,3140.202826,100123,100076,378,127,251,114,137
Jinshi Bridge,Southeast Corner,3140.202826,100076,100123,323,118,205,133,72
Yingfeng Road,Tumour Hospital,3133.273529,100173,100141,873,117,756,482,274
Tumour Hospital,Yingfeng Road,3133.273529,100141,100173,813,123,690,332,358
Yaohuan Road,Sports Centre,3132.868463,100170,100126,530,141,389,222,167
Sports Centre,Yaohuan Road,3132.868463,100126,100170,475,139,336,146,190
Jintang Road,Dawang Zhuang,3129.810577,100077,100023,178,38,140,99,41
Dawang Zhuang,Jintang Road,3129.810577,100023,100077,163,42,121,51,70
North Station,Bei Zhulin,3116.809116,100108,100004,55,21,34,17,17
Bei Zhulin,North Station,3116.809116,100004,100108,40,7,33,27,6
Dongting Road,Shuanggang,3114.678486,100034,100118,98,24,74,39,35
Shuanggang,Dongting Road,3114.678486,100118,100034,94,25,69,28,41
Huayuan,High-Tech Zone,3111.273857,100061,100054,2480,440,2040,1285,755
High-Tech Zone,Huayuan,3111.273857,100054,100061,2464,402,2062,1495,567
Yudongcheng,Jingjiang Road,3110.897035,100180,100072,1827,167,1660,1117,543
Jingjiang Road,Yudongcheng,3110.897035,100072,100180,1723,178,1545,1074,471
People's Hospital,Northwest Corner,3109.311544,100111,100109,421,147,274,106,168
Northwest Corner,People's Hospital,3109.311544,100109,100111,347,114,233,88,145
Southeast Corner,Dawang Zhuang,3109.162535,100123,100023,632,186,446,251,195
Dawang Zhuang,Southeast Corner,3109.162535,100023,100123,542,153,389,234,155
West Station,Guangkaisima Road,3108.035068,100149,100044,609,157,452,140,312
Guangkaisima Road,West Station,3108.035068,100044,100149,416,136,280,177,103
Zhigu,Tucheng,3104.541484,100188,100140,381,70,311,207,104
Tucheng,Zhigu,3104.541484,100140,100188,352,70,282,199,83
Anshan Road,Gulou,3104.497122,100002,100045,843,310,533,224,309
Gulou,Anshan Road,3104.497122,100045,100002,490,166,324,137,187
Jiangwan Erzhi Road,Chinese Medicine First Affiliated Hospital,3099.112315,100065,100016,208,40,168,98,70
Chinese Medicine First Affiliated Hospital,Jiangwan Erzhi Road,3099.112315,100016,100065,183,45,138,55,83
Tianjin Station,Xuzhou Road,3089.837991,100135,100167,339,60,279,167,112
Xuzhou Road,Tianjin Station,3089.837991,100167,100135,257,44,213,122,91
Huayuan,Zhou and Deng Memorial Museum,3081.228734,100061,100191,625,239,386,213,173
Zhou and Deng Memorial Museum,Huayuan,3081.228734,100191,100061,601,182,419,253,166
Dongting Road,Zuojiang Road,3077.801083,100034,100192,163,18,145,95,50
Zuojiang Road,Dongting Road,3077.801083,100192,100034,140,16,124,81,43
Jiefang South Road,Lushui Road,3070.945442,100068,100093,2405,751,1654,705,949
Lushui Road,Jiefang South Road,3070.945442,100093,100068,2209,700,1509,744,765
Tian Tower,Yingkou Road,3069.441237,100133,100174,6735,2701,4034,2123,1911
Yingkou Road,Tian Tower,3069.441237,100174,100133,5480,2070,3410,1702,1708
Nanlou,Jintang Road,3062.497538,100102,100077,276,49,227,124,103
Jintang Road,Nanlou,3062.497538,100077,100102,271,40,231,162,69
Zuojiang Road,Jianshan Road,3060.783066,100192,100066,912,88,824,612,212
Jianshan Road,Zuojiang Road,3060.783066,100066,100192,812,80,732,546,186
Gulou,Jinwan Square,3060.590328,100045,100078,505,282,223,66,157
Jinwan Square,Gulou,3060.590328,100078,100045,494,222,272,124,148
Yixingbu,Liaohe North Road,3058.870195,100175,100084,135,33,102,58,44
Liaohe North Road,Yixingbu,3058.870195,100084,100175,135,44,91,58,33
Jinshi Bridge,Beining Park,3055.807711,100076,100006,258,58,200,119,81
Beining Park,Jinshi Bridge,3055.807711,100006,100076,255,60,195,100,95
Magangchang,Youyi South Road,3049.248687,100094,100178,328,73,255,171,84
Youyi South Road,Magangchang,3049.248687,100178,100094,297,71,226,136,90
Dengzhou South Road,Jinmao Industrial Area,3046.670183,100025,100074,38,6,32,29,3
Jinmao Industrial Area,Dengzhou South Road,3046.670183,100074,100025,25,1,24,23,1
Xuzhuangzi,Minquan Gate,3043.092087,100168,100099,169,46,123,80,43
Minquan Gate,Xuzhuangzi,3043.092087,100099,100168,146,33,113,64,49
Southwest corner,Yingkou Road,3040.694132,100124,100174,4759,1557,3202,1792,1410
Yingkou Road,Southwest corner,3040.694132,100174,100124,4431,1354,3077,1550,1527
JinZhong River Street,North Station,3038.669915,100079,100108,871,172,699,508,191
North Station,JinZhong River Street,3038.669915,100108,100079,850,173,677,357,320
Xikang Road,Zhou and Deng Memorial Museum,3034.923123,100158,100191,1009,285,724,447,277
Zhou and Deng Memorial Museum,Xikang Road,3034.923123,100191,100158,940,188,752,520,232
Tianjin Hotel,Lingbin Road,3034.847093,100134,100087,239,59,180,109,71
Lingbin Road,Tianjin Hotel,3034.847093,100087,100134,217,52,165,104,61
Beiyangyuan Campus of Tianjin University,Jinnan Campus of Nankai University,3033.939436,100007,100075,199,82,117,42,75
Jinnan Campus of Nankai University,Beiyangyuan Campus of Tianjin University,3033.939436,100075,100007,196,89,107,37,70
Leyuan Road,Xiawafang,3033.707626,100083,100157,375,99,276,116,160
Xiawafang,Leyuan Road,3033.707626,100157,100083,343,67,276,190,86
West Station,Erwei Road,3033.476183,100149,100036,1944,500,1444,405,1039
Erwei Road,West Station,3033.476183,100036,100149,1611,504,1107,664,443
Dengzhou South Road,Xiangshan Road,3026.438651,100025,100151,118,20,98,69,29
Xiangshan Road,Dengzhou South Road,3026.438651,100151,100025,112,33,79,30,49
Xueyuan North Road,Liulin Road,3024.992546,100165,100089,19,13,6,2,4
Liulin Road,Xueyuan North Road,3024.992546,100089,100165,18,12,6,2,4
Yixingbu North,Tianshili,3024.143401,100176,100136,73,16,57,20,37
Tianshili,Yixingbu North,3024.143401,100136,100176,33,6,27,12,15
Guangkaisima Road,Jin Street,3023.346771,100044,100070,230,75,155,104,51
Jin Street,Guangkaisima Road,3023.346771,100070,100044,216,69,147,89,58
Zhou and Deng Memorial Museum,Nancuiping,3022.027352,100191,100100,57,15,42,18,24
Nancuiping,Zhou and Deng Memorial Museum,3022.027352,100100,100191,55,19,36,29,7
West Station,Gulou,3019.50778,100149,100045,1593,643,950,248,702
Gulou,West Station,3019.50778,100045,100149,1507,830,677,221,456
Tianjin Station,Jingjiang Road,3014.106572,100135,100072,2982,828,2154,984,1170
Jingjiang Road,Tianjin Station,3014.106572,100072,100135,2784,832,1952,1242,710
Haihe East Road,Zhaoyuan Road,3005.464917,100049,100186,31,9,22,20,2
Zhaoyuan Road,Haihe East Road,3005.464917,100186,100049,29,7,22,14,8
Shiyijing Road,Jianguo Road,3005.074857,100117,100064,255,62,193,80,113
Jianguo Road,Shiyijing Road,3005.074857,100064,100117,228,41,187,113,74
Zhicheng Road,Liaohe North Road,3004.181898,100187,100084,149,27,122,60,62
Liaohe North Road,Zhicheng Road,3004.181898,100084,100187,134,30,104,59,45
Weishan Road,Shuanglin,3003.841442,100148,100119,40,6,34,24,10
Shuanglin,Weishan Road,3003.841442,100119,100148,18,6,12,10,2
Siyuan Road,Tianshili,2994.6742,100121,100136,8,1,7,4,3
Tianshili,Siyuan Road,2994.6742,100136,100121,3,0,3,1,2
Changhong Park,Northwest Corner,2974.213841,100012,100109,745,235,510,261,249
Northwest Corner,Changhong Park,2974.213841,100109,100012,607,194,413,155,258
Xuzhou Road,Jin Street,2971.163414,100167,100070,2443,681,1762,1101,661
Jin Street,Xuzhou Road,2971.163414,100070,100167,2086,517,1569,905,664
Tianshili,Tiedong Road,2967.628496,100136,100139,227,53,174,105,69
Tiedong Road,Tianshili,2967.628496,100139,100136,210,49,161,102,59
Magangchang,Liulin Road,2967.423645,100094,100089,223,82,141,89,52
Liulin Road,Magangchang,2967.423645,100089,100094,169,54,115,59,56
Yixingbu North,Tiedong Road,2963.329955,100176,100139,215,63,152,104,48
Tiedong Road,Yixingbu North,2963.329955,100139,100176,210,65,145,80,65
Yizhongxin Hospital,Huayuan,2962.835084,100177,100061,317,59,258,175,83
Huayuan,Yizhongxin Hospital,2962.835084,100061,100177,302,57,245,147,98
Southwest corner,Fuxing Road,2957.409162,100124,100042,79,15,64,33,31
Fuxing Road,Southwest corner,2957.409162,100042,100124,71,17,54,32,22
Changling Road,Youyi South Road,2952.068649,100013,100178,601,121,480,327,153
Youyi South Road,Changling Road,2952.068649,100178,100013,593,118,475,301,174
Jin Street,Erwei Road,2951.242548,100070,100036,28,9,19,14,5
Erwei Road,Jin Street,2951.242548,100036,100070,26,7,19,5,14
Laoshan Road,Cuifu New Village,2949.202678,100082,100019,72,14,58,27,31
Cuifu New Village,Laoshan Road,2949.202678,100019,100082,59,14,45,26,19
Xingfu Park,Jianchang Road,2946.093065,100159,100063,501,92,409,265,144
Jianchang Road,Xingfu Park,2946.093065,100063,100159,482,122,360,276,84
Jingjiang Road,Jintang Road,2941.881701,100072,100077,822,152,670,405,265
Jintang Road,Jingjiang Road,2941.881701,100077,100072,761,152,609,355,254
Shiyijing Road,Jinwan Square,2937.76897,100117,100078,204,50,154,99,55
Jinwan Square,Shiyijing Road,2937.76897,100078,100117,157,48,109,45,64
Foreign Languages High School,Tiedong Road,2937.287835,100040,100139,42,6,36,31,5
Tiedong Road,Foreign Languages High School,2937.287835,100139,100040,25,6,19,15,4
Jinwan Square,Liuwei Road,2936.578512,100078,100090,21,8,13,6,7
Liuwei Road,Jinwan Square,2936.578512,100090,100078,11,2,9,5,4
Beichen Road,Huaihe Road,2936.165002,100005,100058,374,61,313,208,105
Huaihe Road,Beichen Road,2936.165002,100058,100005,362,66,296,198,98
Siyuan Road,Tiedong Road,2933.860755,100121,100139,45,21,24,10,14
Tiedong Road,Siyuan Road,2933.860755,100139,100121,36,22,14,2,12
The Financial University,Chunhai Road,2928.834837,100132,100017,344,151,193,141,52
Chunhai Road,The Financial University,2928.834837,100017,100132,317,129,188,127,61
People's Hospital,Southwest corner,2918.723016,100111,100124,323,95,228,116,112
Southwest corner,People's Hospital,2918.723016,100124,100111,281,86,195,93,102
Xuefu Industrial Area,University town,2906.422693,100163,100143,322,38,284,230,54
University town,Xuefu Industrial Area,2906.422693,100143,100163,313,40,273,214,59
Jianchang Road,Yixingbu,2893.908398,100063,100175,191,43,148,72,76
Yixingbu,Jianchang Road,2893.908398,100175,100063,160,43,117,60,57
Siyuan Road,Yixingbu North,2892.674183,100121,100176,110,36,74,42,32
Yixingbu North,Siyuan Road,2892.674183,100176,100121,105,29,76,35,41
Heping Road,Haiguang Temple,2890.927673,100053,100048,1480,469,1011,443,568
Haiguang Temple,Heping Road,2890.927673,100048,100053,1240,323,917,514,403
North China Group,Xiaodian,2889.535268,100107,100155,119,25,94,51,43
Xiaodian,North China Group,2889.535268,100155,100107,114,24,90,38,52
Chenglin Road,Xuzhou Road,2888.474452,100014,100167,2403,375,2028,1611,417
Xuzhou Road,Chenglin Road,2888.474452,100167,100014,2187,405,1782,1214,568
Haiguang Temple,Xikang Road,2884.28339,100048,100158,358,107,251,109,142
Xikang Road,Haiguang Temple,2884.28339,100158,100048,337,91,246,149,97
Fangshan Road,Huanyu Road,2881.258433,100038,100059,16,6,10,2,8
Huanyu Road,Fangshan Road,2881.258433,100059,100038,11,2,9,5,4
Beining Park,Jianchang Road,2869.754927,100006,100063,87,8,79,49,30
Jianchang Road,Beining Park,2869.754927,100063,100006,44,5,39,26,13
Zhangxing Zhuang,North Station,2868.46495,100185,100108,303,61,242,160,82
North Station,Zhangxing Zhuang,2868.46495,100108,100185,272,55,217,79,138
Taichang Road,Jintang Road,2865.393782,100128,100077,507,192,315,104,211
Jintang Road,Taichang Road,2865.393782,100077,100128,471,195,276,129,147
Jiangwan Erzhi Road,Yaohuan Road,2863.589432,100065,100170,1115,71,1044,832,212
Yaohuan Road,Jiangwan Erzhi Road,2863.589432,100170,100065,1033,66,967,735,232
Jinshi Bridge,Dawang Zhuang,2863.201679,100076,100023,404,89,315,207,108
Dawang Zhuang,Jinshi Bridge,2863.201679,100023,100076,364,90,274,144,130
Xuzhou Road,Yingkou Road,2861.685727,100167,100174,43,18,25,12,13
Yingkou Road,Xuzhou Road,2861.685727,100174,100167,18,6,12,2,10
Zhigu,Zhongshan Gate,2857.515567,100188,100189,903,129,774,412,362
Zhongshan Gate,Zhigu,2857.515567,100189,100188,794,144,650,437,213
Bei Zhulin,Southwest corner,2853.832887,100004,100124,20,10,10,3,7
Southwest corner,Bei Zhulin,2853.832887,100124,100004,15,6,9,1,8
Danhebei Road,Professional University,2850.300035,100022,100112,9,4,5,4,1
Professional University,Danhebei Road,2850.300035,100112,100022,6,3,3,3,0
Dongli Sanjing Road,Dongli Culture and Sports Centre,2843.944045,100032,100029,253,37,216,163,53
Dongli Culture and Sports Centre,Dongli Sanjing Road,2843.944045,100029,100032,216,42,174,125,49
Shunchi Bridge,Jianguo Road,2843.288777,100120,100064,525,99,426,294,132
Jianguo Road,Shunchi Bridge,2843.288777,100064,100120,432,82,350,220,130
Taichang Road,Shaliu South Road,2840.929841,100128,100116,2793,1035,1758,699,1059
Shaliu South Road,Taichang Road,2840.929841,100116,100128,2569,908,1661,951,710
Liaohe North Road,Professional University,2826.113654,100084,100112,235,87,148,69,79
Professional University,Liaohe North Road,2826.113654,100112,100084,209,86,123,59,64
Honghu Li,Northwest Corner,2824.48212,100055,100109,5257,1742,3515,1962,1553
Northwest Corner,Honghu Li,2824.48212,100109,100055,5239,1658,3581,1469,2112
Jinnan Campus of Nankai University,Xianshuigu West,2820.274704,100075,100152,8735,3002,5733,3039,2694
Xianshuigu West,Jinnan Campus of Nankai University,2820.274704,100152,100075,8586,3024,5562,1495,4067
Weishan Road,Huashan Li,2809.24173,100148,100060,4,3,1,1,0
Huashan Li,Weishan Road,2809.24173,100060,100148,3,0,3,2,1
Xueyuan North Road,Longhan Road,2807.172326,100165,100092,81,9,72,53,19
Longhan Road,Xueyuan North Road,2807.172326,100092,100165,62,8,54,35,19
Zhongshan Road,Minquan Gate,2806.381039,100190,100099,441,120,321,168,153
Minquan Gate,Zhongshan Road,2806.381039,100099,100190,399,90,309,190,119
Meijiang Road,Meijiang Exhibition Centre,2802.151063,100097,100095,404,99,305,184,121
Meijiang Exhibition Centre,Meijiang Road,2802.151063,100095,100097,378,93,285,199,86
Shunchi Bridge,Jinwan Square,2801.8554,100120,100078,285,80,205,152,53
Jinwan Square,Shunchi Bridge,2801.8554,100078,100120,279,91,188,91,97
Shuanglin,Huashan Li,2799.32278,100119,100060,446,136,310,172,138
Huashan Li,Shuanglin,2799.32278,100060,100119,439,118,321,156,165
Exhibition Centre,Civic Square,2799.212547,100037,100018,1629,403,1226,698,528
Civic Square,Exhibition Centre,2799.212547,100018,100037,1605,399,1206,764,442
Tiedong Road,Beining Park,2792.360856,100139,100006,206,65,141,78,63
Beining Park,Tiedong Road,2792.360856,100006,100139,205,55,150,65,85
Xingfu Park,Minquan Gate,2789.285511,100159,100099,388,113,275,153,122
Minquan Gate,Xingfu Park,2789.285511,100099,100159,384,110,274,117,157
Huanyu Road,Dongjiang Road,2785.954078,100059,100028,29,11,18,13,5
Dongjiang Road,Huanyu Road,2785.954078,100028,100059,24,5,19,11,8
Xinkai River,Bei Zhulin,2779.68529,100160,100004,35,14,21,15,6
Bei Zhulin,Xinkai River,2779.68529,100004,100160,25,6,19,15,4
Changhong Park,Erwei Road,2769.255386,100012,100036,425,91,334,255,79
Erwei Road,Changhong Park,2769.255386,100036,100012,421,95,326,236,90
National Exhibition Centre,Donggu Road,2768.455506,100105,100026,61,30,31,20,11
Donggu Road,National Exhibition Centre,2768.455506,100026,100105,44,14,30,20,10
Foreign Languages High School,Beining Park,2761.5369,100040,100006,104,8,96,64,32
Beining Park,Foreign Languages High School,2761.5369,100006,100040,94,9,85,65,20
Xikang Road,Jinwan Square,2758.034533,100158,100078,1480,512,968,551,417
Jinwan Square,Xikang Road,2758.034533,100078,100158,1407,449,958,420,538
Fuxing Gate,Tucheng,2755.624688,100041,100140,835,126,709,494,215
Tucheng,Fuxing Gate,2755.624688,100140,100041,734,110,624,432,192
Changhong Park,Gulou,2752.81778,100012,100045,2069,809,1260,605,655
Gulou,Changhong Park,2752.81778,100045,100012,1857,702,1155,447,708
Yingkou Road,Southeast Corner,2752.625208,100174,100123,1929,886,1043,486,557
Southeast Corner,Yingkou Road,2752.625208,100123,100174,1797,895,902,465,437
Heping Road,Dawang Zhuang,2742.840488,100053,100023,604,238,366,106,260
Dawang Zhuang,Heping Road,2742.840488,100023,100053,510,204,306,122,184
Haiguang Temple,Northwest Corner,2732.625548,100048,100109,3177,915,2262,1310,952
Northwest Corner,Haiguang Temple,2732.625548,100109,100048,2954,836,2118,1242,876
Lingbin Road,Lijiang Road,2729.157725,100087,100085,50,10,40,19,21
Lijiang Road,Lingbin Road,2729.157725,100085,100087,43,10,33,23,10
Nancuiping,Yizhongxin Hospital,2703.244439,100100,100177,353,87,266,160,106
Yizhongxin Hospital,Nancuiping,2703.244439,100177,100100,302,68,234,170,64
Jingjiang Road,Taichang Road,2698.670413,100072,100128,1492,515,977,535,442
Taichang Road,Jingjiang Road,2698.670413,100128,100072,1368,494,874,337,537
Wanshan Road,Wandong Road,2697.976055,100146,100144,21,1,20,17,3
Wandong Road,Wanshan Road,2697.976055,100144,100146,14,2,12,9,3
Heping Road,Xiaobailou,2696.82802,100053,100154,1409,576,833,300,533
Xiaobailou,Heping Road,2696.82802,100154,100053,1268,520,748,341,407
Yuejin North Road,University of Civil Aviation,2695.713753,100181,100142,330,75,255,165,90
University of Civil Aviation,Yuejin North Road,2695.713753,100142,100181,306,75,231,117,114
Heping Road,Jinshi Bridge,2694.300321,100053,100076,4460,1578,2882,1201,1681
Jinshi Bridge,Heping Road,2694.300321,100076,100053,3214,1038,2176,1308,868
West Station,Foreign Languages High School,2692.609942,100149,100040,367,108,259,86,173
Foreign Languages High School,West Station,2692.609942,100040,100149,333,77,256,155,101
Yudongcheng,Guoshan Road,2690.948119,100180,100047,221,37,184,126,58
Guoshan Road,Yudongcheng,2690.948119,100047,100180,165,32,133,91,42
Xiaobailou,Xikang Road,2690.183737,100154,100158,1731,449,1282,742,540
Xikang Road,Xiaobailou,2690.183737,100158,100154,1638,430,1208,767,441
Fangshan Road,Wandong Road,2678.271229,100038,100144,81,19,62,39,23
Wandong Road,Fangshan Road,2678.271229,100144,100038,77,17,60,43,17
Jiayuan Li,Qinjian Road,2672.831079,100067,100113,1435,196,1239,941,298
Qinjian Road,Jiayuan Li,2672.831079,100113,100067,1399,201,1198,804,394
Southeast Corner,Yuanyang International Centre,2667.965572,100123,100179,1720,603,1117,548,569
Yuanyang International Centre,Southeast Corner,2667.965572,100179,100123,1630,580,1050,529,521
Zhongshan Road,Tiantai Road,2663.177081,100190,100137,219,45,174,79,95
Tiantai Road,Zhongshan Road,2663.177081,100137,100190,190,45,145,92,53
Siyuan Road,Minquan Gate,2659.882612,100121,100099,40,22,18,7,11
Minquan Gate,Siyuan Road,2659.882612,100099,100121,35,17,18,6,12
Tianjin Station,Zhongshan Road,2655.805354,100135,100190,2987,823,2164,1093,1071
Zhongshan Road,Tianjin Station,2655.805354,100190,100135,2313,697,1616,863,753
Liulin Road,Shuanglin,2653.109578,100089,100119,111,47,64,29,35
Shuanglin,Liulin Road,2653.109578,100119,100089,110,44,66,25,41
Xinkai River,Minquan Gate,2646.087789,100160,100099,523,119,404,232,172
Minquan Gate,Xinkai River,2646.087789,100099,100160,472,131,341,231,110
Beiyangyuan Campus of Tianjin University,Jingli Road,2645.436058,100007,100073,294,125,169,62,107
Jingli Road,Beiyangyuan Campus of Tianjin University,2645.436058,100073,100007,270,107,163,59,104
Chenglin Road,Xingfu Park,2644.15286,100014,100159,530,145,385,184,201
Xingfu Park,Chenglin Road,2644.15286,100159,100014,470,158,312,153,159
Liuwei Road,Taichang Road,2643.665717,100090,100128,1606,504,1102,496,606
Taichang Road,Liuwei Road,2643.665717,100128,100090,1542,530,1012,426,586
Anshan West Road,Hongqi South Road,2638.871656,100003,100057,1007,178,829,499,330
Hongqi South Road,Anshan West Road,2638.871656,100057,100003,940,166,774,550,224
Zhicheng Road,JinZhong River Street,2636.090471,100187,100079,615,106,509,400,109
JinZhong River Street,Zhicheng Road,2636.090471,100079,100187,582,86,496,360,136
Xiawafang,Yingkou Road,2636.009865,100157,100174,5521,1840,3681,2002,1679
Yingkou Road,Xiawafang,2636.009865,100174,100157,5228,1681,3547,1666,1881
Meijiang Park,Dongting Road,2635.545119,100096,100034,258,78,180,173,7
Dongting Road,Meijiang Park,2635.545119,100034,100096,257,83,174,165,9
Tianshili,North China Group,2635.170141,100136,100107,308,80,228,141,87
North China Group,Tianshili,2635.170141,100107,100136,270,77,193,107,86
Changhong Park,Jieyuan West Road,2631.57615,100012,100069,737,202,535,321,214
Jieyuan West Road,Changhong Park,2631.57615,100069,100012,713,177,536,354,182
Meijiang Road,Cultural centre,2626.321751,100097,100020,785,157,628,461,167
Cultural centre,Meijiang Road,2626.321751,100020,100097,768,153,615,372,243
West Station,Qinjian Road,2625.739548,100149,100113,1929,614,1315,541,774
Qinjian Road,West Station,2625.739548,100113,100149,1619,436,1183,645,538
Guangkaisima Road,Haiguang Temple,2620.169866,100044,100048,730,173,557,370,187
Haiguang Temple,Guangkaisima Road,2620.169866,100048,100044,724,173,551,344,207
Tiantuo,Wangdingdi,2619.20812,100138,100145,126,19,107,66,41
Wangdingdi,Tiantuo,2619.20812,100145,100138,105,22,83,58,25
Anshan Road,Jinwan Square,2619.142425,100002,100078,526,173,353,190,163
Jinwan Square,Anshan Road,2619.142425,100078,100002,454,150,304,138,166
Southeast Corner,Northwest Corner,2618.131032,100123,100109,832,324,508,247,261
Northwest Corner,Southeast Corner,2618.131032,100109,100123,830,361,469,216,253
Water Park Road East,Hongqi South Road,2613.534534,100147,100057,992,314,678,315,363
Hongqi South Road,Water Park Road East,2613.534534,100057,100147,980,297,683,429,254
Water Park Road East,Lingbin Road,2609.808953,100147,100087,63,20,43,17,26
Lingbin Road,Water Park Road East,2609.808953,100087,100147,59,25,34,4,30
Yuejin North Road,Shaliu South Road,2605.501281,100181,100116,172,32,140,95,45
Shaliu South Road,Yuejin North Road,2605.501281,100116,100181,145,22,123,83,40
West Station,Changhong Park,2605.182244,100149,100012,1682,504,1178,351,827
Changhong Park,West Station,2605.182244,100012,100149,1422,465,957,576,381
Fuxing Road,Tiantai Road,2603.199758,100042,100137,252,67,185,122,63
Tiantai Road,Fuxing Road,2603.199758,100137,100042,244,61,183,124,59
Lingbin Road,Chinese Medicine First Affiliated Hospital,2603.125624,100087,100016,583,115,468,269,199
Chinese Medicine First Affiliated Hospital,Lingbin Road,2603.125624,100016,100087,547,119,428,230,198
Siyuan Road,Yueya River,2599.316676,100121,100182,196,48,148,96,52
Yueya River,Siyuan Road,2599.316676,100182,100121,172,40,132,85,47
Zuojiang Road,Jiefang South Road,2590.0727,100192,100068,1727,433,1294,744,550
Jiefang South Road,Zuojiang Road,2590.0727,100068,100192,1619,432,1187,672,515
Tian Tower,Hongqi South Road,2587.731536,100133,100057,3518,1406,2112,745,1367
Hongqi South Road,Tian Tower,2587.731536,100057,100133,3077,1139,1938,1038,900
Beining Park,Yueya River,2587.580639,100006,100182,848,127,721,526,195
Yueya River,Beining Park,2587.580639,100182,100006,625,86,539,370,169
Taihu Road,Donghai Road,2587.361359,100130,100027,944,115,829,668,161
Donghai Road,Taihu Road,2587.361359,100027,100130,884,115,769,615,154
Shiyijing Road,Xiawafang,2586.524341,100117,100157,395,63,332,198,134
Xiawafang,Shiyijing Road,2586.524341,100157,100117,382,56,326,217,109
Meijiang Road,Leyuan Road,2585.12778,100097,100083,1701,412,1289,884,405
Leyuan Road,Meijiang Road,2585.12778,100083,100097,1590,429,1161,646,515
Yudongcheng,Wanshan Road,2580.943255,100180,100146,148,15,133,84,49
Wanshan Road,Yudongcheng,2580.943255,100146,100180,102,12,90,66,24
National Exhibition Centre,Gaozhuangzi,2576.396758,100105,100043,13,3,10,1,9
Gaozhuangzi,National Exhibition Centre,2576.396758,100043,100105,4,1,3,0,3
Chenglin Road,Cuifu New Village,2572.921114,100014,100019,156,27,129,84,45
Cuifu New Village,Chenglin Road,2572.921114,100019,100014,148,39,109,62,47
Dongli Culture and Sports Centre,Xuelian South Road,2570.247395,100029,100164,304,109,195,82,113
Xuelian South Road,Dongli Culture and Sports Centre,2570.247395,100164,100029,277,110,167,98,69
Zhongshan Gate,Number Two Bridge,2568.321583,100189,100110,1121,247,874,573,301
Number Two Bridge,Zhongshan Gate,2568.321583,100110,100189,798,185,613,422,191
Yibin Road,Yizhongxin Hospital,2565.698056,100171,100177,325,61,264,167,97
Yizhongxin Hospital,Yibin Road,2565.698056,100177,100171,319,53,266,164,102
Changling Road,Liqi Zhuang South,2560.459273,100013,100088,79,19,60,19,41
Liqi Zhuang South,Changling Road,2560.459273,100088,100013,61,17,44,23,21
Dongxing Road,Shiyijing Road,2560.057848,100035,100117,699,143,556,360,196
Shiyijing Road,Dongxing Road,2560.057848,100117,100035,667,147,520,302,218
Yingfeng Road,Tiantuo,2558.689081,100173,100138,647,109,538,381,157
Tiantuo,Yingfeng Road,2558.689081,100138,100173,536,95,441,245,196
Tianjin Hotel,Sports Centre,2553.166178,100134,100126,417,103,314,172,142
Sports Centre,Tianjin Hotel,2553.166178,100126,100134,335,96,239,128,111
Xuelian South Road,Xueyuan North Road,2552.038559,100164,100165,116,24,92,70,22
Xueyuan North Road,Xuelian South Road,2552.038559,100165,100164,110,14,96,67,29
Meilin Road,Shuanggang,2548.176324,100098,100118,565,85,480,286,194
Shuanggang,Meilin Road,2548.176324,100118,100098,545,98,447,246,201
Shaliu South Road,Longhan Road,2547.724557,100116,100092,297,49,248,190,58
Longhan Road,Shaliu South Road,2547.724557,100092,100116,287,41,246,151,95
Lingbin Road,Yaohuan Road,2541.706946,100087,100170,80,23,57,29,28
Yaohuan Road,Lingbin Road,2541.706946,100170,100087,75,13,62,41,21
Nanlou,Chentang Zhuang,2539.945635,100102,100015,2297,247,2050,1510,540
Chentang Zhuang,Nanlou,2539.945635,100015,100102,2221,226,1995,1559,436
Yangwu Zhuang,High-Tech Zone,2538.819278,100169,100054,248,42,206,159,47
High-Tech Zone,Yangwu Zhuang,2538.819278,100054,100169,214,39,175,124,51
Hangshuang Road,Dengzhou South Road,2533.049282,100051,100025,200,18,182,140,42
Dengzhou South Road,Hangshuang Road,2533.049282,100025,100051,198,17,181,150,31
Nanzhu Bridge,Weishan Road,2532.78536,100104,100148,1262,69,1193,1065,128
Weishan Road,Nanzhu Bridge,2532.78536,100148,100104,1209,90,1119,924,195
Huayuan,Yingfeng Road,2531.932602,100061,100173,421,51,370,212,158
Yingfeng Road,Huayuan,2531.932602,100173,100061,386,52,334,251,83
Haiguang Temple,Gulou,2531.642578,100048,100045,968,411,557,262,295
Gulou,Haiguang Temple,2531.642578,100045,100048,810,378,432,163,269
Zhanggui Zhuang,Xinli,2530.596596,100184,100161,720,133,587,415,172
Xinli,Zhanggui Zhuang,2530.596596,100161,100184,600,116,484,305,179
Benxi Road,Honghu Li,2522.083031,100008,100055,654,204,450,296,154
Honghu Li,Benxi Road,2522.083031,100055,100008,633,169,464,291,173
Second hospital of the Medical University,Southwest Tower,2520.460439,100115,100125,112,16,96,69,27
Southwest Tower,Second hospital of the Medical University,2520.460439,100125,100115,90,15,75,48,27
People's Hospital,Bei Zhulin,2515.298385,100111,100004,96,23,73,35,38
Bei Zhulin,People's Hospital,2515.298385,100004,100111,81,21,60,33,27
Anshan Road,Xiaobailou,2513.376505,100002,100154,4546,1073,3473,1979,1494
Xiaobailou,Anshan Road,2513.376505,100154,100002,4065,1024,3041,1792,1249
Zhou and Deng Memorial Museum,Yizhongxin Hospital,2510.644842,100191,100177,90,38,52,21,31
Yizhongxin Hospital,Zhou and Deng Memorial Museum,2510.644842,100177,100191,81,26,55,16,39
Southwest corner,Jianguo Road,2508.509859,100124,100064,824,245,579,341,238
Jianguo Road,Southwest corner,2508.509859,100064,100124,798,264,534,304,230
Second hospital of the Medical University,Tianjin Hotel,2506.348585,100115,100134,280,40,240,183,57
Tianjin Hotel,Second hospital of the Medical University,2506.348585,100134,100115,236,38,198,151,47
Southwest Tower,Xiaobailou,2505.106934,100125,100154,896,252,644,423,221
Xiaobailou,Southwest Tower,2505.106934,100154,100125,881,276,605,313,292
Jieyuan West Road,Cao Zhuang,2503.142204,100069,100011,1954,588,1366,813,553
Cao Zhuang,Jieyuan West Road,2503.142204,100011,100069,1894,603,1291,658,633
Dabi Zhuang,Xuzhuangzi,2495.501598,100021,100168,137,45,92,52,40
Xuzhuangzi,Dabi Zhuang,2495.501598,100168,100021,131,38,93,46,47
Xianyang Road,Yibin Road,2489.156683,100153,100171,139,39,100,64,36
Yibin Road,Xianyang Road,2489.156683,100171,100153,105,25,80,41,39
Lilou,Hongni River East,2488.397422,100086,100056,83,14,69,41,28
Hongni River East,Lilou,2488.397422,100056,100086,79,16,63,45,18
Tianjin Station,Gulou,2486.640656,100135,100045,5332,2092,3240,1227,2013
Gulou,Tianjin Station,2486.640656,100045,100135,4920,2237,2683,1253,1430
Guangkaisima Road,Southeast Corner,2485.2768,100044,100123,1109,386,723,443,280
Southeast Corner,Guangkaisima Road,2485.2768,100123,100044,1057,384,673,363,310
Longhan Road,Liulin Road,2479.143309,100092,100089,973,226,747,434,313
Liulin Road,Longhan Road,2479.143309,100089,100092,898,222,676,362,314
Liulin Road,Xuelian South Road,2476.305153,100089,100164,25,10,15,6,9
Xuelian South Road,Liulin Road,2476.305153,100164,100089,22,10,12,9,3
Nancuiping,Wangdingdi,2472.623863,100100,100145,37,9,28,17,11
Wangdingdi,Nancuiping,2472.623863,100145,100100,30,11,19,15,4
Tumour Hospital,Changling Road,2470.205208,100141,100013,1979,301,1678,911,767
Changling Road,Tumour Hospital,2470.205208,100013,100141,1962,295,1667,1185,482
Xunhai Road,Zhaoyuan Road,2465.482293,100166,100186,375,58,317,141,176
Zhaoyuan Road,Xunhai Road,2465.482293,100186,100166,310,44,266,197,69
Liulin Road,Huashan Li,2458.509867,100089,100060,40,11,29,16,13
Huashan Li,Liulin Road,2458.509867,100060,100089,37,22,15,8,7
Heping Road,Gulou,2451.257018,100053,100045,1728,764,964,393,571
Gulou,Heping Road,2451.257018,100045,100053,1456,660,796,340,456
Yuanyang International Centre,Jinshi Bridge,2443.213642,100179,100076,347,116,231,110,121
Jinshi Bridge,Yuanyang International Centre,2443.213642,100076,100179,324,96,228,118,110
Meijiang Exhibition Centre,Dongting Road,2438.335538,100095,100034,52,17,35,11,24
Dongting Road,Meijiang Exhibition Centre,2438.335538,100034,100095,44,23,21,9,12
Xianyang Road,Bianxing,2435.867522,100153,100009,1213,129,1084,766,318
Bianxing,Xianyang Road,2435.867522,100009,100153,1177,133,1044,811,233
Wanshan Road,Jinmao Industrial Area,2433.299906,100146,100074,2,1,1,0,1
Jinmao Industrial Area,Wanshan Road,2433.299906,100074,100146,1,0,1,0,1
Dengzhou Road,Laoshan Road,2431.321385,100024,100082,92,21,71,47,24
Laoshan Road,Dengzhou Road,2431.321385,100082,100024,81,21,60,37,23
Jingjiang Road,Yueya River,2424.506875,100072,100182,792,155,637,384,253
Yueya River,Jingjiang Road,2424.506875,100182,100072,679,125,554,388,166
Erwei Road,Southeast Corner,2413.172577,100036,100123,299,83,216,117,99
Southeast Corner,Erwei Road,2413.172577,100123,100036,222,71,151,86,65
Yuanyang International Centre,Dawang Zhuang,2412.17335,100179,100023,343,116,227,124,103
Dawang Zhuang,Yuanyang International Centre,2412.17335,100023,100179,295,76,219,89,130
Tianjin Station,Yingkou Road,2409.408315,100135,100174,14970,5985,8985,3779,5206
Yingkou Road,Tianjin Station,2409.408315,100174,100135,13406,5404,8002,3937,4065
Shaliu South Road,Laoshan Road,2408.725447,100116,100082,152,26,126,80,46
Laoshan Road,Shaliu South Road,2408.725447,100082,100116,139,34,105,62,43
Second hospital of the Medical University,Zuojiang Road,2407.324922,100115,100192,921,95,826,613,213
Zuojiang Road,Second hospital of the Medical University,2407.324922,100192,100115,840,102,738,569,169
Fangshan Road,Xiangshan Road,2402.949924,100038,100151,83,18,65,40,25
Xiangshan Road,Fangshan Road,2402.949924,100151,100038,61,5,56,18,38
Xingfu Park,Cuifu New Village,2400.368387,100159,100019,131,41,90,39,51
Cuifu New Village,Xingfu Park,2400.368387,100019,100159,123,40,83,48,35
Water Park Road East,Tianjin Hotel,2392.785808,100147,100134,323,96,227,94,133
Tianjin Hotel,Water Park Road East,2392.785808,100134,100147,309,93,216,106,110
Liulin Road,Weishan Road,2392.248336,100089,100148,202,75,127,47,80
Weishan Road,Liulin Road,2392.248336,100148,100089,173,47,126,62,64
Zhigu,Xiaobailou,2391.179597,100188,100154,678,205,473,280,193
Xiaobailou,Zhigu,2391.179597,100154,100188,673,194,479,238,241
The Financial University,Huanyu Road,2385.546324,100132,100059,71,17,54,32,22
Huanyu Road,The Financial University,2385.546324,100059,100132,68,18,50,35,15
Zhigu,Chenglin Road,2376.812572,100188,100014,845,111,734,473,261
Chenglin Road,Zhigu,2376.812572,100014,100188,749,127,622,448,174
Jinwan Square,Xuzhou Road,2372.411507,100078,100167,32,18,14,2,12
Xuzhou Road,Jinwan Square,2372.411507,100167,100078,24,16,8,3,5
Erwei Road,Yingkou Road,2370.357175,100036,100174,3066,978,2088,1212,876
Yingkou Road,Erwei Road,2370.357175,100174,100036,2465,816,1649,827,822
JinZhong River Street,Xuzhuangzi,2362.105001,100079,100168,213,38,175,124,51
Xuzhuangzi,JinZhong River Street,2362.105001,100168,100079,185,33,152,106,46
Anshan West Road,Changhong Park,2359.670269,100003,100012,536,139,397,205,192
Changhong Park,Anshan West Road,2359.670269,100012,100003,528,149,379,225,154
Tumour Hospital,Cultural centre,2359.259497,100141,100020,1010,302,708,315,393
Cultural centre,Tumour Hospital,2359.259497,100020,100141,890,303,587,258,329
Nansun Zhuang,Nanhe Zhuang,2354.284992,100103,100101,72,24,48,24,24
Nanhe Zhuang,Nansun Zhuang,2354.284992,100101,100103,9,6,3,3,0
Liaohe North Road,Zhangxing Zhuang,2353.914397,100084,100185,20,8,12,5,7
Zhangxing Zhuang,Liaohe North Road,2353.914397,100185,100084,17,4,13,12,1
Yingkou Road,Jin Street,2347.076975,100174,100070,405,174,231,90,141
Jin Street,Yingkou Road,2347.076975,100070,100174,400,201,199,68,131
Chenglin Road,Shunchi Bridge,2342.715956,100014,100120,69,20,49,22,27
Shunchi Bridge,Chenglin Road,2342.715956,100120,100014,65,15,50,25,25
Zhaoyuan Road,Huanyu Road,2341.674692,100186,100059,29,9,20,12,8
Huanyu Road,Zhaoyuan Road,2341.674692,100059,100186,24,1,23,14,9
Shuanggang,Jingli Road,2341.435908,100118,100073,797,260,537,193,344
Jingli Road,Shuanggang,2341.435908,100073,100118,721,261,460,212,248
Zhigu,Southwest Tower,2340.502657,100188,100125,1224,168,1056,724,332
Southwest Tower,Zhigu,2340.502657,100125,100188,1190,192,998,602,396
Fuxing Road,Honghu Li,2337.078899,100042,100055,109,33,76,39,37
Honghu Li,Fuxing Road,2337.078899,100055,100042,100,27,73,47,26
Dongli Yijing Road,Dongli Liujing Road,2336.291164,100033,100031,57,9,48,32,16
Dongli Liujing Road,Dongli Yijing Road,2336.291164,100031,100033,48,10,38,21,17
JinZhong Street,Nanhe Zhuang,2332.441253,100080,100101,69,21,48,31,17
Nanhe Zhuang,JinZhong Street,2332.441253,100101,100080,66,23,43,25,18
Guangkaisima Road,Yibin Road,2329.114026,100044,100171,229,66,163,87,76
Yibin Road,Guangkaisima Road,2329.114026,100171,100044,207,64,143,82,61
Liuwei Road,Heping Road,2327.245201,100090,100053,1235,445,790,396,394
Heping Road,Liuwei Road,2327.245201,100053,100090,1231,433,798,361,437
Jintang Road,Shiyijing Road,2326.928471,100077,100117,113,28,85,54,31
Shiyijing Road,Jintang Road,2326.928471,100117,100077,109,23,86,44,42
Heping Road,Yuanyang International Centre,2322.85245,100053,100179,1394,553,841,309,532
Yuanyang International Centre,Heping Road,2322.85245,100179,100053,1111,465,646,287,359
Wujiayao,Yingkou Road,2318.82863,100150,100174,4839,1394,3445,1986,1459
Yingkou Road,Wujiayao,2318.82863,100174,100150,4254,1273,2981,1431,1550
Anshan Road,Southwest corner,2304.74086,100002,100124,2358,567,1791,1004,787
Southwest corner,Anshan Road,2304.74086,100124,100002,2224,509,1715,1104,611
Jianshan Road,Southwest Tower,2294.743111,100066,100125,845,10,835,742,93
Southwest Tower,Jianshan Road,2294.743111,100125,100066,659,11,648,584,64
Chenglin Road,Liuwei Road,2294.570181,100014,100090,509,129,380,232,148
Liuwei Road,Chenglin Road,2294.570181,100090,100014,476,116,360,184,176
Nanlou,Southwest Tower,2293.292376,100102,100125,118,24,94,56,38
Southwest Tower,Nanlou,2293.292376,100125,100102,88,19,69,54,15
Xianyang Road,Guangkaisima Road,2289.721599,100153,100044,1919,243,1676,1357,319
Guangkaisima Road,Xianyang Road,2289.721599,100044,100153,1864,257,1607,1149,458
Jianshan Road,Tianjin Hotel,2280.631258,100066,100134,279,38,241,158,83
Tianjin Hotel,Jianshan Road,2280.631258,100134,100066,270,37,233,148,85
Xiawafang,Dongxing Road,2275.406033,100157,100035,297,51,246,174,72
Dongxing Road,Xiawafang,2275.406033,100035,100157,259,38,221,162,59
Jinwan Square,Southeast Corner,2263.350988,100078,100123,275,114,161,71,90
Southeast Corner,Jinwan Square,2263.350988,100123,100078,270,124,146,52,94
Sports Centre,Changling Road,2259.297045,100126,100013,1714,547,1167,502,665
Changling Road,Sports Centre,2259.297045,100013,100126,1627,539,1088,626,462
Xuelian South Road,Longhan Road,2258.484933,100164,100092,25,7,18,6,12
Longhan Road,Xuelian South Road,2258.484933,100092,100164,25,6,19,8,11
Dengzhou South Road,Wanshan Road,2251.925483,100025,100146,5,3,2,1,1
Wanshan Road,Dengzhou South Road,2251.925483,100146,100025,2,1,1,1,0
Chentang Zhuang,Huashan Li,2245.338989,100015,100060,1110,202,908,594,314
Huashan Li,Chentang Zhuang,2245.338989,100060,100015,1088,213,875,594,281
Tumour Hospital,Nancuiping,2240.604399,100141,100100,434,77,357,174,183
Nancuiping,Tumour Hospital,2240.604399,100100,100141,368,75,293,179,114
Zhigu,Dawang Zhuang,2239.539958,100188,100023,1486,176,1310,795,515
Dawang Zhuang,Zhigu,2239.539958,100023,100188,1416,175,1241,776,465
Minquan Gate,North Station,2235.328742,100099,100108,626,120,506,306,200
North Station,Minquan Gate,2235.328742,100108,100099,588,150,438,196,242
Jianguo Road,Jinshi Bridge,2234.921169,100064,100076,232,22,210,174,36
Jinshi Bridge,Jianguo Road,2234.921169,100076,100064,202,16,186,146,40
Ruijing XinYuan,Benxi Road,2234.316742,100114,100008,988,361,627,256,371
Benxi Road,Ruijing XinYuan,2234.316742,100008,100114,958,354,604,320,284
Bei Zhulin,Honghu Li,2233.502623,100004,100055,16,2,14,9,5
Honghu Li,Bei Zhulin,2233.502623,100055,100004,6,1,5,4,1
Fangshan Road,Dengzhou South Road,2232.220657,100038,100025,32,8,24,13,11
Dengzhou South Road,Fangshan Road,2232.220657,100025,100038,23,9,14,7,7
Tianjin Station,Jin Street,2231.151812,100135,100070,815,217,598,305,293
Jin Street,Tianjin Station,2231.151812,100070,100135,674,242,432,224,208
Changling Road,Yutai,2231.009832,100013,100183,262,63,199,90,109
Yutai,Changling Road,2231.009832,100183,100013,212,49,163,80,83
Yibin Road,People's Hospital,2229.70918,100171,100111,482,96,386,238,148
People's Hospital,Yibin Road,2229.70918,100111,100171,456,79,377,194,183
Xiawafang,Cultural centre,2220.665222,100157,100020,1177,441,736,398,338
Cultural centre,Xiawafang,2220.665222,100020,100157,1143,440,703,357,346
West Station,Southwest corner,2219.751518,100149,100124,2786,856,1930,527,1403
Southwest corner,West Station,2219.751518,100124,100149,2133,771,1362,727,635
Tianjin Station,Shiyijing Road,2217.274673,100135,100117,3249,921,2328,1046,1282
Shiyijing Road,Tianjin Station,2217.274673,100117,100135,2680,712,1968,1025,943
Wandong Road,Chenglin Road,2215.383414,100144,100014,413,94,319,203,116
Chenglin Road,Wandong Road,2215.383414,100014,100144,410,80,330,175,155
Xinkai River,Jinshi Bridge,2213.58844,100160,100076,164,45,119,69,50
Jinshi Bridge,Xinkai River,2213.58844,100076,100160,126,27,99,44,55
Nanlou,Xiaobailou,2212.627354,100102,100154,2880,788,2092,1202,890
Xiaobailou,Nanlou,2212.627354,100154,100102,2728,737,1991,1135,856
Youyi South Road,Chunhai Road,2212.241113,100178,100017,154,24,130,71,59
Chunhai Road,Youyi South Road,2212.241113,100017,100178,151,39,112,78,34
Taida,Civic Square,2204.234635,100129,100018,897,127,770,584,186
Civic Square,Taida,2204.234635,100018,100129,762,124,638,452,186
Dawang Zhuang,Jianguo Road,2203.880878,100023,100064,220,60,160,76,84
Jianguo Road,Dawang Zhuang,2203.880878,100064,100023,200,54,146,83,63
Zhicheng Road,Tianshili,2199.948948,100187,100136,57,8,49,36,13
Tianshili,Zhicheng Road,2199.948948,100136,100187,42,4,38,25,13
Tiedong Road,Yixingbu,2193.307715,100139,100175,985,274,711,395,316
Yixingbu,Tiedong Road,2193.307715,100175,100139,873,266,607,361,246
Guoshan Road,Airport Economic Zone,2193.107765,100047,100001,261,26,235,193,42
Airport Economic Zone,Guoshan Road,2193.107765,100001,100047,222,30,192,133,59
Xianyang Road,People's Hospital,2190.578097,100153,100111,185,34,151,97,54
People's Hospital,Xianyang Road,2190.578097,100111,100153,133,28,105,60,45
Yihao Bridge,Zhanggui Zhuang,2189.47506,100172,100184,483,111,372,182,190
Zhanggui Zhuang,Yihao Bridge,2189.47506,100184,100172,457,113,344,222,122
Jianchang Road,Zhangxing Zhuang,2188.9526,100063,100185,115,32,83,54,29
Zhangxing Zhuang,Jianchang Road,2188.9526,100185,100063,83,26,57,41,16
Yixingbu,Yixingbu North,2179.723147,100175,100176,537,145,392,237,155
Yixingbu North,Yixingbu,2179.723147,100176,100175,449,142,307,159,148
Lilou,Shuanglin,2179.533987,100086,100119,176,48,128,52,76
Shuanglin,Lilou,2179.533987,100119,100086,147,39,108,40,68
Zhigu,Nanlou,2179.365039,100188,100102,328,43,285,195,90
Nanlou,Zhigu,2179.365039,100102,100188,327,44,283,183,100
Yingfeng Road,Water Park Road East,2177.359579,100173,100147,899,261,638,385,253
Water Park Road East,Yingfeng Road,2177.359579,100147,100173,823,218,605,244,361
University town,Huayuan,2176.528254,100143,100061,5931,1363,4568,3067,1501
Huayuan,University town,2176.528254,100061,100143,5871,1406,4465,2301,2164
South Station,Xuefu Industrial Area,2170.859155,100122,100163,1203,206,997,753,244
Xuefu Industrial Area,South Station,2170.859155,100163,100122,1136,146,990,716,274
Shunchi Bridge,Xingfu Park,2170.163229,100120,100159,75,26,49,27,22
Xingfu Park,Shunchi Bridge,2170.163229,100159,100120,69,13,56,28,28
Heping Road,Xikang Road,2169.390508,100053,100158,3565,1326,2239,906,1333
Xikang Road,Heping Road,2169.390508,100158,100053,2918,974,1944,1062,882
Lijiang Road,Chinese Medicine First Affiliated Hospital,2163.518868,100085,100016,179,54,125,64,61
Chinese Medicine First Affiliated Hospital,Lijiang Road,2163.518868,100016,100085,166,40,126,74,52
Yixingbu,Siyuan Road,2150.253946,100175,100121,58,23,35,13,22
Siyuan Road,Yixingbu,2150.253946,100121,100175,45,18,27,12,15
Changhong Park,Fuxing Road,2139.711266,100012,100042,82,20,62,35,27
Fuxing Road,Changhong Park,2139.711266,100042,100012,74,20,54,24,30
Tiedong Road,Zhicheng Road,2139.135502,100139,100187,140,51,89,42,47
Zhicheng Road,Tiedong Road,2139.135502,100187,100139,105,32,73,39,34
Jinwan Square,Dawang Zhuang,2136.574991,100078,100023,177,62,115,47,68
Dawang Zhuang,Jinwan Square,2136.574991,100023,100078,163,61,102,37,65
Jin Street,Southwest corner,2135.064746,100070,100124,270,116,154,87,67
Southwest corner,Jin Street,2135.064746,100124,100070,243,79,164,81,83
Jiangwan Erzhi Road,Nanzhu Bridge,2131.88026,100065,100104,169,43,126,64,62
Nanzhu Bridge,Jiangwan Erzhi Road,2131.88026,100104,100065,159,33,126,73,53
Sports Centre,Water Park Road East,2128.128038,100126,100147,22,12,10,4,6
Water Park Road East,Sports Centre,2128.128038,100147,100126,12,7,5,2,3
Wangdingdi,Zhou and Deng Memorial Museum,2125.979509,100145,100191,230,107,123,45,78
Zhou and Deng Memorial Museum,Wangdingdi,2125.979509,100191,100145,216,102,114,46,68
Jinshi Bridge,Jinwan Square,2125.754356,100076,100078,1257,324,933,604,329
Jinwan Square,Jinshi Bridge,2125.754356,100078,100076,1152,347,805,409,396
Zhicheng Road,Yixingbu North,2125.176883,100187,100176,510,111,399,256,143
Yixingbu North,Zhicheng Road,2125.176883,100176,100187,482,100,382,234,148
Heping Road,Jianguo Road,2114.559978,100053,100064,512,200,312,110,202
Jianguo Road,Heping Road,2114.559978,100064,100053,456,204,252,120,132
Liulin Road,Haihe East Road,2114.275375,100089,100049,7,6,1,0,1
Haihe East Road,Liulin Road,2114.275375,100049,100089,3,3,0,0,0
Jingjiang Road,Yuanyang International Centre,2109.752287,100072,100179,1941,535,1406,891,515
Yuanyang International Centre,Jingjiang Road,2109.752287,100179,100072,1893,525,1368,703,665
Wujiayao,Zhou and Deng Memorial Museum,2105.664832,100150,100191,565,136,429,229,200
Zhou and Deng Memorial Museum,Wujiayao,2105.664832,100191,100150,455,98,357,222,135
North Beichen Tech Park,Danhebei Road,2104.50128,100106,100022,2,1,1,0,1
Danhebei Road,North Beichen Tech Park,2104.50128,100022,100106,1,1,0,0,0
The Financial University,Magangchang,2096.683107,100132,100094,421,102,319,220,99
Magangchang,The Financial University,2096.683107,100094,100132,416,116,300,204,96
Shunchi Bridge,Cuifu New Village,2093.806098,100120,100019,174,34,140,77,63
Cuifu New Village,Shunchi Bridge,2093.806098,100019,100120,157,27,130,86,44
Tiantai Road,North Station,2092.124785,100137,100108,474,93,381,252,129
North Station,Tiantai Road,2092.124785,100108,100137,407,90,317,144,173
Tianjin Station,Shunchi Bridge,2081.361103,100135,100120,1636,558,1078,469,609
Shunchi Bridge,Tianjin Station,2081.361103,100120,100135,1510,428,1082,699,383
Zhou and Deng Memorial Museum,Yingfeng Road,2079.74236,100191,100173,77,25,52,25,27
Yingfeng Road,Zhou and Deng Memorial Museum,2079.74236,100173,100191,75,31,44,20,24
The Financial University,Fuxing Gate,2063.982575,100132,100041,312,87,225,150,75
Fuxing Gate,The Financial University,2063.982575,100041,100132,307,61,246,155,91
Liuyuan,Jiayuan Li,2063.440899,100091,100067,545,128,417,263,154
Jiayuan Li,Liuyuan,2063.440899,100067,100091,493,109,384,246,138
Haihe East Road,Dongjiang Road,2061.113631,100049,100028,57,17,40,23,17
Dongjiang Road,Haihe East Road,2061.113631,100028,100049,41,9,32,11,21
Foreign Languages High School,Bei Zhulin,2058.655524,100040,100004,14,1,13,10,3
Bei Zhulin,Foreign Languages High School,2058.655524,100004,100040,10,2,8,8,0
Jinmao Industrial Area,Huanyu Road,2058.604994,100074,100059,2,1,1,0,1
Huanyu Road,Jinmao Industrial Area,2058.604994,100059,100074,1,0,1,1,0
Huaihe Road,Yixingbu North,2053.140801,100058,100176,462,94,368,273,95
Yixingbu North,Huaihe Road,2053.140801,100176,100058,452,82,370,256,114
Meijiang Road,Jianshan Road,2048.12532,100097,100066,1094,67,1027,750,277
Jianshan Road,Meijiang Road,2048.12532,100066,100097,1020,63,957,708,249
Dongli Yijing Road,Dongli Culture and Sports Centre,2045.067536,100033,100029,217,66,151,76,75
Dongli Culture and Sports Centre,Dongli Yijing Road,2045.067536,100029,100033,200,63,137,63,74
Foreign Languages High School,Zhongshan Road,2042.593295,100040,100190,29,5,24,23,1
Zhongshan Road,Foreign Languages High School,2042.593295,100190,100040,20,1,19,15,4
Tian Tower,Xikang Road,2034.682437,100133,100158,1909,704,1205,578,627
Xikang Road,Tian Tower,2034.682437,100158,100133,1696,596,1100,628,472
Jintang Road,Xiawafang,2032.998987,100077,100157,1180,263,917,620,297
Xiawafang,Jintang Road,2032.998987,100157,100077,1178,246,932,562,370
People's Hospital,Guangkaisima Road,2030.535441,100111,100044,248,39,209,116,93
Guangkaisima Road,People's Hospital,2030.535441,100044,100111,240,27,213,131,82
Lijiang Road,Youyi South Road,2026.376144,100085,100178,417,100,317,151,166
Youyi South Road,Lijiang Road,2026.376144,100178,100085,380,85,295,124,171
Jintang Road,Dongxing Road,2015.810163,100077,100035,58,13,45,19,26
Dongxing Road,Jintang Road,2015.810163,100035,100077,44,12,32,10,22
Heping Road,Anshan Road,2014.618286,100053,100002,822,248,574,207,367
Anshan Road,Heping Road,2014.618286,100002,100053,821,265,556,232,324
Lushui Road,Dongting Road,2011.303167,100093,100034,88,22,66,36,30
Dongting Road,Lushui Road,2011.303167,100034,100093,86,14,72,34,38
Anshan Road,Xikang Road,2007.974002,100002,100158,212,49,163,87,76
Xikang Road,Anshan Road,2007.974002,100158,100002,189,51,138,86,52
Tiedong Road,Zhongshan Road,2006.420912,100139,100190,1856,432,1424,906,518
Zhongshan Road,Tiedong Road,2006.420912,100190,100139,1854,441,1413,754,659
Jiangwan Erzhi Road,Changling Road,1996.615644,100065,100013,674,80,594,465,129
Changling Road,Jiangwan Erzhi Road,1996.615644,100013,100065,558,69,489,362,127
Xinxing Village,University of Civil Aviation,1992.973231,100162,100142,70,14,56,21,35
University of Civil Aviation,Xinxing Village,1992.973231,100142,100162,65,15,50,12,38
Dongli Development Zone,Xinli,1983.728783,100030,100161,573,119,454,299,155
Xinli,Dongli Development Zone,1983.728783,100161,100030,557,102,455,348,107
Chinese Medicine First Affiliated Hospital,Yaohuan Road,1976.068089,100016,100170,328,100,228,108,120
Yaohuan Road,Chinese Medicine First Affiliated Hospital,1976.068089,100170,100016,296,84,212,89,123
Fuxing Road,Northwest Corner,1965.137068,100042,100109,188,79,109,39,70
Northwest Corner,Fuxing Road,1965.137068,100109,100042,187,69,118,35,83
Wangdingdi,Yizhongxin Hospital,1961.241354,100145,100177,51,10,41,24,17
Yizhongxin Hospital,Wangdingdi,1961.241354,100177,100145,46,5,41,35,6
Meijiang Park,Meijiang Road,1956.807138,100096,100097,337,24,313,239,74
Meijiang Road,Meijiang Park,1956.807138,100097,100096,290,33,257,160,97
Xingfu Park,JinZhong River Street,1955.963972,100159,100079,663,152,511,288,223
JinZhong River Street,Xingfu Park,1955.963972,100079,100159,629,128,501,308,193
Tucheng,Xiawafang,1954.674995,100140,100157,2496,450,2046,1443,603
Xiawafang,Tucheng,1954.674995,100157,100140,2429,409,2020,1311,709
Changhong Park,Southwest corner,1953.077585,100012,100124,1305,374,931,510,421
Southwest corner,Changhong Park,1953.077585,100124,100012,1245,427,818,412,406
Yudongcheng,Cuifu New Village,1950.529262,100180,100019,653,112,541,349,192
Cuifu New Village,Yudongcheng,1950.529262,100019,100180,583,110,473,301,172
Xinkai River,Tiedong Road,1950.141585,100160,100139,258,108,150,47,103
Tiedong Road,Xinkai River,1950.141585,100139,100160,225,87,138,71,67
West Station,Tiantai Road,1939.598013,100149,100137,1878,530,1348,387,961
Tiantai Road,West Station,1939.598013,100137,100149,1419,452,967,573,394
Minquan Gate,Jianchang Road,1936.72896,100099,100063,101,30,71,38,33
Jianchang Road,Minquan Gate,1936.72896,100063,100099,76,22,54,29,25
Magangchang,Nanzhu Bridge,1927.840837,100094,100104,567,49,518,432,86
Nanzhu Bridge,Magangchang,1927.840837,100104,100094,520,46,474,423,51
Southwest Tower,Tianjin Hotel,1926.174484,100125,100134,578,105,473,320,153
Tianjin Hotel,Southwest Tower,1926.174484,100134,100125,524,80,444,304,140
Jiefang South Road,Meijiang Park,1917.545206,100068,100096,341,118,223,79,144
Meijiang Park,Jiefang South Road,1917.545206,100096,100068,290,102,188,96,92
Guangkaisima Road,Northwest Corner,1909.419807,100044,100109,572,197,375,213,162
Northwest Corner,Guangkaisima Road,1909.419807,100109,100044,543,152,391,215,176
Jianchang Road,Yueya River,1905.976379,100063,100182,478,72,406,301,105
Yueya River,Jianchang Road,1905.976379,100182,100063,453,76,377,249,128
Tiantuo,Yibin Road,1905.702348,100138,100171,367,63,304,174,130
Yibin Road,Tiantuo,1905.702348,100171,100138,346,55,291,198,93
Dongxing Road,Zhongshan Gate,1900.984298,100035,100189,509,99,410,295,115
Zhongshan Gate,Dongxing Road,1900.984298,100189,100035,448,85,363,240,123
Yingfeng Road,Yizhongxin Hospital,1898.691968,100173,100177,381,48,333,213,120
Yizhongxin Hospital,Yingfeng Road,1898.691968,100177,100173,289,39,250,131,119
Zhongshan Road,Beining Park,1897.666316,100190,100006,219,35,184,67,117
Beining Park,Zhongshan Road,1897.666316,100006,100190,204,41,163,85,78
Haihe East Road,Longhan Road,1896.455154,100049,100092,14,2,12,8,4
Longhan Road,Haihe East Road,1896.455154,100092,100049,9,0,9,6,3
Lijiang Road,Yaohuan Road,1891.072009,100085,100170,345,68,277,127,150
Yaohuan Road,Lijiang Road,1891.072009,100170,100085,308,84,224,122,102
West Station,People's Hospital,1881.832121,100149,100111,1792,466,1326,352,974
People's Hospital,West Station,1881.832121,100111,100149,1280,342,938,462,476
Shaliu South Road,Wandong Road,1873.146662,100116,100144,178,50,128,88,40
Wandong Road,Shaliu South Road,1873.146662,100144,100116,148,30,118,82,36
Xiaodian,Fengchan River,1868.897363,100155,100039,41,11,30,16,14
Fengchan River,Xiaodian,1868.897363,100039,100155,18,4,14,12,2
Bei Zhulin,Northwest Corner,1861.560792,100004,100109,44,18,26,12,14
Northwest Corner,Bei Zhulin,1861.560792,100109,100004,43,16,27,8,19
Jinwan Square,Jin Street,1857.802755,100078,100070,52,26,26,13,13
Jin Street,Jinwan Square,1857.802755,100070,100078,51,19,32,11,21
Guorui Road,Donggu Road,1857.370517,100046,100026,29,7,22,14,8
Donggu Road,Guorui Road,1857.370517,100026,100046,20,5,15,9,6
Jiefang South Road,Meilin Road,1852.58798,100068,100098,1864,666,1198,468,730
Meilin Road,Jiefang South Road,1852.58798,100098,100068,1660,593,1067,617,450
Tiantuo,Hongqi South Road,1829.913274,100138,100057,667,144,523,302,221
Hongqi South Road,Tiantuo,1829.913274,100057,100138,664,142,522,356,166
Haihe East Road,Xuelian South Road,1828.200459,100049,100164,21,7,14,8,6
Xuelian South Road,Haihe East Road,1828.200459,100164,100049,10,4,6,2,4
Shuanggang,Lushui Road,1826.862896,100118,100093,889,283,606,259,347
Lushui Road,Shuanggang,1826.862896,100093,100118,871,249,622,331,291
Siyuan Road,JinZhong River Street,1826.561074,100121,100079,156,27,129,99,30
JinZhong River Street,Siyuan Road,1826.561074,100079,100121,144,21,123,89,34
Erwei Road,Northwest Corner,1821.20873,100036,100109,1735,399,1336,871,465
Northwest Corner,Erwei Road,1821.20873,100109,100036,1395,324,1071,682,389
Northwest Corner,Gulou,1820.892519,100109,100045,1766,869,897,320,577
Gulou,Northwest Corner,1820.892519,100045,100109,1398,633,765,285,480
Yudongcheng,Xiangshan Road,1817.164844,100180,100151,531,110,421,273,148
Xiangshan Road,Yudongcheng,1817.164844,100151,100180,508,116,392,234,158
Haiguang Temple,Yingkou Road,1792.320143,100048,100174,5738,1940,3798,1891,1907
Yingkou Road,Haiguang Temple,1792.320143,100174,100048,4811,1688,3123,1481,1642
Huayuan,Hongqi South Road,1790.888576,100061,100057,1854,368,1486,785,701
Hongqi South Road,Huayuan,1790.888576,100057,100061,1756,365,1391,911,480
Haihe Education Zone,Jinnan Campus of Nankai University,1788.552113,100050,100075,88,19,69,42,27
Jinnan Campus of Nankai University,Haihe Education Zone,1788.552113,100075,100050,77,8,69,6,63
Yuanyang International Centre,Jianguo Road,1783.262869,100179,100064,928,386,542,209,333
Jianguo Road,Yuanyang International Centre,1783.262869,100064,100179,731,274,457,217,240
Leyuan Road,Southwest Tower,1783.185573,100083,100125,35,14,21,7,14
Southwest Tower,Leyuan Road,1783.185573,100125,100083,22,8,14,9,5
Xinkai River,Beining Park,1770.152711,100160,100006,413,114,299,121,178
Beining Park,Xinkai River,1770.152711,100006,100160,412,94,318,182,136
Leyuan Road,Tianjin Hotel,1769.07372,100083,100134,498,170,328,122,206
Tianjin Hotel,Leyuan Road,1769.07372,100134,100083,497,161,336,179,157
Taihu Road,Civic Square,1768.841083,100130,100018,1261,142,1119,829,290
Civic Square,Taihu Road,1768.841083,100018,100130,1178,148,1030,762,268
Beining Park,JinZhong River Street,1766.347505,100006,100079,581,85,496,344,152
JinZhong River Street,Beining Park,1766.347505,100079,100006,536,76,460,327,133
Xuzhou Road,Heping Road,1763.078197,100167,100053,1316,405,911,418,493
Heping Road,Xuzhou Road,1763.078197,100053,100167,1231,391,840,391,449
Zuojiang Road,Meijiang Exhibition Centre,1755.80306,100192,100095,552,182,370,202,168
Meijiang Exhibition Centre,Zuojiang Road,1755.80306,100095,100192,499,193,306,176,130
Fangshan Road,Longhan Road,1750.689236,100038,100092,218,60,158,109,49
Longhan Road,Fangshan Road,1750.689236,100092,100038,207,43,164,93,71
Xuefu Industrial Area,High-Tech Zone,1735.399679,100163,100054,79,12,67,49,18
High-Tech Zone,Xuefu Industrial Area,1735.399679,100054,100163,74,5,69,49,20
Haiguang Temple,Southwest corner,1731.886315,100048,100124,1602,529,1073,556,517
Southwest corner,Haiguang Temple,1731.886315,100124,100048,1469,458,1011,580,431
North Station,Jinshi Bridge,1729.193692,100108,100076,673,124,549,350,199
Jinshi Bridge,North Station,1729.193692,100076,100108,617,93,524,355,169
Yuanyang International Centre,Jinwan Square,1716.586953,100179,100078,479,193,286,118,168
Jinwan Square,Yuanyang International Centre,1716.586953,100078,100179,447,181,266,104,162
Jianguo Road,Gulou,1715.282104,100064,100045,1184,516,668,329,339
Gulou,Jianguo Road,1715.282104,100045,100064,1178,520,658,252,406
Erwei Road,Guangkaisima Road,1704.461352,100036,100044,332,86,246,187,59
Guangkaisima Road,Erwei Road,1704.461352,100044,100036,250,60,190,134,56
Yingkou Road,Jinwan Square,1703.13167,100174,100078,4503,2224,2279,904,1375
Jinwan Square,Yingkou Road,1703.13167,100078,100174,3777,1778,1999,804,1195
Xunhai Road,Dongli Sanjing Road,1697.533769,100166,100032,139,24,115,106,9
Dongli Sanjing Road,Xunhai Road,1697.533769,100032,100166,130,19,111,81,30
Zhongshan Gate,Yihao Bridge,1695.025682,100189,100172,996,273,723,440,283
Yihao Bridge,Zhongshan Gate,1695.025682,100172,100189,859,219,640,328,312
Tianjin Station,Southeast Corner,1693.081841,100135,100123,4565,1647,2918,1271,1647
Southeast Corner,Tianjin Station,1693.081841,100123,100135,3882,1497,2385,1267,1118
Guangkaisima Road,Gulou,1688.037482,100044,100045,1627,713,914,449,465
Gulou,Guangkaisima Road,1688.037482,100045,100044,1535,656,879,359,520
Nancuiping,Hongqi South Road,1683.329017,100100,100057,404,129,275,172,103
Hongqi South Road,Nancuiping,1683.329017,100057,100100,379,98,281,162,119
Chinese Medicine First Affiliated Hospital,Liqi Zhuang South,1678.44488,100016,100088,155,29,126,57,69
Liqi Zhuang South,Chinese Medicine First Affiliated Hospital,1678.44488,100088,100016,149,29,120,73,47
Huanyu Road,Xueyuan North Road,1676.412977,100059,100165,30,4,26,22,4
Xueyuan North Road,Huanyu Road,1676.412977,100165,100059,27,7,20,9,11
Changling Road,Lingbin Road,1668.135528,100013,100087,597,133,464,332,132
Lingbin Road,Changling Road,1668.135528,100087,100013,590,121,469,284,185
Xinkai River,Tiantai Road,1662.265228,100160,100137,372,125,247,101,146
Tiantai Road,Xinkai River,1662.265228,100137,100160,313,107,206,113,93
Minquan Gate,Yueya River,1654.554672,100099,100182,456,156,300,143,157
Yueya River,Minquan Gate,1654.554672,100182,100099,382,134,248,139,109
Heping Road,Southeast Corner,1654.017678,100053,100123,2100,949,1151,516,635
Southeast Corner,Heping Road,1654.017678,100123,100053,2037,975,1062,510,552
Hehui South Road,Jinnan Campus of Nankai University,1652.545705,100052,100075,1153,232,921,318,603
Jinnan Campus of Nankai University,Hehui South Road,1652.545705,100075,100052,998,192,806,220,586
Huaihe Road,Professional University,1652.100162,100058,100112,280,72,208,107,101
Professional University,Huaihe Road,1652.100162,100112,100058,244,68,176,109,67
Taida,Tanggu,1645.659922,100129,100131,685,149,536,338,198
Tanggu,Taida,1645.659922,100131,100129,616,113,503,300,203
Fangshan Road,Wanshan Road,1628.611853,100038,100146,30,10,20,8,12
Wanshan Road,Fangshan Road,1628.611853,100146,100038,24,6,18,6,12
Tumour Hospital,Lingbin Road,1625.935119,100141,100087,448,85,363,207,156
Lingbin Road,Tumour Hospital,1625.935119,100087,100141,402,71,331,187,144
Shaliu South Road,Jinmao Industrial Area,1619.574093,100116,100074,88,12,76,65,11
Jinmao Industrial Area,Shaliu South Road,1619.574093,100074,100116,67,12,55,45,10
Erwei Road,Gulou,1615.934064,100036,100045,479,141,338,167,171
Gulou,Erwei Road,1615.934064,100045,100036,267,108,159,62,97
West Station,Honghu Li,1599.421254,100149,100055,2790,1111,1679,537,1142
Honghu Li,West Station,1599.421254,100055,100149,1970,810,1160,615,545
Shaliu South Road,Xiangshan Road,1599.342561,100116,100151,102,23,79,50,29
Xiangshan Road,Shaliu South Road,1599.342561,100151,100116,77,16,61,38,23
Xiaobailou,Yingkou Road,1598.22049,100154,100174,9509,3715,5794,2526,3268
Yingkou Road,Xiaobailou,1598.22049,100174,100154,7767,2938,4829,1991,2838
Southeast Corner,Southwest corner,1596.994775,100123,100124,1290,528,762,364,398
Southwest corner,Southeast Corner,1596.994775,100124,100123,1190,524,666,282,384
Laoshan Road,Wanshan Road,1585.886207,100082,100146,118,19,99,44,55
Wanshan Road,Laoshan Road,1585.886207,100146,100082,86,16,70,42,28
Cao Zhuang,Bianxing,1584.405723,100011,100009,2298,758,1540,585,955
Bianxing,Cao Zhuang,1584.405723,100009,100011,2227,786,1441,748,693
Chenglin Road,Jintang Road,1576.678288,100014,100077,297,78,219,100,119
Jintang Road,Chenglin Road,1576.678288,100077,100014,290,87,203,89,114
Jianchang Road,Zhicheng Road,1576.287048,100063,100187,255,42,213,140,73
Zhicheng Road,Jianchang Road,1576.287048,100187,100063,250,42,208,161,47
Danhebei Road,Beichen Road,1566.21727,100022,100005,12,4,8,3,5
Beichen Road,Danhebei Road,1566.21727,100005,100022,7,4,3,2,1
Erwei Road,Anshan Road,1551.11343,100036,100002,916,227,689,436,253
Anshan Road,Erwei Road,1551.11343,100002,100036,877,215,662,375,287
Second hospital of the Medical University,Cultural centre,1550.31727,100115,100020,490,116,374,255,119
Cultural centre,Second hospital of the Medical University,1550.31727,100020,100115,439,111,328,197,131
Tianshili,Zhangxing Zhuang,1549.376052,100136,100185,31,13,18,9,9
Zhangxing Zhuang,Tianshili,1549.376052,100185,100136,19,5,14,10,4
Tucheng,Chentang Zhuang,1538.243546,100140,100015,681,110,571,370,201
Chentang Zhuang,Tucheng,1538.243546,100015,100140,675,114,561,404,157
Dongli Liujing Road,Dongli Sanjing Road,1537.602,100031,100032,35,7,28,23,5
Dongli Sanjing Road,Dongli Liujing Road,1537.602,100032,100031,21,3,18,15,3
Yingfeng Road,Wangdingdi,1530.338872,100173,100145,25,4,21,10,11
Wangdingdi,Yingfeng Road,1530.338872,100145,100173,17,4,13,3,10
Shuanglin,The Financial University,1516.060025,100119,100132,750,205,545,314,231
The Financial University,Shuanglin,1516.060025,100132,100119,648,201,447,196,251
Jinwan Square,Jianguo Road,1508.294481,100078,100064,200,95,105,32,73
Jianguo Road,Jinwan Square,1508.294481,100064,100078,174,72,102,32,70
Zhangxing Zhuang,Tiedong Road,1488.562606,100185,100139,115,35,80,52,28
Tiedong Road,Zhangxing Zhuang,1488.562606,100139,100185,96,31,65,22,43
Weishan Road,The Financial University,1487.781417,100148,100132,185,51,134,87,47
The Financial University,Weishan Road,1487.781417,100132,100148,148,38,110,76,34
Hongni River East,Gaozhuangzi,1485.444854,100056,100043,19,7,12,5,7
Gaozhuangzi,Hongni River East,1485.444854,100043,100056,12,2,10,5,5
Zhangxing Zhuang,Yixingbu North,1474.767349,100185,100176,97,40,57,20,37
Yixingbu North,Zhangxing Zhuang,1474.767349,100176,100185,83,21,62,31,31
Jianguo Road,Jin Street,1474.21077,100064,100070,137,51,86,66,20
Jin Street,Jianguo Road,1474.21077,100070,100064,104,36,68,29,39
North Station,Foreign Languages High School,1471.540998,100108,100040,37,13,24,13,11
Foreign Languages High School,North Station,1471.540998,100040,100108,32,2,30,20,10
Anshan West Road,Yizhongxin Hospital,1470.28002,100003,100177,227,50,177,73,104
Yizhongxin Hospital,Anshan West Road,1470.28002,100177,100003,218,56,162,80,82
Tiedong Road,North Station,1465.746836,100139,100108,1255,233,1022,640,382
North Station,Tiedong Road,1465.746836,100108,100139,1221,247,974,501,473
Meijiang Exhibition Centre,Jiefang South Road,1464.4878,100095,100068,633,270,363,198,165
Jiefang South Road,Meijiang Exhibition Centre,1464.4878,100068,100095,577,239,338,142,196
Qinjian Road,Benxi Road,1458.064844,100113,100008,346,65,281,142,139
Benxi Road,Qinjian Road,1458.064844,100008,100113,318,73,245,155,90
Jieyuan West Road,Xianyang Road,1456.155499,100069,100153,605,47,558,471,87
Xianyang Road,Jieyuan West Road,1456.155499,100153,100069,575,54,521,384,137
Tianjin Station,Jinshi Bridge,1447.120985,100135,100076,2428,782,1646,619,1027
Jinshi Bridge,Tianjin Station,1447.120985,100076,100135,1902,608,1294,751,543
Siyuan Road,Zhangxing Zhuang,1445.298148,100121,100185,21,8,13,5,8
Zhangxing Zhuang,Siyuan Road,1445.298148,100185,100121,10,4,6,3,3
Chunhai Road,Weishan Road,1443.288191,100017,100148,93,35,58,34,24
Weishan Road,Chunhai Road,1443.288191,100148,100017,86,33,53,35,18
Zhigu,Shiyijing Road,1436.657852,100188,100117,724,89,635,400,235
Shiyijing Road,Zhigu,1436.657852,100117,100188,669,88,581,373,208
Yudongcheng,Dengzhou Road,1432.647969,100180,100024,345,69,276,198,78
Dengzhou Road,Yudongcheng,1432.647969,100024,100180,237,59,178,122,56
Shaliu South Road,Dengzhou South Road,1427.09609,100116,100025,145,45,100,50,50
Dengzhou South Road,Shaliu South Road,1427.09609,100025,100116,139,37,102,63,39
Tianjin Station,Dawang Zhuang,1416.080694,100135,100023,2703,852,1851,813,1038
Dawang Zhuang,Tianjin Station,1416.080694,100023,100135,1811,566,1245,584,661
Yaohuan Road,Yutai,1411.009232,100170,100183,259,84,175,73,102
Yutai,Yaohuan Road,1411.009232,100183,100170,230,80,150,79,71
Chenglin Road,Jingjiang Road,1409.95492,100014,100072,418,79,339,202,137
Jingjiang Road,Chenglin Road,1409.95492,100072,100014,378,81,297,190,107
Tianjin Hotel,Tumour Hospital,1408.911974,100134,100141,278,45,233,145,88
Tumour Hospital,Tianjin Hotel,1408.911974,100141,100134,270,40,230,119,111
Yangwu Zhuang,South Station,1406.366927,100169,100122,1189,381,808,491,317
South Station,Yangwu Zhuang,1406.366927,100122,100169,1138,364,774,350,424
Wujiayao,Xikang Road,1390.304131,100150,100158,792,147,645,446,199
Xikang Road,Wujiayao,1390.304131,100158,100150,658,151,507,311,196
Second hospital of the Medical University,Meijiang Road,1380.306048,100115,100097,534,59,475,313,162
Meijiang Road,Second hospital of the Medical University,1380.306048,100097,100115,464,67,397,283,114
Fengchan River,North China Group,1379.09259,100039,100107,23,6,17,11,6
North China Group,Fengchan River,1379.09259,100107,100039,13,5,8,3,5
JinZhong Street,Xuzhuangzi,1369.641952,100080,100168,172,47,125,73,52
Xuzhuangzi,JinZhong Street,1369.641952,100168,100080,163,43,120,61,59
Dongli Culture and Sports Centre,Zhaoyuan Road,1368.882218,100029,100186,373,109,264,118,146
Zhaoyuan Road,Dongli Culture and Sports Centre,1368.882218,100186,100029,332,95,237,135,102
Yixingbu,Zhicheng Road,1355.528693,100175,100187,228,76,152,69,83
Zhicheng Road,Yixingbu,1355.528693,100187,100175,227,69,158,83,75
University of Civil Aviation,Hangshuang Road,1351.279682,100142,100051,271,92,179,115,64
Hangshuang Road,University of Civil Aviation,1351.279682,100051,100142,232,73,159,93,66
Liulin Road,Huanyu Road,1348.579569,100089,100059,25,10,15,8,7
Huanyu Road,Liulin Road,1348.579569,100059,100089,21,9,12,6,6
Yuejin North Road,Hangshuang Road,1345.161155,100181,100051,243,45,198,152,46
Hangshuang Road,Yuejin North Road,1345.161155,100051,100181,208,34,174,113,61
Fuxing Road,Bei Zhulin,1340.110667,100042,100004,17,11,6,3,3
Bei Zhulin,Fuxing Road,1340.110667,100004,100042,11,5,6,0,6
Hongqi South Road,Zhou and Deng Memorial Museum,1338.698334,100057,100191,506,240,266,136,130
Zhou and Deng Memorial Museum,Hongqi South Road,1338.698334,100191,100057,475,185,290,134,156
Shuanggang,Jinghe Road,1336.176129,100118,100071,610,173,437,184,253
Jinghe Road,Shuanggang,1336.176129,100071,100118,512,159,353,168,185
Jin Street,Gulou,1335.309311,100070,100045,547,253,294,115,179
Gulou,Jin Street,1335.309311,100045,100070,436,201,235,84,151
Exhibition Centre,Taihu Road,1328.8081,100037,100130,1522,472,1050,371,679
Taihu Road,Exhibition Centre,1328.8081,100130,100037,1496,515,981,525,456
Heping Road,Tianjin Station,1326.759794,100053,100135,8598,3999,4599,1722,2877
Tianjin Station,Heping Road,1326.759794,100135,100053,7988,3265,4723,1824,2899
North Station,Beining Park,1326.614019,100108,100006,265,50,215,117,98
Beining Park,North Station,1326.614019,100006,100108,190,37,153,89,64
Cultural centre,Jianshan Road,1324.599942,100020,100066,911,61,850,735,115
Jianshan Road,Cultural centre,1324.599942,100066,100020,877,83,794,628,166
The Financial University,Huashan Li,1321.460313,100132,100060,167,59,108,48,60
Huashan Li,The Financial University,1321.460313,100060,100132,139,39,100,47,53
Bei Zhulin,Tiantai Road,1309.971734,100004,100137,18,5,13,7,6
Tiantai Road,Bei Zhulin,1309.971734,100137,100004,11,5,6,4,2
Number Two Bridge,Zhanggui Zhuang,1309.525731,100110,100184,197,72,125,75,50
Zhanggui Zhuang,Number Two Bridge,1309.525731,100184,100110,183,76,107,55,52
Chenglin Road,Taichang Road,1288.715493,100014,100128,935,337,598,270,328
Taichang Road,Chenglin Road,1288.715493,100128,100014,845,310,535,192,343
Professional University,Beichen Road,1284.11368,100112,100005,356,102,254,86,168
Beichen Road,Professional University,1284.11368,100005,100112,293,88,205,84,121
Fuxing Road,People's Hospital,1275.178774,100042,100111,60,25,35,13,22
People's Hospital,Fuxing Road,1275.178774,100111,100042,45,9,36,22,14
Zhou and Deng Memorial Museum,Tian Tower,1273.171121,100191,100133,640,297,343,143,200
Tian Tower,Zhou and Deng Memorial Museum,1273.171121,100133,100191,528,216,312,109,203
Donghai Road,Exhibition Centre,1268.983435,100027,100037,440,149,291,168,123
Exhibition Centre,Donghai Road,1268.983435,100037,100027,257,96,161,59,102
Yibin Road,Changhong Park,1264.224016,100171,100012,235,63,172,87,85
Changhong Park,Yibin Road,1264.224016,100012,100171,233,55,178,100,78
Xiawafang,Southwest Tower,1263.793826,100157,100125,1448,292,1156,784,372
Southwest Tower,Xiawafang,1263.793826,100125,100157,1441,270,1171,843,328
Dengzhou Road,Guoshan Road,1259.711106,100024,100047,19,2,17,11,6
Guoshan Road,Dengzhou Road,1259.711106,100047,100024,6,3,3,2,1
Nancuiping,Water Park Road East,1256.815626,100100,100147,266,116,150,79,71
Water Park Road East,Nancuiping,1256.815626,100147,100100,229,85,144,73,71
Second hospital of the Medical University,Leyuan Road,1249.962989,100115,100083,1183,380,803,496,307
Leyuan Road,Second hospital of the Medical University,1249.962989,100083,100115,1063,353,710,290,420
Jin Street,Heping Road,1248.469444,100070,100053,1267,568,699,322,377
Heping Road,Jin Street,1248.469444,100053,100070,1001,356,645,283,362
Beiyangyuan Campus of Tianjin University,Haihe Education Zone,1246.354626,100007,100050,25,7,18,7,11
Haihe Education Zone,Beiyangyuan Campus of Tianjin University,1246.354626,100050,100007,23,8,15,5,10
Xiaobailou,Xiawafang,1241.313108,100154,100157,2153,744,1409,642,767
Xiawafang,Xiaobailou,1241.313108,100157,100154,2024,706,1318,634,684
Jingjiang Road,Xingfu Park,1237.402192,100072,100159,407,120,287,143,144
Xingfu Park,Jingjiang Road,1237.402192,100159,100072,376,100,276,151,125
Huashan Li,Fuxing Gate,1233.952616,100060,100041,401,103,298,180,118
Fuxing Gate,Huashan Li,1233.952616,100041,100060,320,87,233,147,86
Lushui Road,Meilin Road,1233.266641,100093,100098,314,45,269,182,87
Meilin Road,Lushui Road,1233.266641,100098,100093,291,45,246,140,106
Fuxing Gate,Chentang Zhuang,1228.396789,100041,100015,259,55,204,143,61
Chentang Zhuang,Fuxing Gate,1228.396789,100015,100041,235,54,181,122,59
West Station,Northwest Corner,1227.479423,100149,100109,6078,2679,3399,972,2427
Northwest Corner,West Station,1227.479423,100109,100149,4023,1848,2175,941,1234
Xianyang Road,Changhong Park,1224.932666,100153,100012,693,160,533,332,201
Changhong Park,Xianyang Road,1224.932666,100012,100153,635,154,481,328,153
Xuelian South Road,Zhaoyuan Road,1218.08238,100164,100186,27,3,24,10,14
Zhaoyuan Road,Xuelian South Road,1218.08238,100186,100164,26,1,25,15,10
Jiayuan Li,Benxi Road,1216.392694,100067,100008,343,105,238,124,114
Benxi Road,Jiayuan Li,1216.392694,100008,100067,295,97,198,130,68
Zhongshan Road,Jinshi Bridge,1208.977873,100190,100076,711,140,571,338,233
Jinshi Bridge,Zhongshan Road,1208.977873,100076,100190,625,132,493,324,169
Meijiang Road,Zuojiang Road,1200.400427,100097,100192,556,40,516,316,200
Zuojiang Road,Meijiang Road,1200.400427,100192,100097,518,35,483,346,137
Shunchi Bridge,Yuanyang International Centre,1198.410827,100120,100179,696,260,436,247,189
Yuanyang International Centre,Shunchi Bridge,1198.410827,100179,100120,685,242,443,191,252
Dabi Zhuang,JinZhong Street,1198.070817,100021,100080,167,51,116,65,51
JinZhong Street,Dabi Zhuang,1198.070817,100080,100021,134,28,106,52,54
Yueya River,Xingfu Park,1191.324309,100182,100159,535,109,426,217,209
Xingfu Park,Yueya River,1191.324309,100159,100182,517,118,399,249,150
Dengzhou South Road,Yuejin North Road,1187.895541,100025,100181,131,24,107,39,68
Yuejin North Road,Dengzhou South Road,1187.895541,100181,100025,123,30,93,43,50
Liaohe North Road,Huaihe Road,1174.019398,100084,100058,124,33,91,49,42
Huaihe Road,Liaohe North Road,1174.019398,100058,100084,94,24,70,34,36
University town,High-Tech Zone,1172.039834,100143,100054,530,139,391,241,150
High-Tech Zone,University town,1172.039834,100054,100143,522,147,375,253,122
Yizhongxin Hospital,Hongqi South Road,1171.946508,100177,100057,244,71,173,86,87
Hongqi South Road,Yizhongxin Hospital,1171.946508,100057,100177,196,57,139,70,69
Xianshuigu West,Hehui South Road,1168.224703,100152,100052,1352,580,772,239,533
Hehui South Road,Xianshuigu West,1168.224703,100052,100152,1194,530,664,346,318
Jingjiang Road,Cuifu New Village,1162.966195,100072,100019,319,68,251,111,140
Cuifu New Village,Jingjiang Road,1162.966195,100019,100072,275,60,215,120,95
Zhigu,Xiawafang,1149.866489,100188,100157,1069,232,837,534,303
Xiawafang,Zhigu,1149.866489,100157,100188,950,186,764,477,287
Xunhai Road,Dongli Culture and Sports Centre,1146.474071,100166,100029,538,174,364,142,222
Dongli Culture and Sports Centre,Xunhai Road,1146.474071,100029,100166,316,141,175,76,99
Tumour Hospital,Sports Centre,1144.254204,100141,100126,629,127,502,238,264
Sports Centre,Tumour Hospital,1144.254204,100126,100141,599,140,459,212,247
Liulin Road,The Financial University,1137.049554,100089,100132,186,94,92,25,67
The Financial University,Liulin Road,1137.049554,100132,100089,140,64,76,25,51
Dabi Zhuang,Nanhe Zhuang,1134.451971,100021,100101,41,16,25,14,11
Nanhe Zhuang,Dabi Zhuang,1134.451971,100101,100021,36,11,25,7,18
Huanyu Road,Longhan Road,1130.759349,100059,100092,27,7,20,9,11
Longhan Road,Huanyu Road,1130.759349,100092,100059,23,9,14,4,10
Xuelian South Road,Huanyu Road,1127.725584,100164,100059,22,0,22,7,15
Huanyu Road,Xuelian South Road,1127.725584,100059,100164,19,0,19,8,11
Zhigu,Dongxing Road,1125.539544,100188,100035,240,41,199,109,90
Dongxing Road,Zhigu,1125.539544,100035,100188,229,53,176,108,68
Nanzhu Bridge,Youyi South Road,1122.178298,100104,100178,176,42,134,87,47
Youyi South Road,Nanzhu Bridge,1122.178298,100178,100104,155,40,115,55,60
Dongjiang Road,Xueyuan North Road,1115.989024,100028,100165,115,42,73,39,34
Xueyuan North Road,Dongjiang Road,1115.989024,100165,100028,112,41,71,47,24
JinZhong River Street,Jianchang Road,1103.407421,100079,100063,125,20,105,78,27
Jianchang Road,JinZhong River Street,1103.407421,100063,100079,113,11,102,84,18
Changling Road,Chinese Medicine First Affiliated Hospital,1102.496671,100013,100016,668,190,478,225,253
Chinese Medicine First Affiliated Hospital,Changling Road,1102.496671,100016,100013,660,219,441,180,261
Heping Road,Yingkou Road,1098.607531,100053,100174,5874,2651,3223,1293,1930
Yingkou Road,Heping Road,1098.607531,100174,100053,5207,2323,2884,1174,1710
Anshan West Road,Yibin Road,1095.465805,100003,100171,212,36,176,106,70
Yibin Road,Anshan West Road,1095.465805,100171,100003,203,54,149,93,56
Yingkou Road,Xikang Road,1091.963247,100174,100158,4149,1638,2511,926,1585
Xikang Road,Yingkou Road,1091.963247,100158,100174,4133,1589,2544,1325,1219
Chunhai Road,Nanzhu Bridge,1090.822505,100017,100104,66,10,56,40,16
Nanzhu Bridge,Chunhai Road,1090.822505,100104,100017,56,5,51,36,15
Qinjian Road,Honghu Li,1090.292091,100113,100055,475,81,394,164,230
Honghu Li,Qinjian Road,1090.292091,100055,100113,445,78,367,236,131
Jiefang South Road,Dongting Road,1073.940596,100068,100034,196,70,126,32,94
Dongting Road,Jiefang South Road,1073.940596,100034,100068,142,54,88,40,48
Changhong Park,Guangkaisima Road,1064.89001,100012,100044,662,124,538,359,179
Guangkaisima Road,Changhong Park,1064.89001,100044,100012,615,128,487,302,185
Ruijing XinYuan,Jiayuan Li,1062.076471,100114,100067,343,124,219,75,144
Jiayuan Li,Ruijing XinYuan,1062.076471,100067,100114,336,143,193,92,101
Lijiang Road,Changling Road,1061.022197,100085,100013,229,51,178,83,95
Changling Road,Lijiang Road,1061.022197,100013,100085,228,58,170,112,58
Xinkai River,Zhongshan Road,1055.447045,100160,100190,83,19,64,13,51
Zhongshan Road,Xinkai River,1055.447045,100190,100160,75,33,42,15,27
Wangdingdi,Huayuan,1049.967023,100145,100061,952,202,750,486,264
Huayuan,Wangdingdi,1049.967023,100061,100145,914,184,730,384,346
Nancuiping,Yingfeng Road,1048.944543,100100,100173,100,32,68,33,35
Yingfeng Road,Nancuiping,1048.944543,100173,100100,91,20,71,31,40
Nanlou,Tucheng,1045.843241,100102,100140,3704,212,3492,2771,721
Tucheng,Nanlou,1045.843241,100140,100102,3005,199,2806,2270,536
Nanlou,Xiawafang,1029.49855,100102,100157,1304,217,1087,715,372
Xiawafang,Nanlou,1029.49855,100157,100102,1258,198,1060,789,271
Southwest corner,Northwest Corner,1021.136256,100124,100109,1314,549,765,318,447
Northwest Corner,Southwest corner,1021.136256,100109,100124,1198,476,722,275,447
Lijiang Road,Jiangwan Erzhi Road,1019.778924,100085,100065,81,18,63,34,29
Jiangwan Erzhi Road,Lijiang Road,1019.778924,100065,100085,80,27,53,34,19
Youyi South Road,Jiangwan Erzhi Road,1009.787233,100178,100065,302,67,235,128,107
Jiangwan Erzhi Road,Youyi South Road,1009.787233,100065,100178,285,62,223,150,73
Jinghe Road,Jingli Road,1005.296647,100071,100073,334,121,213,113,100
Jingli Road,Jinghe Road,1005.296647,100073,100071,315,109,206,103,103
Liuyuan,Ruijing XinYuan,1001.365015,100091,100114,436,184,252,103,149
Ruijing XinYuan,Liuyuan,1001.365015,100114,100091,380,139,241,91,150
Yudongcheng,Laoshan Road,998.6734158,100180,100082,592,91,501,310,191
Laoshan Road,Yudongcheng,998.6734158,100082,100180,400,75,325,209,116
Tianjin Station,Yuanyang International Centre,996.0926562,100135,100179,2794,1016,1778,646,1132
Yuanyang International Centre,Tianjin Station,996.0926562,100179,100135,2246,936,1310,585,725
Foreign Languages High School,Xinkai River,996.0389339,100040,100160,30,8,22,21,1
Xinkai River,Foreign Languages High School,996.0389339,100160,100040,25,12,13,4,9
Haihe East Road,Xueyuan North Road,986.3635014,100049,100165,30,7,23,18,5
Xueyuan North Road,Haihe East Road,986.3635014,100165,100049,25,3,22,9,13
Tumour Hospital,Water Park Road East,983.8738346,100141,100147,857,208,649,277,372
Water Park Road East,Tumour Hospital,983.8738346,100147,100141,662,160,502,226,276
Taichang Road,Wandong Road,980.4655678,100128,100144,1962,761,1201,441,760
Wandong Road,Taichang Road,980.4655678,100144,100128,1842,761,1081,517,564
Jieyuan West Road,Bianxing,980.035879,100069,100009,1315,395,920,308,612
Bianxing,Jieyuan West Road,980.035879,100009,100069,1094,332,762,357,405
Cultural centre,Southwest Tower,970.1431688,100020,100125,263,80,183,79,104
Southwest Tower,Cultural centre,970.1431688,100125,100020,259,68,191,97,94
Yixingbu,Tianshili,970.0438489,100175,100136,88,30,58,39,19
Tianshili,Yixingbu,970.0438489,100136,100175,72,30,42,30,12
People's Hospital,Changhong Park,965.6454311,100111,100012,207,61,146,53,93
Changhong Park,People's Hospital,965.6454311,100012,100111,183,63,120,53,67
Cultural centre,Tianjin Hotel,956.0313151,100020,100134,370,134,236,56,180
Tianjin Hotel,Cultural centre,956.0313151,100134,100020,326,137,189,87,102
National Exhibition Centre,Guorui Road,943.6343142,100105,100046,5,1,4,4,0
Guorui Road,National Exhibition Centre,943.6343142,100046,100105,4,2,2,2,0
Beining Park,Minquan Gate,936.6100311,100006,100099,297,80,217,89,128
Minquan Gate,Beining Park,936.6100311,100099,100006,287,93,194,69,125
Southeast Corner,Jianguo Road,936.1407992,100123,100064,428,163,265,90,175
Jianguo Road,Southeast Corner,936.1407992,100064,100123,369,154,215,101,114
Jingjiang Road,Shunchi Bridge,932.7610363,100072,100120,195,46,149,83,66
Shunchi Bridge,Jingjiang Road,932.7610363,100120,100072,165,43,122,72,50
Jinmao Industrial Area,Longhan Road,928.1715732,100074,100092,16,2,14,3,11
Longhan Road,Jinmao Industrial Area,928.1715732,100092,100074,9,1,8,4,4
Anshan Road,Yingkou Road,916.0107552,100002,100174,3700,1227,2473,1174,1299
Yingkou Road,Anshan Road,916.0107552,100174,100002,2649,816,1833,789,1044
Haiguang Temple,Erwei Road,915.8703035,100048,100036,339,141,198,114,84
Erwei Road,Haiguang Temple,915.8703035,100036,100048,314,128,186,104,82
Dongli Yijing Road,Xunhai Road,898.8104026,100033,100166,95,43,52,35,17
Xunhai Road,Dongli Yijing Road,898.8104026,100166,100033,94,36,58,31,27
Zhigu,Jintang Road,890.2706187,100188,100077,219,30,189,121,68
Jintang Road,Zhigu,890.2706187,100077,100188,170,28,142,99,43
Meijiang Park,Meijiang Exhibition Centre,889.4382427,100096,100095,75,27,48,29,19
Meijiang Exhibition Centre,Meijiang Park,889.4382427,100095,100096,60,22,38,24,14
Guangkaisima Road,Southwest corner,888.2835507,100044,100124,699,228,471,248,223
Southwest corner,Guangkaisima Road,888.2835507,100124,100044,619,235,384,208,176
Yihao Bridge,Number Two Bridge,886.2523022,100172,100110,165,39,126,57,69
Number Two Bridge,Yihao Bridge,886.2523022,100110,100172,122,32,90,52,38
Liaohe North Road,Yixingbu North,879.2645494,100084,100176,86,30,56,26,30
Yixingbu North,Liaohe North Road,879.2645494,100176,100084,73,24,49,16,33
Anshan Road,Haiguang Temple,876.7488554,100002,100048,848,190,658,405,253
Haiguang Temple,Anshan Road,876.7488554,100048,100002,762,189,573,343,230
Yaohuan Road,Changling Road,873.5714179,100170,100013,320,105,215,93,122
Changling Road,Yaohuan Road,873.5714179,100013,100170,309,102,207,94,113
Yangwu Zhuang,Xuefu Industrial Area,867.3608057,100169,100163,91,11,80,66,14
Xuefu Industrial Area,Yangwu Zhuang,867.3608057,100163,100169,69,10,59,33,26
Zuojiang Road,Meijiang Park,866.3766114,100192,100096,110,40,70,44,26
Meijiang Park,Zuojiang Road,866.3766114,100096,100192,96,27,69,42,27
Wujiayao,Tian Tower,852.3694356,100150,100133,1542,541,1001,440,561
Tian Tower,Wujiayao,852.3694356,100133,100150,1398,585,813,269,544
Magangchang,Chunhai Road,837.060608,100094,100017,54,26,28,11,17
Chunhai Road,Magangchang,837.060608,100017,100094,44,29,15,10,5
Minquan Gate,JinZhong River Street,833.3215386,100099,100079,534,142,392,218,174
JinZhong River Street,Minquan Gate,833.3215386,100079,100099,453,123,330,160,170
Siyuan Road,Zhicheng Road,829.9303456,100121,100187,63,16,47,28,19
Zhicheng Road,Siyuan Road,829.9303456,100187,100121,49,13,36,20,16
Jinmao Industrial Area,Fangshan Road,825.9815323,100074,100038,25,5,20,14,6
Fangshan Road,Jinmao Industrial Area,825.9815323,100038,100074,23,3,20,12,8
Wanshan Road,Shaliu South Road,824.8293932,100146,100116,7,3,4,0,4
Shaliu South Road,Wanshan Road,824.8293932,100116,100146,6,1,5,1,4
Yueya River,JinZhong River Street,821.2331337,100182,100079,450,101,349,180,169
JinZhong River Street,Yueya River,821.2331337,100079,100182,411,102,309,182,127
Xiangshan Road,Laoshan Road,818.5497785,100151,100082,53,18,35,20,15
Laoshan Road,Xiangshan Road,818.5497785,100082,100151,49,16,33,22,11
Erwei Road,Southwest corner,816.1778013,100036,100124,523,133,390,260,130
Southwest corner,Erwei Road,816.1778013,100124,100036,398,135,263,172,91
Cultural centre,Leyuan Road,813.0424046,100020,100083,117,61,56,25,31
Leyuan Road,Cultural centre,813.0424046,100083,100020,97,46,51,25,26
Anshan West Road,Tiantuo,810.2894519,100003,100138,169,36,133,71,62
Tiantuo,Anshan West Road,810.2894519,100138,100003,123,33,90,42,48
Shaliu South Road,Fangshan Road,805.1245672,100116,100038,57,15,42,17,25
Fangshan Road,Shaliu South Road,805.1245672,100038,100116,42,12,30,12,18
Dawang Zhuang,Shiyijing Road,802.9228339,100023,100117,639,173,466,170,296
Shiyijing Road,Dawang Zhuang,802.9228339,100117,100023,612,148,464,207,257
Gulou,Southwest corner,799.7562629,100045,100124,1041,474,567,186,381
Southwest corner,Gulou,799.7562629,100124,100045,866,424,442,162,280
Dongli Yijing Road,Dongli Sanjing Road,798.9584911,100033,100032,25,2,23,13,10
Dongli Sanjing Road,Dongli Yijing Road,798.9584911,100032,100033,19,2,17,16,1
Southeast Corner,Gulou,797.23934,100123,100045,1532,759,773,279,494
Gulou,Southeast Corner,797.23934,100045,100123,1317,633,684,173,511
Wangdingdi,Hongqi South Road,789.2948456,100145,100057,86,24,62,34,28
Hongqi South Road,Wangdingdi,789.2948456,100057,100145,70,21,49,25,24
Tianjin Station,Jianguo Road,787.800184,100135,100064,2344,931,1413,446,967
Jianguo Road,Tianjin Station,787.800184,100064,100135,1369,575,794,381,413
Dongting Road,Meilin Road,782.0598325,100034,100098,74,14,60,31,29
Meilin Road,Dongting Road,782.0598325,100098,100034,60,15,45,17,28
Foreign Languages High School,Tiantai Road,774.8109257,100040,100137,53,2,51,44,7
Tiantai Road,Foreign Languages High School,774.8109257,100137,100040,35,5,30,26,4
Wanshan Road,Xiangshan Road,774.5427459,100146,100151,44,13,31,20,11
Xiangshan Road,Wanshan Road,774.5427459,100151,100146,38,15,23,7,16
Huanyu Road,Haihe East Road,765.6958055,100059,100049,8,6,2,0,2
Haihe East Road,Huanyu Road,765.6958055,100049,100059,6,2,4,2,2
Liuwei Road,Xuzhou Road,753.1830718,100090,100167,659,181,478,263,215
Xuzhou Road,Liuwei Road,753.1830718,100167,100090,647,205,442,178,264
Siyuan Road,Jianchang Road,747.3397305,100121,100063,102,14,88,68,20
Jianchang Road,Siyuan Road,747.3397305,100063,100121,84,11,73,51,22
Sports Centre,Lingbin Road,741.3932476,100126,100087,442,138,304,97,207
Lingbin Road,Sports Centre,741.3932476,100087,100126,440,132,308,155,153
Yingfeng Road,Hongqi South Road,741.044026,100173,100057,112,27,85,52,33
Hongqi South Road,Yingfeng Road,741.044026,100057,100173,86,24,62,28,34
West Station,Fuxing Road,737.6576448,100149,100042,157,66,91,30,61
Fuxing Road,West Station,737.6576448,100042,100149,93,32,61,23,38
Tianjin Station,Jinwan Square,720.4942969,100135,100078,3219,1384,1835,662,1173
Jinwan Square,Tianjin Station,720.4942969,100078,100135,1635,643,992,361,631
Leyuan Road,Jianshan Road,716.8850436,100083,100066,1156,74,1082,946,136
Jianshan Road,Leyuan Road,716.8850436,100066,100083,1059,106,953,675,278
Zhangxing Zhuang,Yixingbu,704.9557978,100185,100175,47,17,30,9,21
Yixingbu,Zhangxing Zhuang,704.9557978,100175,100185,41,12,29,10,19
Second hospital of the Medical University,Jianshan Road,669.7612102,100115,100066,325,12,313,294,19
Jianshan Road,Second hospital of the Medical University,669.7612102,100066,100115,247,10,237,187,50
Yizhongxin Hospital,Tiantuo,659.9973254,100177,100138,81,22,59,28,31
Tiantuo,Yizhongxin Hospital,659.9973254,100138,100177,63,17,46,20,26
Zhicheng Road,Zhangxing Zhuang,650.5728953,100187,100185,61,19,42,19,23
Zhangxing Zhuang,Zhicheng Road,650.5728953,100185,100187,52,17,35,19,16
West Station,Bei Zhulin,634.0813691,100149,100004,171,52,119,31,88
Bei Zhulin,West Station,634.0813691,100004,100149,82,36,46,18,28
Heping Road,Jinwan Square,609.3333104,100053,100078,1833,953,880,239,641
Jinwan Square,Heping Road,609.3333104,100078,100053,1391,745,646,228,418
Magangchang,Weishan Road,608.9112604,100094,100148,34,8,26,14,12
Weishan Road,Magangchang,608.9112604,100148,100094,27,6,21,10,11
Zhongshan Road,North Station,571.0522967,100190,100108,128,30,98,49,49
North Station,Zhongshan Road,571.0522967,100108,100190,114,27,87,37,50
Southeast Corner,Jin Street,538.069971,100123,100070,448,227,221,84,137
Jin Street,Southeast Corner,538.069971,100070,100123,441,212,229,77,152
North Station,Xinkai River,484.3947483,100108,100160,75,35,40,13,27
Xinkai River,North Station,484.3947483,100160,100108,72,25,47,16,31
